0,1,2,3,4,5,6,7,8,9,10,11,12,13,14,15,16,17,18,19,20,21,22,23,24,25,26,27,28,29,30,31,32,33,34,35,36,37,38,39,40,41,42,43,44,45,46,47,48,49,50,51,52,53,54,55,56,57,58,59,60,61,62,63,64,65,66,67,68,69,70,71,72,73,74,75,76,77,78,79,80,81,82,83,84,85,86,87,88,89,90,91,92,93,94,95,96,97,98,99,100,101,102,103,104,105,106,107,108,109,110,111,112,113,114,115,116,117,118,119,120,121,122,123,124,125,126,127,128,129,130,131,132,133,134,135,136,137,138,139,140,141,142,143,144,145,146,147,148,149,150,151,152,153,154,155,156,157,158,159,160,161,162,163,164,165,166,167,168,169,170,171,172,173,174,175,176,177,178,179,180,181,182,183,184,185,186,187,188,189,190,191,192,193,194,195,196,197,198,199,200,201,202,203,204,205,206,207,208,209,210,211,212,213,214,215,216,217,218,219,220,221,222,223,224,225,226,227,228,229,230,231,232,233,234,235,236,237,238,239,240,241,242,243,244,245,246,247,248,249,250,251,252,253,254,255,256,257,258,259,260,261,262,263,264,265,266,267,268,269,270,271,272,273,274,275,276,277,278,279,280,281,282,283,284,285,286,287,288,289,290,291,292,293,294,295,296,297,298,299,300,301,302,303,304,305,306,307,308,309,310,311,312,313,314,315,316,317,318,319,320,321,322,323,324,325,326,327,328,329,330,331,332,333,334,335,336,337,338,339,340,341,342,343,344,345,346,347,348,349,350,351,352,353,354,355,356,357,358,359,360,361,362,363,364,365,366,367,368,369,370,371,372,373,374,375,376,377,378,379,380,381,382,383,384,385,386,387,388,389,390,391,392,393,394,395,396,397,398,399,400,401,402,403,404,405,406,407,408,409,410,411,412,413,414,415,416,417,418,419,420,421,422,423,424,425,426,427,428,429,430,431,432,433,434,435,436,437,438,439,440,441,442,443,444,445,446,447,448,449,450,451,452,453,454,455,456,457,458,459,460,461,462,463,464,465,466,467,468,469,470,471,472,473,474,475,476,477,478,479,480,481,482,483,484,485,486,487,488,489,490,491,492,493,494,495,496,497,498,499,500,501,502,503,504,505,506,507,508,509,510,511,512,513,514,515,516,517,518,519,520,521,522,523,524,525,526,527,528,529,530,531,532,533,534,535,536,537,538,539,540,541,542,543,544,545,546,547,548,549,550,551,552,553,554,555,556,557,558,559,560,561,562,563,564,565,566,567,568,569,570,571,572,573,574,575,576,577,578,579,580,581,582,583,584,585,586,587,588,589,590,591,592,593,594,595,596,597,598,599,600,601,602,603,604,605,606,607,608,609,610,611,612,613,614,615,616,617,618,619,620,621,622,623,624,625,626,627,628,629,630,631,632,633,634,635,636,637,638,639,640,641,642,643,644,645,646,647,648,649,650,651,652,653,654,655,656,657,658,659,660,661,662,663,664,665,666,667,668,669,670,671,672,673,674,675,676,677,678,679,680,681,682,683,684,685,686,687,688,689,690,691,692,693,694,695,696,697,698,699,700,701,702,703,704,705,706,707,708,709,710,711,712,713,714,715,716,717,718,719,720,721,722,723,724,725,726,727,728,729,730,731,732,733,734,735,736,737,738,739,740,741,742,743,744,745,746,747,748,749,750,751,752,753,754,755,756,757,758,759,760,761,762,763,764,765,766,767,768,769,770,771,772,773,774,775,776,777,778,779,780,781,782,783,784,785,786,787,788,789,790,791,792,793,794,795,796,797,798,799,800,801,802,803,804,805,806,807,808,809,810,811,812,813,814,815,816,817,818,819,820,821,822,823,824,825,826,827,828,829,830,831,832,833,834,835,836,837,838,839,840,841,842,843,844,845,846,847,848,849,850,851,852,853,854,855,856,857,858,859,860,861,862,863,864,865,866,867,868,869,870,871,872,873,874,875,876,877,878,879,880,881,882,883,884,885,886,887,888,889,890,891,892,893,894,895,896,897,898,899,900,901,902,903,904,905,906,907,908,909,910,911,912,913,914,915,916,917,918,919,920,921,922,923,924,925,926,927,928,929,930,931,932,933,934,935,936,937,938,939,940,941,942,943,944,945,946,947,948,949,950,951,952,953,954,955,956,957,958,959,960,961,962,963,964,965,966,967,968,969,970,971,972,973,974,975,976,977,978,979,980,981,982,983,984,985,986,987,988,989,990,991,992,993,994,995,996,997,998,999,1000,1001,1002,1003,1004,1005,1006,1007,1008,1009,1010,1011,1012,1013,1014,1015,1016,1017,1018,1019,1020,1021,1022,1023,1024,1025,1026,1027,1028,1029,1030,1031,1032,1033,1034,1035,1036,1037,1038,1039,1040,1041,1042,1043,1044,1045,1046,1047,1048,1049,1050,1051,1052,1053,1054,1055,1056,1057,1058,1059,1060,1061,1062,1063,1064,1065,1066,1067,1068,1069,1070,1071,1072,1073,1074,1075,1076,1077,1078,1079,1080,1081,1082,1083,1084,1085,1086,1087,1088,1089,1090,1091,1092,1093,1094,1095,1096,1097,1098,1099,1100,1101,1102,1103,1104,1105,1106,1107,1108,1109,1110,1111,1112,1113,1114,1115,1116,1117,1118,1119,1120,1121,1122,1123,1124,1125,1126,1127,1128,1129,1130,1131,1132,1133,1134,1135,1136,1137,1138,1139,1140,1141,1142,1143,1144,1145,1146,1147,1148,1149,1150,1151,1152,1153,1154,1155,1156,1157,1158,1159,1160,1161,1162,1163,1164,1165,1166,1167,1168,1169,1170,1171,1172,1173,1174,1175,1176,1177,1178,1179,1180,1181,1182,1183,1184,1185,1186,1187,1188,1189,1190,1191,1192,1193,1194,1195,1196,1197,1198,1199,1200,1201,1202,1203,1204,1205,1206,1207,1208,1209,1210,1211,1212,1213,1214,1215,1216,1217,1218,1219,1220,1221,1222,1223,1224,1225,1226,1227,1228,1229,1230,1231,1232,1233,1234,1235,1236,1237,1238,1239,1240,1241,1242,1243,1244,1245,1246,1247,1248,1249,1250,1251,1252,1253,1254,1255,1256,1257,1258,1259,1260,1261,1262,1263,1264,1265,1266,1267,1268,1269,1270,1271,1272,1273,1274,1275,1276,1277,1278,1279,1280,1281,1282,1283,1284,1285,1286,1287,1288,1289,1290,1291,1292,1293,1294,1295,1296,1297,1298,1299,1300,1301,1302,1303,1304,1305,1306,1307,1308,1309,1310,1311,1312,1313,1314,1315,1316,1317,1318,1319,1320,1321,1322,1323,1324,1325,1326,1327,1328,1329,1330,1331,1332,1333,1334,1335,1336,1337,1338,1339,1340,1341,1342,1343,1344,1345,1346,1347,1348,1349,1350,1351,1352,1353,1354,1355,1356,1357,1358,1359,1360,1361,1362,1363,1364,1365,1366,1367,1368,1369,1370,1371,1372,1373,1374,1375,1376,1377,1378,1379,1380,1381,1382,1383,1384,1385,1386,1387,1388,1389,1390,1391,1392,1393,1394,1395,1396,1397,1398,1399,1400,1401,1402,1403,1404,1405,1406,1407,1408,1409,1410,1411,1412,1413,1414,1415,1416,1417,1418,1419,1420,1421,1422,1423,1424,1425,1426,1427,1428,1429,1430,1431,1432,1433,1434,1435,1436,1437,1438,1439,1440,1441,1442,1443,1444,1445,1446,1447,1448,1449,1450,1451,1452,1453,1454,1455,1456,1457,1458,1459,1460,1461,1462,1463,1464,1465,1466,1467,1468,1469,1470,1471,1472,1473,1474,1475,1476,1477,1478,1479,1480,1481,1482,1483,1484,1485,1486,1487,1488,1489,1490,1491,1492,1493,1494,1495,1496,1497,1498,1499,1500,1501,1502,1503,1504,1505,1506,1507,1508,1509,1510,1511,1512,1513,1514,1515,1516,1517,1518,1519,1520,1521,1522,1523,1524,1525,1526,1527,1528,1529,1530,1531,1532,1533,1534,1535,1536,1537,1538,1539,1540,1541,1542,1543,1544,1545,1546,1547,1548,1549,1550,1551,1552,1553,1554,1555,1556,1557,1558,1559,1560,1561,1562,1563,1564,1565,1566,1567,1568,1569,1570,1571,1572,1573,1574,1575,1576,1577,1578,1579,1580,1581,1582,1583,1584,1585,1586,1587,1588,1589,1590,1591,1592,1593,1594,1595,1596,1597,1598,1599,1600,1601,1602,1603,1604,1605,1606,1607,1608,1609,1610,1611,1612,1613,1614,1615,1616,1617,1618,1619,1620,1621,1622,1623,1624,1625,1626,1627,1628,1629,1630,1631,1632,1633,1634,1635,1636,1637,1638,1639,1640,1641,1642,1643,1644,1645,1646,1647,1648,1649,1650,1651,1652,1653,1654,1655,1656,1657,1658,1659,1660,1661,1662,1663,1664,1665,1666,1667,1668,1669,1670,1671,1672,1673,1674,1675,1676,1677,1678,1679,1680,1681,1682,1683,1684,1685,1686,1687,1688,1689,1690,1691,1692,1693,1694,1695,1696,1697,1698,1699,1700,1701,1702,1703,1704,1705,1706,1707,1708,1709,1710,1711,1712,1713,1714,1715,1716,1717,1718,1719,1720,1721,1722,1723,1724,1725,1726,1727,1728,1729,1730,1731,1732,1733,1734,1735,1736,1737,1738,1739,1740,1741,1742,1743,1744,1745,1746,1747,1748,1749,1750,1751,1752,1753,1754,1755,1756,1757,1758,1759,1760,1761,1762,1763,1764,1765,1766,1767,1768,1769,1770,1771,1772,1773,1774,1775,1776,1777,1778,1779,1780,1781,1782,1783,1784,1785,1786,1787,1788,1789,1790,1791,1792,1793,1794,1795,1796,1797,1798,1799,1800,1801,1802,1803,1804,1805,1806,1807,1808,1809,1810,1811,1812,1813,1814,1815,1816,1817,1818,1819,1820,1821,1822,1823,1824,1825,1826,1827,1828,1829,1830,1831,1832,1833,1834,1835,1836,1837,1838,1839,1840,1841,1842,1843,1844,1845,1846,1847,1848,1849,1850,1851,1852,1853,1854,1855,1856,1857,1858,1859,1860,1861,1862,1863,1864,1865,1866,1867,1868,1869,1870,1871,1872,1873,1874,1875,1876,1877,1878,1879,1880,1881,1882,1883,1884,1885,1886,1887,1888,1889,1890,1891,1892,1893,1894,1895,1896,1897,1898,1899,1900,1901,1902,1903,1904,1905,1906,1907,1908,1909,1910,1911,1912,1913,1914,1915,1916,1917,1918,1919,1920,1921,1922,1923,1924,1925,1926,1927,1928,1929,1930,1931,1932,1933,1934,1935,1936,1937,1938,1939,1940,1941,1942,1943,1944,1945,1946,1947,1948,1949,1950,1951,1952,1953,1954,1955,1956,1957,1958,1959,1960,1961,1962,1963,1964,1965,1966,1967,1968,1969,1970,1971,1972,1973,1974,1975,1976,1977,1978,1979,1980,1981,1982,1983,1984,1985,1986,1987,1988,1989,1990,1991,1992,1993,1994,1995,1996,1997,1998,1999,2000,2001,2002,2003,2004,2005,2006,2007,2008,2009,2010,2011,2012,2013,2014,2015,2016,2017,2018,2019,2020,2021,2022,2023,2024,2025,2026,2027,2028,2029,2030,2031,2032,2033,2034,2035,2036,2037,2038,2039,2040,2041,2042,2043,2044,2045,2046,2047,2048,2049,2050,2051,2052,2053,2054,2055,2056,2057,2058,2059,2060,2061,2062,2063,2064,2065,2066,2067,2068,2069,2070,2071,2072,2073,2074,2075,2076,2077,2078,2079,2080,2081,2082,2083,2084,2085,2086,2087,2088,2089
19.92626287618657,19.006769334062824,17.324761592281902,16.085680093477663,15.430144211871038,12.101738021708115,9.236072862815263,7.550790114844176,4.8583788666524015,4.311415342643386,4.955114441538399,4.420994341855021,3.2684291719119756,-0.20132505785284138,-3.196106902125848,-0.6031352466941371,0.7752415313012762,-0.899695927367361,-2.4370039735134696,-1.419777902523947,0.4995141438974997,1.2892066540674705,0.9584055507258427,1.464641920661279,1.2827197040400051,-0.7493981257483711,-0.3962877860857361,1.8617836825001177,3.4346288463235624,2.8363691675525615,1.9444680500477034,0.8137567780963764,-0.5821713514302473,0.41612892774435295,2.180755129768613,3.724063516239994,5.817199193180841,5.704878671550659,3.2515078219951192,1.1120192884224025,1.9158937294332645,2.6790252666457945,1.769785857432339,1.1629314686064163,2.0431177923466066,2.834441322507246,2.64312725488071,3.8761817518152384,5.41192418790888,5.346263882172593,3.95797094055024,5.341916008577982,6.366528906307167,4.894867825847655,5.816540615625172,7.8969480916100565,9.548890390462134,10.363023304458807,9.691110069426031,10.25911942785649,11.904042102350104,10.348243766157793,8.592775425563104,8.999221719994466,11.010221117102446,12.061697317428298,10.272251143146946,7.6226037922948535,7.870697115371058,8.508725130301514,8.659130091379893,8.414079964527446,7.6491891153773395,10.93214870487327,14.31368135560274,11.52877373365709,10.925081972197177,12.121379215568822,11.3467280429536,8.120350954208106,5.4741035918592615,5.3833222317118725,6.696389477159755,6.09048377998397,6.814987512169864,7.461628628061021,4.346072388783341,4.494310457737242,4.368674395747689,1.8079601579581777,2.9154896298323365,5.73879838322523,7.16129816328646,5.844476313161522,3.00584973330308,2.664509446747502,4.296943636883725,3.217347740181367,-1.2459230803347054,-0.7853269716551949,4.0731941601175095,1.519587531273828,-0.4123279789021126,0.6329826655082798,1.4951894418461507,1.7412571860285198,1.0796300766417062,0.3889791689274489,0.7825945507893266,1.363939611077285,0.9676788322572065,-0.09764648647455942,-0.2373012950328075,0.7871882163365171,2.055850941045378,3.591586787536812,6.308958056324968,6.329191727827947,5.368484854692724,6.272672528522662,5.351090280634935,4.495409440861067,5.500193870329326,7.564181785314872,8.98028809816708,8.886519738254492,8.924850022073088,11.026680088404646,11.14165969526448,9.675370115187661,8.188237697949262,5.735377767193995,2.9558281675861053,2.168496775721337,3.618560703862272,3.443103585703284,2.402438673551387,2.1249208675906175,3.331189984011189,5.814578497604998,7.7856548781699075,7.862762892951537,7.329711839224842,10.399387376425466,11.480109001330675,9.444428569216598,10.019144834223084,8.645777285735448,6.90213591513043,7.724794497644552,9.542635688613927,9.47021031620693,7.7367533129222466,7.181484015800493,9.700017472581521,10.420389887856572,10.091608175903275,9.947053208960028,7.2962156899482125,17.04203015130247,21.231473364586236,4.810263072940984,6.615350247923743,12.642254716002412,10.740011267109935,7.090966415235016,5.601952905053054,8.650139686204966,11.815148761417845,10.666408397311557,12.842559546178222,13.12280605851356,11.784519445869591,14.785672934861395,14.058176561933351,12.210147381056458,12.574005239602798,13.224966615492463,12.99618129955752,11.309603912477314,9.211760529219532,9.301971503947811,12.887869257931243,12.97526643458491,9.278653587756253,9.569831985484598,8.832210854663117,7.860538797232721,8.360818414726282,8.283619393716663,6.936322108132117,7.706201123070855,10.666382360779608,10.790381597885244,7.779252606876298,6.406863022610423,7.730282827018982,7.852846009785026,9.031389205531468,9.709576876878486,9.49067951690131,10.968384128185903,12.191699029875736,11.864233495057192,10.392232296396514,9.223137750605474,9.451668967204341,10.289182316992651,10.526439963885082,10.235208902253135,10.935863472261644,9.667697888992052,6.834446191908455,6.8198829576112985,8.709564305819413,9.988398701606684,9.722836707841338,8.735370369019847,7.410441440949285,5.576521567618215,3.3292325308776753,1.6699572736766868,2.3168142458848706,5.136481300688388,8.584014965842357,10.042266665609873,7.623273977570989,7.222154529766954,8.77626151603613,9.144334126752028,9.693655596536928,5.86523871432928,5.066098717671366,11.78815015992484,14.202933552685408,12.135735787327576,8.719764698213453,7.515350929569081,9.565246128644048,7.289398456778372,3.401944571912054,2.0612953053891943,2.2790715975779676,4.112365374123556,3.37260182885791,1.5327658029698341,3.6752168003885117,5.8386740350476884,6.364346587734417,7.1740093616188005,9.653120705467245,11.276371649082648,12.810688585080811,14.867723340940529,16.413374509947175,16.286280897832285,16.87018464945902,18.565916124812475,19.941906535922044,19.814815218694775,18.21650947578405,14.265890761174433,12.060862613450581,14.487657222731855,11.506236041802481,10.576986320774267,14.01081906147897,16.030204266643523,15.409429385569183,13.664235342661868,14.395444529196538,16.82173685674411,14.96037478170581,10.860662535340452,9.20795021615072,11.479884199854041,14.179012285123008,13.035298114829402,12.899675593631173,15.354400564844354,16.161231976348517,12.863482416364263,10.558784146051494,8.703288648034459,5.229586778747034,2.887102020387715,4.152552254071679,5.854217572204561,6.752262417561042,8.908852600619184,11.082381283974541,10.346975602618727,8.641751817680188,8.330324667308105,6.787294353601965,3.8478315346910676,2.281859607944398,2.798327464854083,3.6011178507578734,5.0007416491289405,2.352753328641711,-0.6965826928844763,0.30930050146901067,-0.6841927088041757,-0.48922633451502406,-0.5928843707795295,-0.34162096937347997,3.7713260367022485,4.396276883993664,2.052264810820475,0.7609471275933402,0.8307851387151004,-1.2357291657874612,-1.1362991914661507,-0.4533206999979029,-0.9998910943223791,-0.5055461605982146,0.8681813780005996,2.554246225081897,3.0759960638420125,0.650503907989787,-3.158721989489777,0.659458395275351,4.115361865317141,1.971319317877942,1.2825689535081892,4.382241842032499,3.641676932830933,2.110313322997513,5.701481347020717,9.557759175232604,7.372932903910623,5.524625564181633,6.801958473316745,6.992526517218266,5.540479077373902,4.8337514571128395,5.935266198684872,6.563585009402232,5.55518892492546,7.822669164400622,4.613028012548284,0.8420291788538634,3.2811488021245623,3.6219068822774716,1.6727054153337804,2.843203359342624,6.021758235551488,6.263292222294012,5.345139005102965,6.132033986932242,7.197879516690364,5.352111998051441,1.837760864901611,3.1170322620093884,2.624666330054879,1.1612476245779817,3.70295858318309,7.597075277349859,4.625260615293428,4.084496569740395,8.76621045167235,13.07523248393386,13.883310958061088,10.248899401035715,9.412639892914399,9.849487453708207,8.491854658257921,11.242367940205327,8.76854546213167,5.854054164725085,5.257169486819407,4.769918723249248,8.078554717350698,9.946112062031261,10.280522003279543,9.474883249504728,8.081778344344684,11.091410954261619,13.597621632852452,11.234044746447807,6.887609200053475,5.875113380739549,6.890735357908966,8.882864039234164,9.517722115970969,10.520979633276056,13.43849611422138,11.49752651415588,11.760468487547655,11.37840262114355,8.74624377486191,8.74859072937511,8.761435433699603,9.752382731524222,10.50422213726938,10.001402346367172,9.457496980390033,9.348041551395227,8.89673957100274,8.34627554962276,7.808290627522183,8.10688848924724,10.600901042421128,7.339039755071781,3.1908158163876124,1.8896923183710896,1.7037389675376744,4.670434461120749,3.067491700979417,3.3517002703678145,4.730337727040478,2.0531983834255243,3.4050003953243504,5.674905072592537,6.906736470523583,6.881256553482558,6.864089876411072,7.993724075656701,6.339676374595115,8.190030091761628,8.670331290629747,5.898373750826522,8.31079804119554,5.720525879024308,4.963244263801698,5.692937962807946,4.78954339543634,5.14148029850503,6.990500449408955,7.658555306707967,5.711186938505534,4.228279908767945,5.123336374406108,4.44706510075207,4.454336938460983,3.84472444191897,3.0254413216407556,3.0002585208563914,2.4481175786893346,2.7242903006433608,2.3414579153791237,2.027389269753371,4.035060496008555,5.646927504117002,0.9028920896071213,2.625936538002861,3.517705153913539,1.460750182480183,3.2894667787920753,4.34685590889444,0.4443019989482764,1.6057744896481836,4.087481546789377,3.2718518787148696,4.215996402206997,3.23166437873806,2.0895279880242015,2.3538992233345652,2.738992212734729,2.887670751244741,4.213672383422363,3.0971650291210153,2.173198999327269,1.9305840609356437,3.494177126802356,6.717899858131204,5.182480207333356,6.650286080030014,5.274554004219681,3.688805487403215,4.11542869712639,-0.356245208570499,2.025468032434901,5.272937361436107,4.821322044523413,3.7827217384626692,4.5795383522622615,4.9404478307207,6.399911793495903,5.4526574794820135,4.588162464144034,5.337407683932042,5.242726155541845,5.860671553334782,5.861261382868406,5.4926985987890475,5.181164085242358,4.748162884134899,4.407411433319567,5.346990930207539,7.976661818969205,6.687812427044264,6.656437217799862,8.02557100144736,2.851578000679183,3.9557752489124596,6.307794924093628,7.695139902342021,5.799233327434877,4.007125015041879,7.590690861065468,4.604765345070746,3.141535703178647,2.3517214258774857,0.394037294970758,-1.102221088223132,-1.01508238053907,2.492401493489524,2.004808287550304,1.01198894359095,1.6093850233908142,0.7570009758114793,-0.22480734872374342,2.872682523727235,1.2488569137926788,-0.4840563482923699,-0.41610006499058727,-0.556806875513189,1.213994407350583,4.43231300273078,2.3364895513274178,0.9072348560772525,0.7095490370495554,-0.4960722709406582,-0.591711629033739,1.1723892502457147,3.3967025201307024,1.3736557830216043,-2.015334440539391,-3.466427450968922,-2.563579979685528,0.934725012649551,2.450816077629156,1.0112697202487198,-2.1100843816088855,-3.0306520027497754,-1.0108844343956207,0.3039093403751849,0.9470802485833474,1.7860856321715346,1.2967201407180937,-0.12670368840076662,-0.15512002951174964,0.5895494278931892,-0.2807897863957578,1.0615270758007682,0.8844751596684546,-0.36043778091629974,0.11136476713193133,0.8586328071073694,0.44347326476167837,2.8012839956077187,3.4279486506553667,2.0465234523481968,2.405088694397705,3.596695168988049,2.643165400451039,0.9354621784486881,-0.5221096865172967,-0.5934705751474212,-0.1877627500377912,-1.0839346101447518,-1.0742993947917512,1.2948120673377161,2.6645185479679867,5.126011931529547,4.012732371157426,2.5575335698853223,2.5893992005674136,2.4205890474922853,2.2490437883520826,3.14446899549921,3.988093453881561,3.578870243374922,3.304436127077338,2.9499494828558,2.6388862292275235,2.8901687670584124,1.4769916942634609,-0.5336884732280396,-0.10183187109214487,1.2872770586670867,1.367471093119093,1.0481810251365005,1.4072945420949736,1.9481142656145494,5.008171192210966,6.8165366509321075,4.5778063723525975,4.567315151487037,7.127413927131784,6.447682185258259,5.154100066283945,7.085415620545746,8.260369058751394,6.3141549611927985,7.4598479414993335,9.310973642041517,6.900673658423898,6.665408967653548,11.623793176982645,12.301641375559825,10.41495303702959,13.297341150965963,16.181953798260338,17.279171616788517,20.928279876231045,22.533320419132565,21.26163865927242,22.501158811785103,24.798006090641593,23.584228752665695,22.231508805349335,23.882338886043044,25.843760190196463,27.94185449377528,28.18269366415052,28.20992001669515,28.277829786794086,30.858795002121383,32.87208427663086,32.40200220089673,32.7598398243789,31.14848651883699,29.394851817546396,26.797094580340513,24.872914184598585,27.864921878772066,29.887918806833113,26.597047564543118,25.6627675830905,27.950054676927493,27.971587172354702,28.630299389729657,27.508444141313475,29.859780165400252,31.26417428928289,27.43289904568303,26.567275110435844,27.649321099680037,23.776592523608315,21.407970252480823,19.117445083586404,19.136598446854236,18.844470797968825,18.39451474145551,20.23150179817344,19.74276756749896,18.36490099675234,18.12866630507085,17.157355171976064,18.54312953443582,18.94681416446349,18.056026413353607,17.02115029240656,14.011916151851437,12.491570706208222,14.178608292243325,14.434527368659246,13.593542261454218,13.25256116567357,13.113410350602067,12.913864467299959,12.50503914064268,12.463573606463001,13.15535145555873,11.430935208151254,11.61171126423983,13.099875427604616,10.14546169632365,7.394437817081439,10.14163526810978,11.01293947569684,7.591632312904949,8.528560469470904,7.455893118156382,4.209778071053847,1.7434888595107623,4.802901132958937,4.733621811794251,1.965729992371962,1.9328443367481896,3.307108701030984,4.295212646480877,3.2964723567727106,2.012693820435743,5.468680743225946,4.584439266349705,2.6874456872698147,1.8542603176613284,2.3447928098300963,2.626289056437372,0.8364048719143966,1.0844754955637654,3.202736473672644,-1.0694722637315408,-2.1817759506456014,0.994152661240264,-0.23816668174401912,-1.3905219498723227,3.080599095994785,4.082858203351407,1.7974153467877159,2.7500345847954577,-0.276440125750014,0.975078061085128,0.5011806811181714,3.2311373953137945,4.056498087956129,3.9308240389657385,2.299985692926384,2.376088452900717,2.9698703044541617,1.2441808119488087,1.4457925826035307,2.0382749742192345,3.1171552078297964,1.8237977029856438,3.2120421534591515,4.106357953455358,1.3503181798811283,3.776081924788514,5.462634317073025,5.363227686146729,8.954856490939733,9.099402349371985,7.025994519034043,8.354081171795087,10.172103917549634,9.44917980031596,9.139227092995156,10.7154502329455,10.996572763133827,11.19670289716953,10.005960932598896,10.01211009026565,11.74352538338644,9.963260999748854,8.951948077787165,9.117597130703416,8.560539553848912,7.983705928471295,4.42071445632655,7.691010177519388,7.204430756489046,6.076867776073186,8.669268251010635,9.899463353978149,8.77250262900759,7.967079649714492,9.141379299964797,9.725009006760388,5.200004482183317,5.360107008784439,7.426120337393968,5.655346706270393,5.977878138403298,4.2397606810909565,5.0427770885319205,6.183472874541508,5.2088813299083085,4.625812959103882,4.30326036289955,2.526902691204441,1.1233732534450382,3.695672293857683,5.941770647466569,6.234626572697152,5.166802225985975,4.569140390306416,6.396872980389503,7.015937020457841,4.837068699734687,4.9121167871001035,6.911276735694855,4.2718943863557115,1.1737465294161211,2.4462677311453263,4.674690780280912,6.392307302965946,5.961998301624249,5.199830174604358,4.616937083431139,5.124355013395871,6.6433733943456446,5.377202530411751,1.9368279402937105,1.8607858745023123,1.6878565304906488,2.1212486305709035,1.5741316657685047,0.06496055951708968,-0.6153489846644788,-0.34012687522090346,-0.23416177239278113,0.1012595659925637,-0.24453450672319832,-1.3982190652920963,2.156355502050701,1.2178843877187546,0.4645791700538666,-1.7300361943911184,-1.2865051783338686,-2.75499279900896,-0.804059540373828,-0.4708299205519779,-0.9107676654452916,0.35329755479085634,1.9936134459765071,0.7423031668828344,-0.38079059651704483,0.5863744745496433,1.2574557968084719,0.002092173659434593,0.11741251713294787,1.0503260124865506,-0.8100889773098743,-0.12626786619398445,-0.22274742322281327,-0.9978241537293115,1.0264893804341,0.4019514822022643,0.3476482327205872,2.6451046377829357,1.9380588031841626,0.1921785018492983,1.823540248444317,2.219076251308138,1.204683380175652,4.350124249671126,4.902804176216023,2.290792103719582,1.684191397919335,3.234947236489745,4.302585195091865,4.1189449790173285,6.011294330096064,5.886093693497742,3.9251935382628744,5.27879701630701,5.96759028546353,5.099050967873836,4.723893393607739,5.768441734392468,4.679954748159844,6.6038412507630255,5.759423164278417,6.3245178441483745,6.327100761279212,7.728069117406562,6.659309471790436,7.92485726908717,6.975994602475225,8.338221522647245,8.995289335821553,11.186197537831845,9.033184471076538,11.429300347615651,15.101365228143607,11.837416292144098,10.087781689432518,11.70507110092683,13.221245005407184,12.641895523646781,12.210864186716208,13.699884327902907,13.752697336751567,14.4397094925842,13.490627457265532,11.228967483845622,13.084323577874216,14.509054735285815,13.07472030373873,14.423129644829487,14.725265617370042,13.436411395672053,15.023323290895519,16.49569450298111,16.979732842818578,18.335927918993605,17.130089907744093,15.045580862652116,16.290144669213305,16.489431423208487,16.0788735269511,17.777410034592663,19.58181042364737,19.097362901701104,20.929323200580484,22.394584546672775,21.606791003120748,22.113208661186604,23.99091712528184,21.657447890059416,19.90203415264307,22.25493477644318,18.250312884666755,18.049343535183425,20.74572559559749,23.44334899967248,20.927772749177507,18.57955472224978,19.16004904409317,19.112919993674495,19.96611948473725,18.302010361529597,17.66822446778167,17.77935348694433,19.81855423017737,20.779955851799002,21.108674293803233,18.88477215065734,18.714890716508023,18.77244185796218,15.676361693184731,15.35344579122119,18.08235582926244,18.371457759701457,17.679463627086534,18.224391500147988,17.05982896873246,17.446057356888105,17.7292937826802,17.964951617615156,19.341895829410475,19.713845546320044,19.28287611670487,17.167046024963383,17.464850059628134,17.268464153855234,17.301166009940857,17.218055333803306,14.233800413744518,15.22056903696398,16.452962870015426,15.726547633567748,15.568119092446466,13.770462649759793,13.350269622507312,16.06397604439229,16.43351954377846,15.121461142632029,15.677292592614151,15.064169904724167,15.629280725357205,13.91411661441333,14.279625576677063,13.346184157161929,13.944250480731455,12.529372890365039,9.39566034633583,7.943421727854798,19.643704720660367,48.75915167513347,9.47848940306551,6.531516500489374,5.1462605960573455,4.288022835192294,3.6399993565031536,2.7450660455781986,4.54792337517722,4.120712949803817,2.683708243387798,2.319273382240681,5.27298023211614,4.38662235066829,5.290963715518899,5.433357221096401,4.135666951482676,2.1296380392209358,2.2847105157875376,3.899584453601449,1.5671186321574169,0.3379656304447849,-0.3674406351184416,-1.5433086158950005,0.5830636126956392,-1.9667053788231215,-0.16113990049962013,-0.14840177442113145,-0.4065157293428001,0.14933066851688181,0.13340334033591716,0.7073009560310197,1.2160938518661055,0.8734741195468132,-0.25722637825236916,1.0949047002018233,1.7023996748243917,-0.9871604158351488,-1.4952498792484903,-0.15619946093664794,1.5766258242873619,1.5768278400166764,0.45439745233778694,0.8639115512952458,0.6568463955563288,2.282883723803309,1.7320494473152053,0.7051846787701379,0.09966356076631655,-0.320745791647596,2.120719111376161,1.5849242768657632,3.2839439958709704,-0.11052235491007423,1.1203128958732123,2.189684314523788,3.1131640017979407,2.0453924429990025,-0.13389253163603598,-0.3200082280500851,-0.06110265790005087,0.5662369524263227,0.5882071845824157,3.303923264769878,1.522784784197711,0.3876260622764107,1.3376985024660257,0.01357793235479221,2.801933795760931,3.8723640019418326,3.875362176055205,2.1563068099285942,1.8579698066815808,3.3546597190372722,1.0482117693907185,1.7093268114676334,4.0312214633135,1.4553421525095587,-0.5583409265630053,-0.32482110396352937,-0.45339770561378145,2.7626121621998436,0.19621668260936076,2.0861769363136773,2.3411148242338413,2.065727478126348,2.36886218626114,2.9141756006479227,2.7436810700039587,1.7018818860040028,2.782084776892077,0.12014390814601938,0.341476155316343,3.1812701104548182,1.3153271244343614,1.105574938985285,1.5533759787583108,2.1942112101903604,3.0361566592245026,2.7863542944921846,3.425963114993465,-0.026748783907123652,1.091627952121371,3.7109213992538344,2.3662451690339026,5.042358498006536,3.789938354842377,3.29143610631985,1.946679449208034,4.671334374179082,3.9302304955967884,3.515406433347607,4.26946804124816,2.597368233683767,0.625159351608545,2.3050043160835685,3.234909491513349,6.279299468833074,4.6112533006435115,3.753672409661988,4.372188470371384,4.537248455715371,5.9562007568874265,3.142270996903221,3.461436888705066,4.083112110305194,4.165723665446876,3.1105265187032956,3.2512703352620633,4.426709352071384,4.020000557123581,2.7706542555062583,3.0175455846815,2.8405467194994003,3.134013175633413,2.364809950327299,3.008743377814369,1.8409359620968075,3.5535020938025355,2.5423218486060364,1.6804477983948232,0.687306772542513,3.77136962183107,3.924493358780637,2.679763866821361,3.1749724474809113,4.54015866946645,2.830807340628951,3.0378733958580995,1.7291700074704863,0.10262173833146448,0.6856970457721445,1.2764637420957854,-0.34858635669849036,-0.07671888647641367,2.2451024298148923,0.7468280808940619,1.2606330624145983,3.2809237406597447,3.284589266005753,3.307432645306619,2.62617757746537,4.24238568747748,1.4549205838146975,2.3783803139911868,1.8173499626463752,1.506025582636255,2.1822041193006214,3.2479584904234855,2.7518610293573715,1.956473002471654,1.1095696343477925,2.164828053529561,3.3905157317050794,2.870405905525132,3.139122913018525,2.822858798337535,1.2186884704330794,0.05026126300148803,1.545056343924898,1.950786030356113,0.3299818208800218,0.7208525092368632,1.4233256061690724,2.206215879435149,1.213627871453383,0.9018149518720122,3.229105564288716,1.767231382432442,2.822817555949513,2.8011218702632164,1.7638349339837305,1.6940032767808475,1.5836454199097716,-0.46337336094660486,0.2286656892253518,0.07620856908562246,0.9559063325526722,-0.2984671713416276,0.21743371025826264,0.7084794356186137,1.130761144387435,1.1368115557554574,0.9125495063058793,0.9479708673783591,2.22559461241687,3.1778144979979572,3.79224561575586,1.4500574270433049,1.2708986282462433,0.8682227023856228,1.6840505102752559,1.9989800964145275,1.6998257675617765,1.6777198678818763,3.188296524682187,1.7493051760135643,3.404648505550398,2.557420916567736,1.736677775586685,1.204826854518842,1.1485311227018826,1.07600189090482,0.6908544077778345,0.4439267147614885,2.400970724640615,1.5059884278775542,1.4321991041344688,-0.5004343431113227,0.9252066081165253,1.093985302258318,-0.44819374900052367,-0.827804683412154,0.27201165581124087,0.18194708361451717,1.1014525430148012,1.9903854529751754,1.2181642795398488,1.5367451315115375,1.7326298943139307,1.3275497918837402,-0.35616598057416127,0.9433868347028067,-1.6052219911750853,-0.057604910342405446,1.1523913946935807,0.49256265741749417,0.7776741005669692,0.34005376383422004,2.1871089548471048,0.9941546620718213,-0.10170235254889803,1.5920644953871204,-1.2706219391924947,0.7179909954878951,0.8960884522362278,-0.0013396783682537716,1.717605584332233,0.5223500897271833,0.9884596521642095,1.420381869693415,1.4269618245269555,1.4715213855495222,0.8484217076606058,1.7376439157949335,1.4524087961389114,1.7623120831846961,1.7219377695039952,1.5166527524917797,1.2041382104741842,0.02394467694776381,-0.07531676605944426,1.443938960109591,0.3144270742790809,1.626391337402623,1.5099314360225264,1.5741660590807385,2.7858492425729082,0.4979653338282901,2.0744084357707493,0.5386337587542016,1.3255648115508336,0.6696779665502959,0.7083120124134155,0.8034150458331908,1.2367348973588435,0.5328247981549481,0.7468546159667255,0.9415548952371751,0.14449985572409219,0.7840509765451458,1.0238526203174843,0.739333434045875,2.2072357440882087,1.446718184704821,2.0439939179677538,1.048143698093412,2.3941428502894126,1.1032779352809428,1.5244491049455036,1.5185726972193834,0.9534237232777656,2.4374081459540093,2.880208993383576,2.006175798008087,0.5737688271973695,1.6254752473131049,2.3344126605040856,2.284610066430133,0.10751291832144716,0.23282236135725043,0.989790921566879,1.8043126422247155,0.7107714578604885,1.1493662470841173,1.437180277877701,1.332298595376372,0.6838324071496515,0.11877822454881937,0.9685850051902349,1.063221592273706,1.303259149132444,0.8547335154923843,1.4505825613983063,1.8027708658552228,1.7226204677903638,2.024878823998421,1.490792547625233,1.7229657763797661,2.228223079946403,1.4561836555177194,0.8847562723858289,0.8384224302010352,0.45771883798954605,1.408099723474507,0.40662449321639826,1.3721117513448746,2.1213521682604153,2.1795865945350386,1.6439550826679579,1.9557976014772294,2.0390360476703506,1.815638997375146,0.9884128355111272,0.7378020100628646,0.6262699131424938,1.2183016526326753,2.0266549788669863,1.8077398640988633,2.034099195592205,1.2315212242703524,0.9049581211818634,0.8799338336372671,1.0235981950137614,1.114943296886338,1.772492073294245,1.0315916876028268,1.4585644677250684,1.3634460173211096,1.0161030319875408,1.2170264606249077,2.0759417696638423,1.0765214473871936,1.5104822080773204,0.7951815275050365,2.407226608322617,1.5869956307928987,1.487662554963748,1.2270999736874444,1.9813849819288407,0.5712936486225999,1.1239296643888963,1.0959407301014608,1.5924348224244227,1.8242555872365642,1.319499623966351,1.3655330639720091,1.1244167308805686,1.191370186277652,0.5989450326273982,1.3826987347022879,2.198878089469929,2.423151142347024,0.5168409312646673,1.0812086063310176,0.6477597117709593,1.4390168345676102,0.7476929266155139,0.5316848169036348,1.270015053108807,-0.0522285016085533,0.35403511400829757,1.3183307986883506,1.3393804982766113,0.6855135707302793,1.7543355157033602,1.2853516361246875,0.39012974259514976,1.226715788664876,0.6863672062048707,0.3812694965533865,2.001496581181641,1.1258705123789312,1.2342713393062468,1.2608789252953443,1.6628680053680114,1.885682994366448,0.2771157055429967,1.6690275878005991,0.7971420618420098,0.4870413902566497,1.683875627012867,0.7711149372873933,2.4571118251935786,1.4500852033289107,2.331170913872654,0.9847120514566541,1.4318083745681065,1.002115146250219,1.2334669602425947,1.520818823988975,1.5114144399460159,1.6197054578536836,1.5035859117107861,8.390312313926358,18.2405852404179,-1.0404413788131706,1.2065196940118952,0.7948530636917894,1.5822165908380725,1.4888634240086915,1.2661317586176324,1.948787833331501,2.288631146434227,0.8390700406376368,1.9550911515189,1.2053994450545886,1.3297049407357306,1.946932777991833,1.8665559063971955,1.8686891706764186,1.782393609513747,1.6824003933280096,1.413635521623064,1.4554356838169724,1.3087743908552056,3.4872821736666992,5.084743851248618,2.166894424875352,1.282439578753035,1.5009282862581586,1.8229930717222445,1.5062853523527906,0.09517663893683448,2.664624534308473,1.69403990937235,2.3741828558750058,2.347679446061477,2.0432005892212715,2.3746998578249077,2.0899776659215377,2.8773973919946343,2.5265909738404844,1.2362553080974976,1.3269284694091539,2.3691903704632864,2.112621645747083,1.8475589184145065,1.6324927446446509,1.695358533702347,2.7539902132440446,1.5797875203941203,1.56130308460245,1.938140707906939,0.5042215105800736,1.1245265997444562,1.622529311153471,1.6621913019454837,0.8357329628797778,2.115222998721208,0.7124646803191581,0.942923557845802,1.8857121896944022,1.127362626147658,1.769329824620172,1.1756990924371848,1.913371569512151,1.137425005483749,0.8826347583358825,1.2040912425981674,0.6237484167391507,1.350798812055416,0.196401755378929,0.30849889390583485,1.6936324716473905,1.6601673641182515,1.0943815617717974,1.0228803426577997,1.8391626436985007,1.4262387893961659,0.8876980676757888,1.3194563602885978,0.2102936875108412,0.6710411766869129,0.6364034540292778,1.2048652910484066,0.4542300143887701,1.1941581300129087,1.3307494600327914,1.0611441276768119,1.0723159548849175,-0.0201133475216011,0.9287251079824124,1.0354201498652742,0.1421483585718306,1.0423896930604997,1.040042036307284,0.9869825219073505,1.6922701099938422,0.476194130751594,2.21308083925447,0.34366460030577173,0.0568370586211131,0.6144211142226936,1.666221076243918,0.5358216336603618,1.6812601286496864,0.7115595675804798,-0.4188516326912577,1.4175887236320932,0.4126807588862107,1.1761588713726496,1.516114046542782,0.9550708222757898,0.03274642541578032,-0.0701813193406906,24.412542420536845,2.599637848277041,1.5716109033445491,1.9228336898007115,1.3136876760302698,0.8982732390866772,-0.26205420261601553,1.2887960158129204,1.23506275296603,0.595864613739252,0.8562281300596073,0.6226435499021363,0.9493730616813423,0.21105137302885169,0.31944154512552814,0.38480629761244245,1.261399216318523,1.0476497595416827,0.5367475820105483,-0.22020894520517054,0.5523591242565544,0.0903762777273851,0.7789807381966511,0.18677953828046157,0.7276955659243658,0.10047987643076794,-0.432708649717938,1.0312333388081356,-0.2777718713560393,0.3259359709282972,0.7022895429499272,-0.3484089045778074,1.0744016360388855,0.3413698121108819,0.16505929412363685,-0.3265838963200167,0.8616242906151097,-0.361254235894819,-0.35158142755585686,0.38855718275027584,0.3472109209718024,0.29099734202339,0.6129301452977547,0.8130014175306979,0.4038927746191803,0.4680165098268958,0.6464368001618919,0.9509977669800946,-0.3132426887067936,0.701252754088614,1.2654292110598817,0.4409087983930817,0.8541223512512488,0.9083570831309089,1.2388289474945964,0.7051457442250353,1.7302086063530737,0.8896657506311367,1.027476721339836,1.2035519396748668,0.953096790917698,1.1681585810100596,0.9140976614533542,-0.11599345615030643,1.3070351206202986,0.6970968150289991,1.0024482576489486,0.31035357770275596,1.7899230413508462,0.20719357286645845,1.0040594614753786,0.4953102164677148,1.2669573612906788,1.4356567866692007,0.7948382815960144,1.220780040387579,0.9978402788895551,0.9101548847541476,1.0552551460320387,1.0361110643855245,1.2845060888073476,0.4464092794014505,1.1319514406844746,0.8757742883427682,0.9096810993667646,0.9439315603616478,0.977151584713738,1.0092487296972195,1.0402334516974179,1.0701227818950656,1.0989346011218117,1.1266866831967945,1.153396692045817,1.1790821789259667,1.203760579754828,1.2274492125419556,1.2501652749205618,1.2719258417791366,1.2927478629893585,1.3126481612302427,1.3316434299059097,1.349750231155383,1.3669849939535652,1.3833640123000919,1.3989034434959535,1.4136193065060638,1.427527480404649,1.4406437029038557,1.4529835689633046,1.464562529478087,1.4753958900450357,1.4854988098047102,1.4948863003581323,1.503573224756508,1.5115742965622871,1.5189040789804835,1.5255769840586026,1.531607271953817,1.537009050265283,1.541796273431828,1.5459827421911996,1.5495821031014998,1.552607848122591,1.5550733142560489,1.5569916832424724,1.558375981315237,1.559239079008762,1.5595936910194723,1.5594523761200207,1.558827537123534,1.5577314208977668,1.5561761184276293,1.5541735649246675,1.5517355399833264,1.5488736677803558,1.5455994173190675,1.5419241027153134,1.5378588835253026,1.5334147651124113,1.528602599054068,1.5234330835864398,1.5179167640852143,1.5120640335829876,1.5058851333202483,1.499390153331376,1.492589033061904,1.485491562018865,1.4781073804500124,1.4704459800541372,1.462516704719178,1.4543287512884717,1.4458911703535477,1.4372128670734128,1.4283026020176521,1.419168992034713,1.409820511142982,1.4002654914436903,1.3905121240560447,1.3805684600724817,1.3704424115343272,1.3601417524258181,1.3496741196872222,1.3390470142446134,1.3282678020566436,1.317343715177003,1.3062818528328535,1.2950891825167332,1.2837725410932421,1.2723386359178903,1.2607940459689075,1.2491452229905349,1.237398492647742,1.225560055690778,1.2136359891301254,1.2016322474204912,1.1895546636529843,1.1774089507552503,1.1652007026996216,1.1529353957175772,1.1406183895205686,1.12825492852636,1.1158501430907108,1.103409050743835,1.090936557431121,1.0784374587571506,1.0659164412325595,1.05337808352391,1.0408268577064064,1.0282671305175768,1.0157031646120345,1.003139119817547,0.99057905439156,0.9780269262776642,0.9654865943617779,0.9529618197271361,0.9404562669084839,0.9279735051439388,0.9155170096263419,0.9030901627511412,0.8906962553618882,0.8783384879933465,0.866019972110621,0.8537437313448777,0.8415127027250833,0.8293297379058799,0.8171976043904579,0.8051189867487665,0.7930964878311215,0.7811326299755592,0.7692298562108135,0.7573905314520175,0.745616943691175,0.7339113051814365,0.7222757536139852,0.7107123532889545,0.6992230962788426,0.6878099035846503,0.676474626285426,0.665219046678601,0.6540448794145846,0.6429537726219223,0.6319473090247243,0.6210270070517936,0.6101943219372288,0.5994506468124428,0.5887973137892573,0.5782355950345845,0.5677667038354457,0.5573917956556329,0.5471119691817989,0.5369282673619296,0.5268416784324472,0.5168531369371294,0.5069635247353972,0.49717367200122453,0.4874843582124413,0.4778963131295768,0.4684102177648697,0.459026705340591,0.4497463622379314,0.440569728935543,0.431497300937167,0.4225295296898821,0.41366682349087114,0.4049095483840688,0.39625802904697593,0.3877125496658209,0.3792733548013416,0.37094065024263045,0.3627146038517708,0.3545953463965361,0.34658297237314173,0.33867754081825296,0.33087907611030687,0.3231875687598631,0.3156029761893251,0.3081252235025431,0.30075420424265076,0.2934897811399537,0.2863317868495301,0.2792800246770071,0.2723342692950723,0.26549426744844595,0.25875973864816615,0.2521303758560407,0.2456058461576731,0.2391857914258253,0.23286982897258213,0.2266575521915115,0.2205485311890243,0.2145423134058433,0.2086384242277859,0.20283636758631474,0.19713562654902717,0.19153566389957177,0.18603592270812896,0.18063582689097757,0.17533478176085282,0.1701321745667883,0.16502737502435139,0.160019735835931,0.15510859320124837,0.15029326731792025,0.14557306287241545,0.1409472695222007,0.13641516236720008,0.13197600241255714,0.12762903702190442,0.12337350036114003,0.11920861383345027,0.1151335865045553,0.11114761551920083,0.10724988650878231,0.10343957399010151,0.09971584175445969,0.09607784324930435,0.09252472195038308,0.08905561172554144,0.08566963718993748,0.08236591405335503,0.07914354945830837,0.07600164231075723,0.07293928360189739,0.06995555672307319,0.06704953777148148,0.06422029584882694,0.06146689335184874,0.05878838625523031,0.056183824387062486,0.053652251696178155,0.05119270651334773,0.048804221803777637,0.046485825413469684,0.044236540308133954,0.042055384804825735,0.03994137279693177,0.037893513972449,0.03591081402538521,0.03399227486016798,0.03213689479008508,0.030343668729528872,0.02861158837902167,0.02693964240495461,0.02532681661244851,0.023772094112814557,0.022274455484534883,0.020832878929070375,0.019446340420358865,0.018113813849197413,0.01683427116159919,0.015606682492091295,0.014430016291782977,0.013303239450749516,0.012225317416323378,0.011195214305132595,0.01021189301133063,0.009274315309539816,0.008381441952906243,0.007532232767232472,0.006725646740278535,0.005960642106515479,0.005236176427615646,0.004551206669361818,0.0039046892736678274,0.003295580227359096,0.0027228351266899153,0.0021854092382795898,0.0016822308726887059,0.0012122067050199803,0.0007742267561070548,0.0003671690458872945,-1.0096070127474377e-05,-0.00035870187156206157,-0.0006797815381105465,-0.0009744646980607286,-0.0012438742496669875,-0.0014891234444576185,-0.0017113132190047509,-0.001911529767880893,-0.002090842343420718,-0.002250301273591049,-0.0023909361871687906,-0.0025137544348581287,-0.002619739697308887,-0.002709850768724209,-0.002785020508611069,-0.0028461549481448856,-0.00289413254779447,-0.002929803590575375,-0.0029539897083736832,-0.0029674835275272926,-0.0029710484301403994,-0.002965418420160404,-0.0029512980880213036,-0.002929362666520774,-0.0029002581705981356,-0.002864601614191997,-0.002822981299004823,-0.002775957166875287,-0.002724061212120432,-0.0026677979471969593,-0.002607644916281515,-0.002544053251938294,-0.002477448271065441,-0.0024082301046632892,-0.002336774356535898,-0.0022634327893911177,-0.002188534031688505,-0.0021123843038139967,-0.0020352681597728406,-0.0019574492409901723,-0.001879171039774974,-0.0018006576696620868,-0.0017221146403016974,-0.0016437296345088726,-0.001565673286393121,-0.0014880999568731568,-0.0014111485069179253,-0.0013349430648759153,-0.0012595937886317188,-0.0011851976204297898,-0.0011118390322053529,-0.0010395907625593281,-0.000968514543103538,-0.0008986618135509161,-0.0008300744251528158,-0.0007627853323128875,-0.0006968192715817167,-0.0006321934280890673,-0.0005689180885042333,-0.0005069972805245015,-0.0004464294001422786,-0.00038720782401924225,-0.0003293215091844104,-0.00027275557914663295,-0.00021749512450242037,-0.00016352520879081567,-0.00011083087406404957,-5.9397145832917886e-05,-9.20903897849712e-06,3.974843747300838e-05,8.749027534804554e-05,0.00013403146272139566,0.00017938697880026666,0.0002235717895473499,0.0002666008426785993,0.00030848906374103535,0.00034925135128105467,0.00038890257320645105,0.00042745756229578546,0.0004649311125604072,0.0005013379750380409,0.0005366928545527117,0.0005710104056788623,0.0006043052293875917,0.0006365918691244588,0.0006678848079104682,0.0006981984649883088,0.0007275471928664956,0.0007559452741361383,0.0007834069185719272,0.0008099462604036489,0.0008355773555308588,0.0008603141787943969,0.0008841706217594947,0.0009071604897030738,0.0009292974993968528,0.0009505952766630799,0.0009710673546123871,0.000990727170858463,0.0010095880662106538,0.0010276632826276,0.0010449659609435002,0.0010615091388785913,0.0010773057499022798,0.0010923686211299355,0.0011067104718449627,0.0011203439121914016,0.001133281441411782,0.001145535446426038,0.0011571182011493875,0.0011680418645028112,0.0011783184802993674,0.0011879599750272973,0.0011969781573952787,0.0012053847173092436,0.0012131912249060406,0.0012204091299281572,0.001227049760530008,0.0012331243230505606,0.0012386439009333117,0.0012436194546694423,0.001248061820717794,0.0012519817111638076,0.0012553897134353065,0.0012582962896772187,0.0012607117763536735,0.0012626463839637836,0.001264110196927959,0.0012651131730763154,0.0012656651438760491,0.0012657758138061581,0.0012654547610395639,0.0012647114368178336,0.001263555166133301,0.0012619951471037893,0.0012600404518252617,0.0012577000261444482,0.0012549826896588456,0.0012518971365693687,0.0012484519351687595,0.001244655528637395,0.0012405162350432875,0.001236042247739988,0.0012312416363329248,0.0012261223468499338,0.0012206922021960054,0.0012149589029490926,0.0012089300273032677,0.001202613031978217,0.0011960152526739876,0.0011891439050373265,0.0011820060850027403,0.0011746087697019902,0.0011669588178051526,0.001159062970600644,0.0011509278531320888,0.0011425599739709469,0.0011339657269786585,0.001125151391761392,0.0011161231340111044,0.0011068870073813741,0.0010974489534305576,0.0010878148032702484,0.0010779902784179285,0.0010679809915927763,0.0010577924477388478,0.001047430044820885,0.0010368990750180274,0.00102620472586068,0.001015352081083165,0.0010043461219311212,0.000993191727843623,0.000981893677703738,0.0009704566509753931,0.0009588852288970884,0.0009471838958461376,0.00093535704002079,0.0009234089552023761,0.0009113438416648023,0.0008991658072545761,0.0008868788688687346,0.0008744869535917132,0.0008619938994911536,0.0008494034576074228,0.0008367192927494216,0.0008239449846314528,0.0008110840295785238,0.0007981398412653107,0.0007851157524214614,0.0007720150156842465,0.0007588408053607054,0.0007455962183939846,0.0007322842757844228,0.0007189079239537932,0.000705470036166389,0.000691973413836422,0.0006784207874943604,0.0006648148186059188,0.0006511581005952394,0.0006374531604365075,0.0006237024603592545,0.0006099083988715392,0.0005960733123515638,0.0005821994761276983,0.0005682891057858797,0.0005543443585906971,0.0005403673346791038,0.0005263600787657197,0.0005123245815070732,0.0004982627809795304,0.0004841765639866935,0.00047006776759417335,0.0004559381802664575,0.000441789543572213,0.0004276235531506245,0.00041344186047354015,0.00039924607443708737,0.0003850377626122281,0.00037081845238162714,0.0003565896329291718,0.00034235275597893633,0.0003281092378415451,0.00031386046038051063,0.00029960777214910195,0.00028535249077776825,0.0002710959036562599,0.0002568392695820876,0.00024258382052266825,0.00022833076241113304,0.00021408127696531665,0.00019983652316568623,0.0001855976381648361,0.00017136573939069422,0.0001571419254560169,0.00014292727775000458,0.00012872286202991745,0.00011452972955794394,0.00010034891897703346,8.618145710670433e-05,7.202836087571995e-05,5.7889794220500335e-05,4.376520729465483e-05,2.9653477383817517e-05,1.5553048513083922e-05,1.4620709976043145e-06,-1.2621458779449313e-05,-2.669955910050703e-05,-4.077412307879058e-05,-5.4846779505624e-05,-6.891875364090083e-05
41.46122167478177,37.27637852009161,33.985879363810454,31.977899925928455,29.387560770035407,26.18585572677489,21.760218559128134,19.195529141959923,21.412541638956554,19.551002434877205,15.33805811697539,12.8687732392807,7.304067755609708,2.3594867977458307,0.9583994740966091,0.9104051258711934,-0.6833320601556352,-4.0953052148107645,-5.525674043778508,0.9014310603099602,7.138655600402899,9.176120575242976,12.00992771502024,12.877144629187114,9.513311847297928,3.709266462753817,0.9896092660632121,0.2163430205577015,0.5743463671703921,3.2293328861380814,3.4789130729185445,2.699066240662546,4.576318229629123,6.5877829890769135,3.066653112195695,-0.8685401111346209,5.8390887944880205,9.561497379575371,6.873950716198351,3.70797512730951,2.86380962737303,1.9227597545860817,-0.3994698251722184,-1.7444134078295974,0.9238888998120274,3.7999225614244097,3.5973990225104444,4.888244680610569,9.017762038370392,10.77314764086077,4.820869592314466,-0.46081308816360433,0.7345807926960788,6.335729373022787,8.323434740926587,7.325837218132165,7.294196411208759,9.049155959765812,6.2707337739936975,5.081451741980118,7.619578195050735,6.1704756829497,8.099828259088326,11.874759789516247,11.848745869363484,12.245378093784666,11.29959941212087,9.166029283551325,9.297015529483588,9.261604273470994,9.479182506240932,10.232539612672326,9.464131998477342,13.598592780488616,17.77283440256133,13.539661503381922,12.18637401466276,13.18728223290168,11.71347257970865,7.465204962650887,3.9260633132630574,3.8855390196833923,7.923162139942633,13.30657269508265,11.317203859139681,3.445593920806459,0.4149460526796247,4.430884957797161,3.365295063326812,-2.7907990216522194,3.4044326394725886,10.138697221599159,7.78378359043063,-0.11945301938544617,-1.3370429172061904,-0.10693905792663827,-1.782925886282328,-4.621862960184899,-2.3522718740821347,2.8355795418365233,6.806866666746373,8.624396432202957,6.8595200109505186,3.290130682044037,1.7047411557734904,4.052386274353694,5.406856568899684,4.553123805913856,4.941076203399916,8.264620078737153,12.958261841135027,15.132288323341072,12.656872757589099,12.102260105072219,16.18371359254661,19.90580187716614,15.9421593805273,14.311145096144855,17.643909392068963,19.214545541172583,14.195704622250105,11.892360011391474,15.975328391679795,19.92853560852427,18.03156020667666,16.496595925534393,19.13764134196481,22.110368187863287,25.127575187611,25.18513990924066,20.654181548652105,14.835870494168375,11.626956123383025,14.196158986552064,17.62296507279825,9.48539410787862,3.7817521411914186,6.33798099234582,10.14811292308832,11.14856237386698,10.340195895318175,10.5758076341599,14.377624296840168,21.69523969628881,21.572606559235737,17.380091458512652,22.78285861437689,19.671900587202117,17.509374651263443,23.63292439489578,22.69501099143463,15.446481922797602,12.622923612339036,20.112875040328163,29.462832909115377,28.13433097226516,22.0707115604946,21.73655442546442,21.609376564888407,15.0119076465744,9.220122247706513,11.99388016302737,12.787620343393428,10.72362721995978,11.866688827932421,16.953955411404422,13.852947121549505,12.895537882896178,16.334254531553825,16.471793512514978,19.7572119420347,26.468178570438795,31.450963687957028,32.60286032862632,38.73876092044884,45.41403314676586,47.62398222329239,45.081316050902615,34.509968236822715,29.39766182546009,32.376891800850444,30.33637579320066,27.04312409346676,25.355330482404725,23.32430127083353,18.54882558560098,16.264286900813204,16.62037347631872,15.498705539287585,10.764788373602642,9.221625713275671,13.881692872090298,22.25270349947982,26.509117903583046,15.684769167269224,5.489757253744756,5.668604385864683,5.917736534383494,9.205185548507188,13.822835224731534,16.509345782783384,17.660480552293848,20.02893480570947,24.748993846304757,27.846542536959987,23.694875375031643,15.759569229471026,8.227390005992447,5.967230940603713,9.510093821573037,6.8847825748216565,6.580183183073132,13.21140164369831,17.9929085304243,18.054822509900532,16.359291699486675,13.900811043871727,10.867477367441552,13.346922237312583,16.256732188542628,14.44991722618397,9.967351940553272,9.832575492600427,15.321689523103032,21.032572033330553,23.253162968945844,27.088050562979333,28.718114668458384,26.431776374917263,22.80187772820318,19.944593091924162,17.249043768250203,18.522439885204676,25.144865822468773,29.062200005918157,23.834332018816895,23.764312600708763,30.31534635770504,22.83942946479874,17.45247108107219,14.356315581665285,11.987302666783762,15.754548921314381,16.952667778288742,18.439503517159665,19.206931925237313,14.734986125570686,14.21133892207672,16.801811059237025,17.423686704149077,16.019272757792805,19.17088902721639,22.370155475353386,28.79936397617439,38.67327486975864,40.5949512803129,42.72983039440305,40.4049664328511,34.712790202870565,39.11352632274156,43.422864689465314,45.09284382775195,43.851132685651464,36.80454609255321,25.8907050396092,25.708481720328564,31.035944957900938,29.3435438171673,29.538980118748896,31.781905873913274,31.87711174159176,28.19689008533851,22.370976370059452,13.144215545658426,15.126928840567189,27.624626598483474,32.09931179103705,31.15019165864487,32.80701222398011,36.797148230634775,37.42817133681183,32.62337217724962,19.577888229806604,11.325965038128743,13.02086474276166,10.269949914154267,5.698892367543067,6.959119727107918,14.0276205705768,17.25577242820259,8.860185802476735,3.4931384156254808,8.515647338232156,15.078158002502732,11.694030028142151,6.137729925476606,4.775031629179921,5.331327600777058,5.879544003978026,15.052909203734998,11.32742441454593,-1.5402710059463516,-4.666707778151931,-4.186833990986543,-1.3009812204586524,-0.1114171319829893,-0.3574814721976054,4.145803521538937,11.571822471247287,12.675868764055394,6.860451426784039,0.7139913046048605,-2.5796324589809956,-0.26390895593340247,5.355808611710927,6.942431373364343,1.4674636728577752,0.7824140425914266,4.5446990713439845,6.285514566528718,3.2765343967139415,-0.40820003402086513,-0.9663761648748732,7.2022962389451095,13.12084647154552,4.352464239613482,2.8847764143165477,8.245570564386526,14.352892759140559,19.81643863396289,23.618338912385752,18.26135221911045,11.467473098253322,6.731155205295636,2.9079350333458933,5.813553480522842,5.5232726385252136,8.134692884886135,14.038016583871013,12.618928684715684,13.266042420352733,9.481861363384269,5.275601626996604,3.3162684152516704,-4.531454884411232,-0.5837934193041292,7.778253188726467,15.122909847388655,20.512419241253383,13.301869222287223,9.111238169340595,10.08516133420153,9.107897080972407,5.752789679301941,6.527386589611297,3.8519544236053207,1.8764954683756514,6.680699125817682,9.341446992990768,-1.8118165245546152,2.250547357088635,16.078947311935735,21.961584757696983,29.0671526682504,24.107676782253748,20.129530517586772,18.613166912611632,15.44870496148701,21.415177812680213,17.528921757287208,13.517330515199774,14.254036287792132,12.555174807517233,12.976626475175408,10.559988209486391,10.539482584633333,13.036049868800092,13.839818729347826,20.2847397722212,27.19206690688179,22.123164319006264,13.073963787563116,13.09825620733136,5.23811241569274,4.151812877703378,8.054278159608657,11.952664740597356,17.40088122411862,15.266433651167063,9.30122573671224,8.286700684705238,14.053617175224645,18.401238919053867,14.044965916927595,12.885254923206048,14.40178492056566,13.021621298469654,12.468947146828214,17.860522378389533,12.680171088694124,11.323824962230901,15.950109727971721,12.85900740438069,17.377598024286726,14.457349983054428,7.263841266414602,4.938478492487775,6.772569896759478,8.686817752120533,5.465326974514255,4.84459418933011,5.547077389485821,3.236274122503346,8.237912826508364,16.4465692722506,21.419049851999944,21.451172985244284,17.88074713706692,12.815598158684452,11.468042300738034,12.034891602622793,13.018010667866292,10.716626177757007,3.949128550846126,7.184053618395865,6.455366504256517,4.113193723248969,3.529877941530458,0.8717067264406069,7.464269050143457,5.103124500757531,3.003997935599955,9.039718193862655,11.729598189337594,6.413262431846533,5.3995725394993315,4.066969567205888,5.06110594398001,11.33720400464017,12.763815656017641,11.244281710286941,6.740413382928637,2.1017160774945296,0.5680753828710294,1.8816960137098704,3.924675205981657,4.114022116860724,3.3204808626176145,2.4030763981204473,5.462898775875601,14.790857144021857,10.966800534093863,5.401631186040731,6.806787352506262,10.101348347535804,11.140305890431364,12.76473467473511,8.326694608084608,1.7970187357061604,-1.4466003782804364,-0.36887757602085003,4.404964160745749,6.482127377168354,4.903652068523343,2.5667787537506683,3.629001367674391,8.007335072816431,8.759907950048273,6.834739857633167,5.3590489965936285,4.197723782916,2.133376706056083,0.1612663200728548,-0.5377411241565824,0.7071498073376006,1.4116495401308384,1.486610030646034,4.473559363672734,10.821679283932554,14.126635463792127,14.461082239542975,15.781095386376478,17.00466329587482,14.960173172136138,13.215817647698714,11.573613542675957,6.25897723450737,3.8818454276456578,5.529815333458259,4.0898612165347,7.452618897857292,15.345698887078925,19.401862315777635,20.42073889814901,21.67699302929634,19.897740675530258,16.460547295618426,15.186213663242256,17.434235195090196,19.260577957198052,18.153701389366233,15.671154802211163,10.78949203863533,8.712072015051945,3.639017705642914,-3.180781696772783,-4.712853867184208,-2.8072775103726144,-1.9545265683971138,3.17483806263715,6.91857561768802,6.641361518135113,7.537582407564059,11.947681394330175,14.079715579124013,7.447527000681703,1.958327871798133,1.8076597386419735,3.9541254749857444,8.361820937899324,13.592619909352265,12.751913401538104,8.19539624317008,3.0481711674572125,-0.24007495099272091,-0.4912619877028419,-0.15993683598424013,1.858440505594217,2.1084750984018683,2.1910462320256556,2.7738664812990237,2.9700827722630265,4.967670855134088,7.127091534684041,7.815274845479166,6.674235558595683,4.460367546393854,1.051585009905466,-3.206546928688226,-4.256244014082654,-0.6678030391270795,4.852840187800439,2.6665899656661622,-1.733569813723193,1.8771559982176313,3.412666626478085,0.6773640380192774,-0.6445283641210153,2.1078362905155927,8.102391331343028,10.850880912147659,7.595700231945557,8.880085689821271,8.92531247607053,9.466021592199468,5.786108518276478,3.096835951830826,5.467070992249205,2.07493335892309,-0.017119396557518485,0.8149545425602582,-3.2529839898321598,-4.430633323370898,1.4109024285692158,4.284779324475949,5.782339316903858,17.713857035398178,19.665607507832874,17.101854713353077,13.489546211418315,10.230137128646675,11.962202824732458,11.74832886682566,11.17441505554234,10.126042633854013,5.425864481196413,6.832750726119912,9.768901032713416,2.9804889911656574,1.8834259843069958,1.471931202386827,-1.2370102394058904,0.23403584567461166,1.29781862514983,1.8604954462642809,6.827674210073383,8.110028549552226,9.46698629772061,15.658890003940542,17.507299532592583,18.741549061075602,19.908597969182892,17.042037063335215,17.12571150674887,16.864289953749562,13.480078506247764,13.178657946913177,14.760456343219289,13.68257769086813,11.370020017328216,11.399391309935481,11.8805015440239,10.456789926082024,13.566616349548326,16.945886048901343,16.548520480082857,15.938241650539908,18.781370010523574,21.44521318599243,18.78688405367393,20.2392990098366,21.135946302529533,19.90296352305927,19.710931949919086,21.71016719943043,25.388873541822022,30.037499170055412,33.09047167179915,31.065894830190132,31.990230935725208,31.19780050043562,31.514009704518458,36.92435682323389,38.599334539035,35.41524238881425,24.75985065890552,20.958670234743522,19.339162650777894,19.231655997935377,19.50883483166399,19.09208783893382,21.937652830050297,22.675105549859722,18.15478370959977,16.4091516592473,15.923064511426674,20.73520874565918,24.790030967909274,22.49376770280969,20.631803386613115,18.347674503071403,14.460513617287688,15.706077436159717,11.974723271315497,8.530891336431296,7.944074358648663,9.840587942489037,11.460333323847294,5.7489602662788,3.035540238867952,6.975254975646408,8.613971942248895,8.964720992721823,9.284000357995637,9.522093993622889,9.802258559568145,7.576057869055717,3.475962958208811,4.364241468826435,4.533458546673501,7.471369330778657,7.994952139636553,6.903301243824217,6.3143577706732685,4.87712905171702,3.249227744084237,2.8678070328160175,4.760840090530564,5.875184080409099,8.5456351426742,2.486200255810786,-0.6373322296967672,3.156743756765536,4.858990693057535,4.294443397614259,2.161244113128305,0.39697557081649393,3.668468332646853,8.467687198232625,7.5362303894038405,8.032382292939701,9.988327909184136,11.62698629852457,13.106028940483839,9.744625175324018,5.9129684233295166,8.750355134228016,12.830346303169335,11.93072568308014,8.671866075884054,7.920782156838186,6.642693300419182,5.345481663244527,8.550456472037013,12.491206692408923,11.065871216176788,4.54575663134915,4.819600059972117,8.334243638266571,10.690459684555208,12.00025015248741,13.023137899322137,12.01705766823136,11.252149931322833,12.780353275404877,11.845987974571358,12.359083474099066,13.698418034666588,11.688935673231413,14.915100521284444,19.706065482829217,18.03807669692185,17.424731847637304,19.77611119024266,17.593296655501263,14.863879427033453,16.619333206473698,19.875749349693933,20.202562277194602,17.233962722682463,14.947156977733584,14.461622559746274,16.032089397652953,14.500749353130459,15.777846883865323,21.6306806615313,23.036325612049268,22.860038092021796,19.963837291137224,23.753319214643398,21.675581777653747,23.61900469963757,28.037334184850124,33.88480235689542,34.6144788676761,33.037340136864714,31.777164298466687,29.386315049941913,28.200966387595372,26.235389955038386,25.845529380473295,24.09533348106288,23.6589169464487,21.200809537207306,25.316446851148385,27.746648108188992,24.109854508319586,22.356901937803514,23.021692719575412,20.893803210409942,17.41588363678875,16.781619733468574,18.33331609908703,19.096136982244616,20.334868821648115,17.49410571670262,17.286933385670636,14.24870142240411,10.93160339518613,9.776869533367858,8.516073211420917,9.50883858394252,9.404522840641675,7.514164349249313,9.424984619075985,12.206931458796362,13.744221754118598,12.637501834119803,10.745107083142557,12.64235160224814,14.966743242205666,17.507094741892843,18.01175103491937,16.724050421372908,13.803528130634845,11.906726997025316,11.166628904199229,8.639432318576382,7.137804316475922,6.930038551680582,4.0274699563797185,4.4146383361656945,6.88247957825854,3.1121879174770584,4.284529654298467,3.030954371731241,0.8720713805807918,-3.901490780192603,-0.5085030728980655,-1.0323218585236873,-0.8308345966897832,-0.6642622770298203,-3.6252761600090935,-4.376548254114596,-1.824489091662599,-0.8378682208912096,-1.3638062682219925,-0.6776016003371979,0.8922992966688525,5.150391215270474,4.759689366524526,3.607024364417043,-0.659848360065098,-1.6134496155445959,-1.0490109633009297,-2.7831713313066757,-0.8194489107629579,-1.013751331662661,0.37775333385843624,3.0620418154272784,1.7680634611457435,-1.6337531949013737,0.16506952097097383,2.1914092456668186,-0.8075194863545221,1.2539375816319307,5.002458325793782,3.133934364092511,3.984698708775227,4.610749586039219,6.5671082611120255,1.624066534240228,5.683629416146459,4.752171872334657,4.985543397601987,7.183452874809291,4.71012284841936,4.6560935039242395,4.164822036272653,7.454899452147515,9.325971029249331,8.827009913069901,8.256622105566635,4.1912447572458404,3.2760397788889577,7.880106650434641,9.802048918748483,9.847244245029287,9.35665280636465,8.171050689649064,8.866259432830475,8.522006006751894,7.871458878442581,7.728474139294235,6.851365101364536,7.932343229645539,7.315230632117618,8.281409658682946,9.442767298814601,10.391292252906851,8.534829210671319,9.1254601039401,13.63535878450034,12.113480418155518,12.409254881391803,16.12021874950392,14.095372200610996,16.83526409377896,14.051989730098967,12.728821926354954,12.481600453506644,13.50203050885068,14.976994264179666,17.505359845770727,18.222676011108206,17.88131105620255,20.041553818078114,22.64253656047208,23.040198624997174,23.742027381981416,22.374038171170696,21.846057434670684,24.750770705307787,21.29597363599089,21.064337334238758,21.756267594379324,19.690454237119297,22.86362445831969,27.008953680109016,27.925838182784446,23.995397619966752,21.637994458161643,22.191041986991195,22.071480140872154,22.572650443710586,18.644691528670933,16.41559621696524,23.639270992679826,28.01908358896685,30.6650155859885,32.62497300809275,35.30019133265705,33.91410736440548,34.18655330382421,32.908830127957344,26.625775434256184,22.941366595695627,23.24827461173504,21.172688695510033,22.912389973609606,20.53625120535446,23.363936315857018,27.859150145355102,30.890258283630146,29.72479345642364,30.076696433263805,29.952141339324612,30.526915991329133,27.749083042817347,27.059560981356867,29.64743446491923,29.658267379113795,25.925181679962634,22.25120602563004,22.721226833324295,22.942772338102372,23.265433932585665,22.77952337136844,21.9922201996892,23.719661645771453,23.065580394866743,21.033425998541816,21.534055369773796,21.16521296663541,22.801618632855707,27.417233259705426,28.16570295829331,26.625658890973455,26.763119540248454,27.04251381199242,24.660750845923985,22.511575456416494,18.931173839424673,14.983940388964356,19.806716336402815,22.874659285806956,24.037009333228298,23.430785048971075,20.825998205107567,21.51426467594399,21.926602550061716,20.26209417086568,19.667390489881882,22.557450979301734,21.272526113327785,20.168977391667454,23.48609875708803,23.21354834639635,24.291482436070964,20.644613086704226,17.667681668021373,12.609919672786532,13.543860049651926,10.334759095652771,13.022676440938085,15.367336209525092,12.120282512225572,8.263160462180394,6.193446480033458,2.4935526835499786,6.740275336775767,7.99325957549479,9.665787556776195,8.99291798211334,11.743338957514425,11.14838417407077,8.113763589946302,10.020039564091348,9.623017784705098,8.869481941888807,8.861610271254563,8.5462456488101,6.489675865183358,3.891549672783867,1.9314346086474643,2.354937859717438,0.7014896619813271,-5.098244632505043,-2.263196909803014,-0.3871265130402435,0.17298499139940304,0.24466914702748,0.05847261677672577,-1.3998699726060977,0.5619800036839706,5.593223173696856,4.397869679596852,4.218503322975721,2.9457177195441773,0.17042344597564352,2.3036601789026463,4.765073534947078,2.260563783176849,2.523862747402518,4.199651732410189,6.217829075755503,4.914420624715831,6.719262639943054,4.326595187520979,3.1666195756706657,3.598980039327216,0.4645216686402591,0.6697019868291818,1.3463202675363846,5.741593197903512,5.331863307001981,2.033719131775115,1.9049840275428096,4.879823919690352,5.638254152479249,3.244688996251398,2.034202557914398,-1.1443069172033233,-2.672196514146208,1.5076035380236021,5.086894054832726,3.2326954276105653,4.028684033137381,3.138583532345649,1.1688967243154025,4.203848262236818,4.786708092566812,7.804770399580377,5.092686066616352,3.367032686770756,4.894680312620949,6.180078005744122,5.580671164421574,7.076493680254657,7.425075224668376,7.448336851282022,4.644865130973017,2.7336743565820143,2.5752273310724263,3.304614269587205,4.585825276230878,5.015009548474666,5.728293852551076,7.343127695379053,6.841248341126402,4.2901161966011045,0.8916209161270672,0.8479263832197148,3.330404155904205,2.678516527725435,3.4888360548912942,1.6817875648201266,3.104309207922199,0.4058902359598733,1.987301328545982,4.451766737985622,5.401869648712989,1.6782604269386638,1.8432685861864115,1.1583201518412807,0.43705654113347236,2.3637855593672725,5.16877444079762,7.117599021191552,4.79172207061049,5.176841487199852,6.493456936026348,6.852509459003954,6.793070552216307,3.8240291417308754,2.466022741885979,5.720614998288966,5.654982102913607,7.122707146375319,10.420854099103735,11.191975721211008,9.269267041270552,8.122549165923829,6.2512138080889486,6.911854016866414,9.095406698657087,9.07186080305189,3.5522749267412337,6.0307878139173,8.711926037138142,6.480238759242752,6.0438216351584515,7.540945453038773,4.513841578295683,7.143717673027936,3.140040225293717,1.742273788076318,1.041109406995588,2.3701273577408415,2.4946705072030113,4.000668643463314,5.53633768208914,6.993209788971512,5.148039965039743,5.879846916199028,4.253195708550379,3.8585602440385287,4.230597348897447,5.504457848271386,4.459579253619324,5.143098721267165,4.229075569004749,3.0446752897651095,4.168802455526702,1.8885217341912721,2.200431068186276,3.286400427884132,2.022025149551496,4.661653902924343,3.1589759758487617,3.5358564595364896,5.385754367583161,4.986942813123619,6.7179751324359245,3.000159290057127,4.679637783804878,5.391645829058859,3.08654268495377,2.738521299975332,3.090267966298825,1.693886426856693,-0.4748443473357611,1.6541842793321848,-0.027350635866355333,2.926549087985677,4.307157781482715,6.027362031392897,5.014299702752567,6.250375391846546,5.584356718920219,4.869405210431296,4.491427195730125,3.7729740250387067,2.7380126150616206,2.9152092122369027,1.2148521036546072,1.8522524782432583,2.058041227664944,0.14842034741872112,3.161515455324661,3.7939909727201666,3.2157470887755153,2.953250996074132,3.864115805859342,2.802109119205454,2.48199058241579,-0.473155243104884,0.7256800281147662,0.3105941825797345,-0.5230582298354989,2.781954751090325,2.8914212892459545,3.5835865457149794,2.7465281561108554,2.792829012922539,2.2409982476581263,-0.4128246722231097,2.562698471247984,3.7685694068326825,3.9979893140536547,1.9232788686235267,2.7018047331749813,0.4910554483248575,-0.11730713150575411,1.6904857325922649,1.2690974955565366,1.6716167362443457,2.9352627659784503,5.358637785560404,3.3233515147653634,2.766860305473699,2.7005032338712454,2.068083699067188,-1.119059769489354,2.5521445492806265,0.02644144245186908,1.5797979760644978,1.1783515016002184,3.617249222326933,1.900012247114546,3.178888740100291,-0.4626599456732947,1.0454757845174072,1.7166626692066131,2.2504703453104185,2.4745505534694985,0.9158803708006644,0.863506329114216,3.289244644022858,0.996500189905845,-1.055133522938121,0.7606086690694269,1.1929882151723632,1.0221045012491459,-0.0420878594408407,-1.2376781790908353,-0.4743862125995406,-0.295388089781369,1.8106186329258946,0.9453171310431117,2.506166766217234,2.0844897206021074,1.6981215976100543,0.35092074142318097,-1.8820419050339865,0.3024082037662197,-0.3008670532616122,-0.0703609299831669,1.636813861796611,2.84561012618164,0.4103719830866339,0.838641510052696,0.8318389174119716,2.3033441704994857,2.4057339288099797,1.0850263939647675,0.5956501715429567,-0.06582451774636411,2.3630263690771187,0.9752091916952281,0.8082643752452441,-0.1535972204299867,0.9813821807559862,-0.45157193797436435,0.46728424108064814,1.5720056468096857,1.624976629146488,2.571290121058553,1.454778517039074,2.1609792767177964,2.831746852918684,1.9255400966254115,3.3332669164672666,3.622730170120974,2.372047323342912,3.017230377077283,1.8732126038528918,1.7013533660769724,1.5658225077810357,0.6069463190719375,1.7735226131619584,0.8998929658108636,2.59202047952715,2.1548427762051574,2.252077125763435,1.510331207636284,2.497069409644098,1.991456408027318,2.279675672288022,3.219306346805979,2.6526075237747477,1.8489772556832804,1.2519313717519935,1.4234852721627362,2.949610530732059,1.9593388816624042,2.703329571812276,2.8277036882388984,4.402822159971322,2.020545267057173,2.4583865357852233,1.3532037728114688,0.02367826942196416,0.23803036615265682,0.486770440234352,1.1792473460712927,1.3287680192735252,0.8243106642451039,0.4878520097396404,0.22613127532218869,0.20698077142094462,0.22646764913224615,-0.2926777531376956,-0.1308653784187186,-0.0160730730119667,0.7090070361767289,1.4869307840993429,3.246871976798957,2.515294310688489,2.7746853274150567,2.5532476491275133,3.733904689841893,2.3708289978978883,2.2644543449244736,1.264912141444313,0.972104689698142,0.8903988871153388,0.8161079450478042,1.926175478971345,1.8563768098606488,3.071619146150283,3.4542289442309766,2.1533322800892165,2.43289253077279,1.0551028384648191,-0.006852992178835393,0.5345626808580164,1.0707694033740154,0.695739463121356,0.49106253345128437,1.796140718141089,1.5701804541859588,2.123202818303085,2.6190724191565096,2.014767361585612,1.8062211769993581,2.089403816423726,3.449230057586533,2.5247679116582162,2.0291740951792576,2.107169403267676,2.0745941180659315,2.3614087943976756,1.970381091638501,1.6763884183748132,2.0423710354712057,1.8407798393758412,0.917124604331093,1.560198001555932,1.3922124103614806,2.2672449832382995,1.0821812661701955,1.9224823230455286,2.2524238067998112,0.4024539686478761,1.9615581270425793,2.116599062632602,1.6599691450672367,1.6319700782341329,2.313977008422583,1.4158546037834867,1.1718432165972672,1.12658497406278,0.7119060292608168,2.2145213386290408,0.8909791614378406,1.645700460310195,1.3266028128727072,-0.2422763727010988,0.9193425497074941,0.6635601672340385,2.1402675024238675,1.7644006774816035,1.4447386791984513,2.021815383843375,1.872526217547204,1.0657906352161035,2.288547008507635,1.2906227016212597,2.62745550663999,1.322874505041625,1.2751363109684348,1.3265281679938425,1.1458295017476416,0.23233260569509184,1.1405130693627257,1.6891515737898999,0.5571132196560598,1.8856576530810116,1.6033140567583928,1.842644322765068,1.6055796896825427,1.864899295323994,1.3261854616712299,1.266065246090875,1.5762702486239277,2.1086836150681734,1.2704404087897387,1.7169664979114145,3.1528895888436637,2.9015811127850952,1.1016740264655027,1.0161067215542516,2.1914402212522646,1.3786421854308628,1.8275814220050393,1.1161676776854392,1.1701040955263693,1.745766924738632,0.8796607765261797,3.017034899528369,1.3717618064688395,0.7641590208676803,0.9968666219396596,1.1264156036945678,0.8640457227599967,0.5342549849384568,1.6507502940023642,2.5103653313537393,0.5632615552139129,1.719820509681881,1.1208046944933585,1.5473572967769087,1.8366020739537134,2.2893314519511136,2.6735732382219908,1.0702593691959237,1.9712292593068241,0.5529039725541907,2.691666991781233,4.36318305557586,6.501589838925199,1.218118086357606,1.6514255655820946,2.231437317515372,2.3752646498160743,0.9256282356225825,1.2422849485350866,2.5259759140735767,0.6399062753752105,1.736091652959999,2.0891443440804096,1.7769449049967463,2.3163690443832934,1.9723696857982986,2.125873947432531,1.9631828957471953,2.670315097018495,1.8682826651008213,1.7291380962308835,2.325812606066961,0.6233270811034117,0.9036806298430591,0.47479698107292734,1.6067846792179736,1.5838627864087584,0.6046445827596472,2.1393610794026543,2.147180604934931,1.493769229339648,1.7563711770227428,0.5163923577298419,1.6053262436064415,1.1416573745436267,0.87405430348349,1.1207426591437297,1.3982473907956319,1.4902518439367824,1.208996047970743,0.5103699382074254,1.0184304433148554,1.1467318164124052,1.4896410444692947,1.106158941431545,1.5068357023106955,1.2802701175569382,-0.10084874947915523,1.4698350287133053,1.8545415677454002,0.5049493018203748,0.6941666859866658,1.498742218791449,1.1698916877637657,0.6373623772869905,1.3650391805849225,1.1638299373992709,0.520816514786361,1.7105371758703427,1.014167704936483,0.5370948358215628,1.196896210467294,1.1908620941078993,1.1187331938115292,0.0757106078138996,0.6295981667158763,1.229064790592929,0.8209616333136296,0.9557392741795638,0.6561878405236179,1.0919460426927685,0.7792196793462267,0.7341667562323551,1.3494100449276516,0.9897383049932955,1.6600272887349092,1.2779944463590596,0.37242578765557255,1.9060671555524742,0.5536737856665468,0.795905111435502,1.5393314606369586,0.6033553415898041,1.1527045786504004,1.0149086783931658,0.6734285049002473,0.7791042000354196,0.6935664724750801,-0.04735780372897125,0.9818676487749372,0.6569329270104163,1.5391397546679322,0.47488309723928523,1.109757824285797,1.1086096276311572,1.6098310699345575,0.8483932010169042,1.7626627532220063,0.8956034657291525,0.18298590828715078,0.7647679542729406,0.355116672021893,1.0908541589834613,-0.3815215432905461,0.2147403358014799,1.323012691091833,1.2229129790686137,1.2194472415703785,-0.1885500190923608,0.3208890460741145,0.48217540637097045,0.005222013170680384,0.6582990083976483,-0.02306196141904593,-0.1082220462933492,-0.0256425097227293,0.45845743824935425,-0.11360844371591838,-0.06125320366766118,-1.1215351730121483,-0.6108482431312741,0.13864911725016782,-0.5215845970577675,-0.10986667720425203,-0.03626244736676654,-0.05272266442836049,0.23606007859666356,0.4633516650551428,-0.09904654573989546,-0.14847996932610386,0.6880089689023521,0.44060396865387474,0.8278145427942718,0.03110086661092737,0.3422221430219565,0.10421091778272462,0.2248971038546319,0.733477104632243,-0.2779340359544449,0.3923663220494973,0.4211907631391796,0.8692858535690124,0.1539855274474462,0.33821250677095804,0.8876681236262147,0.687429095894629,0.8299056174492421,0.7980641488694573,0.511136059504226,0.7625448767504945,1.1444325293450675,0.08173792024626714,1.7462574810965066,0.3777579112431795,0.7892050075636803,0.40721199009703923,1.2106752870100763,0.636975935406495,0.2969348308757258,2.0698902995115436,-0.07320082438332065,0.8006246554137988,0.7989846667713323,0.6955308023078146,0.8635849848989228,0.2809135716518085,0.5118449899921416,0.28750432351932886,0.05047767184828267,0.4473983089075073,0.9047962397227707,1.11722873018266,0.15748209693157378,0.6256719897764924,1.2246333497221276,1.3091490303644395,1.3608394932439296,1.4085834460614706,1.454546089157077,1.4989021637138649,1.541686075336031,1.5829244503425457,1.622642807209047,1.6608665061190209,1.6976207449910703,1.7329305556572194,1.766820800187304,1.799316167357972,1.8304411692636222,1.8602201380667793,1.8886772228858035,1.9158363868168635,1.941721404088014,1.9663558573438422,1.9897631350565916,2.0119664290626247,2.0329887322224067,2.0528528361993494,2.0715813293579117,2.0891965947772633,2.1057208083787486,2.1211759371636845,2.1355837375611486,2.148965753882578,2.1613433168811866,2.1727375424130173,2.183169330200087,2.1926593626907334,2.2012281040164794,2.2088957990423523,2.2156824725106503,2.221607928273727,2.226691748615906,2.230953293660889,2.23441170086312,2.2370858845820862,2.2389945357359125,2.2401561215342554,2.2405888852871954,2.240310846288537,2.2393397997733473,2.2376933169457516,2.2353887450756815,2.2324432076632093,2.2288736046699,2.224696612812579,2.2199286859206495,2.21458605535463,2.2086847304821617,2.202240499211655,2.1952689285834595,2.1877853654136743,2.1798049369916725,2.171342551827877,2.1624129004523525,2.153030456260467,2.143209476406298,2.1329640027408914,2.1223078627940595,2.111254670799042,2.099817828758546,2.088010527549727,2.075845748067877,2.063336262406949,2.050494635076518,2.0373332242525066,2.023864183061505,2.010099460896413,1.9960508047637973,1.9817297606599595,1.9671476749763883,1.9523156959311905,1.9372447750279207,1.9219456685380578,1.9064289390088902,1.8907049567934564,1.8747839016016883,1.8586757640733822,1.8423903473696441,1.8259372687840028,1.8093259613713144,1.792565675592357,1.775665480975647,1.7586342677929565,1.741480748749666,1.7242134606875084,1.7068407662999903,1.6893708558594085,1.6718117489537576,1.6541712962340398,1.6364571811696464,1.6186769218129484,1.6008378725708212,1.5829472259820818,1.5650120145020878,1.5470391122916567,1.5290352370108167,1.5110069516150588,1.4929606661568755,1.4749026395872988,1.4568389815619867,1.4387756542462284,1.4207184741209176,1.4026731137893194,1.384645103783157,1.366639834366481,1.3486625573387414,1.330718387835816,1.312812306127455,1.2949491594115443,1.2771336636044452,1.2593704051277541,1.2416638426896611,1.224018309061364,1.2064380128479115,1.1889270402521106,1.1714893568330353,1.1541288092569744,1.1368491270411027,1.1196539242897074,1.1025467014221135,1.0855308468921976,1.0686096388993747,1.0517862470896944,1.035063734247899,1.018445057980216,1.0019330723868052,0.985530529722837,0.9692400820499643,0.9530642828771079,0.9370055887886224,0.9210663610626284,0.9052488672770664,0.8895552829029043,0.8739876928863737,0.8585480932184737,0.8432383924907754,0.8280604134396867,0.8130158944778714,0.7981064912116835,0.7833337779458702,0.7686992491744036,0.7542043210580687,0.7398503328875563,0.7256385485334249,0.7115701578804874,0.697646278249465,0.6838679558039189,0.6702361669428569,0.6567518196781066,0.6434157549981023,0.6302287482163251,0.617191510304167,0.6043046892106645,0.591568871165407,0.5789845819676316,0.566552288259345,0.5542723987841214,0.5421452656306087,0.5301711854597215,0.5183504007179067,0.5066831008343229,0.49516942340312653,0.48380945535018327,0.47260323408414706,0.4615507486327033,0.45065194076317994,0.4399067060876405,0.4293148951531407,0.418876314515785,0.408590727800231,0.39845785674413037,0.38847738222523276,0.37864894527592696,0.36897214808067247,0.3594465549595043,0.35007169333488264,0.3408470546849003,0.33177209548023257,0.3228462381068766,0.3140688717732587,0.3054393534031874,0.2969570085136297,0.2886211320770826,0.28043098937035893,0.272385816807855,0.26448482276072127,0.2567271883616513,0.24911206829506227,0.2416385915723822,0.23430586229375194,0.22711296039534545,0.22005894238282053,0.21314284205095646,0.2063636711880008,0.19972042026813597,0.19321205912882533,0.18683753763519917,0.18059578633142337,0.17448571707785732,0.16850622367468304,0.1626561824741657,0.15693445297739572,0.1513398784202309,0.14587128634423152,0.14052748915725033,0.13530728467964082,0.13020945667898332,0.1252327753920781,0.12037599803448984,0.11563786929815478,0.11101712183756263,0.10651247674348951,0.10212264400490767,0.09784632295952633,0.09368220273279348,0.08962896266547205,0.08568527273001791,0.08184979393593039,0.07812117872407498,0.07449807135014908,0.07097910825814324,0.06756291844175166,0.0642481237967445,0.06103333946265366,0.0579171741539426,0.05489823048174003,0.05197510526528504,0.04914638983416353,0.0464106703200855,0.043766527940363176,0.041212539270873094,0.03874727651117382,0.03636930773905078,0.03407719715761459,0.031869505333247616,0.02974478942468295,0.027701603403556874,0.025738498267344312,0.02385402224280142,0.022046720982928036,0.02031513775489202,0.018657813621075547,0.017073287612504373,0.01556009689363691,0.014116776922321606,0.012741861600318316,0.011433883417907964,0.010191373591339925,0.009012862193515048,0.007896878278359054,0.0068419499984315735,0.005846604716566617,0.004909302060184473,0.004028443775951018,0.0032023830070784243,0.002429433016402527,0.001707875362399136,0.0010359675528661683,0.00041195018758344304,-0.00016594638998412847,-0.0006994959143185042,-0.001190470477126837,-0.0016406352448257167,-0.0020517435978604226,-0.0024255326744082595,-0.002763719300219236,-0.003067996288223185,-0.00334002909045239,-0.003581452785908823,-0.003793869387493487,-0.003978845451456436,-0.0041379099746450265,-0.004272552563122645,-0.004384221858060755,-0.004474324202305979,-0.004544222534775599,-0.004595235498698003,-0.004628636748975623,-0.004645654447585912,-0.00464747093275264,-0.004635222550348317,-0.004609999636613793,-0.004572846638779993,-0.004524762365008428,-0.004466700352452335,-0.004399569342695031,-0.004324233857232684,-0.004241514861291762,-0.004152190510012588,-0.004056996967221949,-0.003956629290485125,-0.003851742372660283,-0.0037429519364877706,-0.0036308355720393592,-0.003515933814071559,-0.003398751252461807,-0.00327975766884947,-0.003159389197037399,-0.003038049501185469,-0.0029161109669644247,-0.0027939159041920902,-0.0026717777523117547,-0.0025499822915548975,-0.0024287888513754297,-0.002308431516894416,-0.002189120327273031,-0.002071042468685391,-0.001954363454558461,-0.001839228294898021,-0.0017257626515174707,-0.0016140739779757496,-0.0015042526425190772,-0.0013963730343675707,-0.0012904946506182569,-0.0011866631645602865,-0.0010849114732423004,-0.0009852607260540935,-0.0008877213317077803,-0.0007922939444711119,-0.0006989704305055966,-0.0006077348119788439,-0.0005185641913953987,-0.00043143560986891316,-0.00034632605684237205,-0.0002632124786714485,-0.00018207178703733007,-0.00010288086753007519,-2.561658766353503e-05,4.9744195678158576e-05,0.00012322462754355001,0.0001948478484905536,0.0002646369864578446,0.00033261514965943206,0.0003988054197066049,0.00046323084484356514,0.0005259144334672783,0.0005868791474199497,0.0006461478960773093,0.0007037435297547745,0.0007596888341367958,0.0008140065241946104,0.0008667192390703349,0.0009178495360515626,0.0009674198856259864,0.0010154526663654906,0.0010619701602081477,0.0011069945473991538,0.0011505479022275722,0.0011926521883083296,0.0012333292539778995,0.0012726008282015755,0.0013104885170491798,0.001347013799090746,0.001382198022213288,0.0014160623991870125,0.0014486280040841848,0.0014799157692095832,0.0015099464817467378,0.0015387407807452291,0.0015663191539943,0.0015927019355785887,0.0016179093030359581,0.0016419612746290113,0.0016648777069008247,0.0016866782924580548,0.0017073825566740197,0.0017270098563244574,0.0017455793771432582,0.0017631101326287535,0.0017796209613152314,0.0017951305254086947,0.001809657308911028,0.0018232196167673465,0.0018358355725354158,0.0018475231177035312,0.0018583000099283709,0.0018681838222960323,0.0018771919419577898,0.0018853415689363828,0.0018926497155575817,0.00189913320582491,0.0019048086743964632,0.0019096925657891006,0.0019138011342079153,0.0019171504433188602,0.001919756364998193,0.00192163457955985,0.001922800575528072,0.0019232696488415968,0.0019230569038199974,0.0019221772517994395,0.0019206454120421768,0.00191847591156602,0.0019156830849169637,0.0019122810752492114,0.001908283833358837,0.001903705119048027,0.0018985585009545503,0.001892857357347566,0.0018866148763549973,0.0018798440569867125,0.00187255770970296,0.0018647684569259582,0.0018564887336083302,0.001847730788199442,0.0018385066835548969,0.0018288282977323433,0.001818707325185187,0.001808155277615242,0.0017971834843137913,0.0017858030943216363,0.0017740250763154108,0.001761860220710787,0.0017493191406288133,0.0017364122729759401,0.0017231498796945743,0.0017095420491273217,0.0016955986973243853,0.0016813295693509644,0.0016667442403672794,0.0016518521175612477,0.0016366624412285091,0.0016211842863640413,0.0016054265641400889,0.001589398023384092,0.0015731072529661105,0.0015565626819693534,0.001539772582589194,0.0015227450711563506,0.0015054881101264073,0.001488009509728272,0.0014703169291578888,0.0014524178793635656,0.001434319723500721,0.0014160296798308991,0.001397554822915481,0.001378902085491518,0.0013600782607454676,0.0013410900037342799,0.0013219438334317601,0.001302646134661245,0.0012832031603693395,0.0012636210335017495,0.0012439057485380545,0.0012240631734812268,0.0012040990519608386,0.0011840190048815202,0.001163828532696698,0.0011435330173412694,0.0011231377242779672,0.0011026478047142518,0.0010820682970802409,0.0010614041295866627,0.0010406601224985934,0.0010198409897270722,0.0009989513415575857,0.00097799568584378,0.000956978430849631,0.0009359038867842173,0.0009147762686438909,0.0008935996973491456,0.000872378202359414,0.0008511157244583956,0.0008298161166635509,0.0008084831472956466,0.0007871205015135274,0.0007657317833036359,0.0007443205180379664,0.0007228901541793675,0.0007014440660668697,0.0006799855555641443,0.0006585178542195536,0.0006370441254830439,0.0006155674668661959,0.0005940909117043702,0.0005726174316009747,0.0005511499383601404,0.0005296912866015191,0.0005082442758634897,0.00048681165242214774,0.00046539611139451154,0.0004440002994670067,0.00042262681699867244,0.0004012782196127773,0.00037995702092530337,0.00035866569436393547,0.00033740667487336395,0.00031618236164376867,0.00029499511964559133,0.0002738472821306459,0.000252741152849012,0.0002316790081522413,0.00021066309921025095,0.00018969565348925244,0.0001687788775370791,0.00014791495874533211,0.00012710441382068893,0.00010634629546757424,8.563839787711913e-05,6.49774630119282e-05,4.435938473079659e-05,2.3779414448199532e-05,3.2323638947673317e-06,-1.7287190473780356e-05,-3.7784704375098954e-05,-5.826546225762286e-05,-7.873437454009036e-05,-9.919577416894754e-05,-0.00011965321516527183,-0.00014010926906848908
15.310820285811928,14.574329817382818,13.594978931152923,11.73775487298235,9.924802953061317,9.639271946476413,8.647177067474956,6.914331150361193,6.2795014869873285,4.0066560937881945,2.8912870174513046,4.784397378608105,3.682833514620768,0.6408753664425149,-0.5892604815373943,1.356397862075994,1.31765820048156,-1.2101847382148208,-2.6655216604073075,-0.5380008229112718,1.194779831903702,0.5190033226417654,-0.09675609414921382,-0.7607064403840695,-1.5215149851705974,-1.5948946892791582,-0.08701586259110172,0.24841448423552492,-0.645837630031906,0.3584185932201649,0.6123112546010816,1.3075445907530252,3.9619030993529805,4.356507328964085,3.045609756177896,2.63052052740386,3.8062079317564894,2.0694893605322022,0.9731510626881459,4.162996658357542,5.121347004342965,4.700426105600741,2.963303402217889,-1.2308095576363485,-0.10277964712247467,2.9235965510818005,2.4331294288491563,2.759225277098608,3.3688350653111456,2.7549714987643483,1.3144555396022497,1.4740151010340696,1.99869583591817,2.445596472366333,5.309010362840013,5.388223291022314,4.966773439383132,8.337353725007006,6.2631765878330725,7.844245626252587,13.736838226401119,8.497438509521658,7.047031176297537,9.202413065949827,6.9239350004970674,8.58405625671628,10.141905340865378,8.669036658610594,7.936893738145045,8.79852324466492,9.92392661608369,10.28797501593067,10.597655314561507,10.39283909572191,11.241534090423556,13.915543377112499,12.922508753831607,9.4967551973823,7.514940376689651,7.916404116472222,6.171003068079699,5.202267407627687,7.441295053506678,5.862030083567333,5.903259581531756,7.453599146480428,4.70055294732515,2.6664632748043005,2.7645410902266576,2.4867934749730694,0.4525465699080087,4.341795212529064,7.274292495860209,2.1755772115584477,1.4374960176019158,3.7994295340982944,5.243861264749512,4.277200114564835,-0.2013843053640585,-0.13073550697799874,4.8976560657056325,4.077152337169309,3.092874996036471,2.3897719833714746,0.5720926887637461,2.2178411456379763,3.44371761927232,2.80129764144192,2.6364679229882313,2.9208473164976567,3.21589816090966,3.5299819171418676,3.465759040928333,0.6872299670358188,2.4179650961555126,8.911991303224795,7.0042678385714225,5.605497690230777,7.097757657529655,7.447962846433256,7.8952444500056345,7.0981665102647185,7.151144330485067,10.745882543187463,12.298511335309513,10.441407377794349,8.502685857827714,9.823888652829282,10.259496243075318,9.013353360828432,7.684689454589261,6.778128579335544,4.646926834076339,3.1421423743829564,3.7600965630090286,3.209695897712777,1.4223196447737791,2.5630503627835424,7.705356698570313,8.131569347344794,6.960627120501385,7.985113035808354,10.344167032158794,12.06212112102844,10.220252080257524,7.579217805693361,9.230912964126333,7.784626483957027,7.1866825033068835,10.002361901366157,9.741708022250577,8.997709987183498,8.79853660727997,8.494133137633753,8.429255965203993,8.836539045505333,9.58106178018943,9.067270363034822,5.488245283620586,5.507647179485957,7.439587799502306,6.181613400369997,5.815290490923871,5.895207422775798,5.5307005011644605,5.263905734776472,5.7990679542288035,6.999855291872336,8.32814086655776,9.012520729962489,8.509495374387711,10.016897398694937,11.867934527358557,10.869812506601306,14.261132380226968,13.795813929277301,9.89232628993068,12.430563000034226,10.910411725389622,9.354952248117797,10.590852126486084,9.401809233266476,9.051989132145764,10.031081348974226,9.486367277840145,6.264712270661448,7.065519793219551,8.776730282480457,7.957731222764892,6.585267619157776,3.8942623919083417,5.033089951177317,8.325112110667078,5.463624262803137,4.740065498749345,4.286694675807439,2.7982701772721157,5.466437164800027,8.968558293659044,9.160584539660249,7.481656899728023,8.27228264222856,7.192975611581005,7.707837692163821,10.640833330308055,10.462898857810728,8.46503790176098,6.34279405858274,5.633812128977752,6.984561962962061,7.865304351077157,6.834251045564315,6.112454809009705,7.654305122917776,5.860724060672851,2.7194249224162377,1.7709158323732481,3.2958169475141403,5.22678682193623,5.3858879770301655,3.2522258685396537,0.9634747495563261,2.0041103057623104,3.148891329616731,4.199248776449053,6.461374028886894,6.333560100414388,6.977038811503235,6.98651302895712,5.683796738281444,9.523393656018243,10.056547652985614,8.849638366412819,10.402760248186723,9.937137236323792,8.878643107471362,6.551099863312402,5.124825199697284,9.249079028460073,9.945740377858783,7.701042819993063,5.737913268326793,4.232463901375127,5.876858569956653,4.884439900861821,3.2777540347583454,7.320130315275719,7.5480911176437075,5.030750858516058,6.034427789580832,11.056823936795581,11.564207617205739,10.960468112487206,11.77717909477019,13.615981499513055,16.139367135237876,16.612853792618466,15.127885382766863,14.75429771019742,16.985203875229672,16.050898119941053,14.21817201132626,14.289032796446236,14.984431613045103,14.61497881449452,10.206432181504738,8.329775084069183,13.460958133256781,14.01208833372175,11.306465191678399,12.806546968382918,16.86578200538213,13.153230156537234,10.259336307881085,9.984749108249162,10.897877411011564,12.14232438356396,9.387937220701701,6.538326551425371,7.350495620629545,10.3761247537509,10.910728990395569,7.98444147318196,4.442701870843393,3.0551433896066555,3.831511096115719,5.536493599156529,5.082240061863786,4.987100265597519,8.531935690525415,8.354601947011133,7.0501681476932845,7.4375795228755806,8.33108089081361,7.573358708817523,6.53090231202691,5.502390219652057,3.8787244189070407,1.9509528311421036,1.3989779703033491,1.2296064521176504,0.6785265883511329,0.6055110404661264,1.7760941208219947,1.3073725812276962,-0.6997923556799606,-0.4356772933138018,4.276513522544974,7.195367268695463,4.054141104441783,-1.0089402687301572,-2.3605353672483034,-1.8832839299698207,-1.0055786936381992,-0.6469436528307142,-0.6268562258014754,-0.07801984793809424,0.642075770780707,1.0082781185529939,2.6845215334321892,4.128441424518883,0.6686446121489098,2.9145602577201544,4.432526635453769,1.1256737203020748,-0.12655059666008128,0.5106237286994428,2.7836501222702736,6.1303882088795945,8.348682686552138,7.254871292617281,5.823738195161468,6.539222110221431,7.029548280834888,5.788114635961165,7.802764202386243,9.054015209334011,7.337021336221369,5.723485650031989,7.231277476235164,7.403167911701303,3.488897545017039,0.6399396228896421,1.6642001486054596,1.7788868192693599,4.734044079629257,5.494865122325336,5.430229190031582,8.731219565779156,8.711294477857223,6.5454225119021885,4.562746187108132,4.440307758752169,5.623581643024522,3.868344546459639,0.30354155854593046,0.9243283194382457,5.967925868623865,7.973251930501419,5.950903320176849,5.3592909968369895,7.89632727770379,10.816747674538192,11.958844038375105,11.877093662012157,12.075191392362626,10.61267805659918,8.01521876265656,9.457769549389468,7.066518564286753,5.013185235622927,5.397527835801611,6.100371030439874,9.922460820401398,10.003165643388229,7.839641030794041,8.035853037133165,9.847927577487326,9.536384294603067,11.901109522215506,9.477157097452277,4.53834919858059,7.774827856932916,9.920618927351143,7.645050221568681,5.485856762382355,7.795164897927862,11.696584802754955,10.13080350861594,9.785638225260868,8.155423704046825,5.9722256513611,9.506255930704924,11.97743283960699,10.47896474059553,8.964044150017799,9.233701891793771,8.101724241095212,5.416442448161092,7.065005312432959,8.19316704873961,6.340113782596518,6.51927398426551,8.56200761890318,9.676077808332138,7.008089591611906,2.963863348787754,2.0550537200338113,3.116068955387618,3.8203063571938856,3.132971998221933,4.599349694210332,8.187330369475603,6.478757125118136,6.578787673193119,7.7945444099107135,6.362958643915135,6.268092252052611,12.115405400654481,7.97941280502414,6.6636929103308375,9.329001098177514,8.027205365047621,6.21776554796179,5.488680720283128,2.815522575785053,3.3493993687484362,5.531763310182896,3.1771131511579824,6.209810370816967,5.49257062277934,4.692186088121389,6.250716953349752,5.6167536974712675,3.9905951587960544,0.6075737936467931,0.15077556553637805,0.20154077175220664,-1.0768811258088817,1.9099116583461182,4.0192710239580265,4.019376316495254,2.364685776374472,1.1842177889493541,2.409663842949044,3.2065409922745403,1.4965916357980404,0.895100332206539,0.45241008427740326,-0.7119833626904892,1.776542644485744,0.4196319677802194,1.3190259477637483,1.4937022111676015,-0.5265585245225566,1.8914788986526219,3.4551515312683705,2.5922552191285604,1.8950752086145712,0.8635502954763297,-0.3550420468553739,1.9729403147881612,2.4379545519298063,1.2712657442666568,0.10330864957597896,1.9275550078829156,6.371021470756887,5.042169809512416,2.1396100841425323,2.1486950144857246,3.2304362861070786,3.3064044517333286,3.3827644676109685,1.4059275413765135,2.4945457533279978,2.2742900861395583,1.1855285386554897,3.2057382572911592,3.5699035941271404,4.912727818952931,4.711992457847259,5.416975127648016,6.352929536493889,4.737870081295114,6.212662086168166,5.923175284255194,5.483601541338544,4.302016408227132,3.62731519986869,5.600421609604382,3.8430328938238745,6.671914108250917,7.345907561023978,5.801711338402924,5.807138514713188,4.573360959109095,5.590480624093743,6.584438848584568,6.503832662450577,6.021623671491966,5.488507206126542,5.357778092265107,6.413602188999221,4.3131306594872285,3.992810900526365,2.6411650729136227,-0.09314101886639037,2.350789610867537,0.025309948017138595,3.9108122941869397,5.5204037922001135,3.1302527172364307,2.5787216166539793,1.171518916191303,-1.1517971186284512,-0.2748494917774451,2.0900148440002795,0.5461254850961268,-2.6522482396944724,-0.19395229056260632,3.876724879557969,1.1240172456726896,0.3946290982410119,-0.23090970108660258,-0.272289056684599,4.291696967765347,3.218829269869275,2.688152966499956,-1.9198100965705862,-3.3828635376988814,-1.7171952894332208,-2.1460520791300723,0.1677611707759752,-1.012819001391449,1.9881688282599725,1.5941936691233423,-1.1662341643176433,-0.3204516849684751,0.225492495453409,0.22265742988872717,-0.8058031247081772,0.10491495697635855,1.2005075667689198,0.8607648242866617,-0.19571711856042384,-1.643286531877152,1.0246794901136127,3.0036018600058014,0.40223146605103466,-1.8578759280783288,-0.5285044426827881,0.11312853475237716,-0.547408389345378,0.4984392199813783,3.2299953771907894,2.407650941427505,1.1721675425864078,2.4797972924545775,0.8480104473200072,1.8232687147099114,1.744453150945219,1.1059622081436373,1.1182586171031517,2.2645711113070774,3.2286288006939685,1.7615433812450192,2.330124468266945,3.4619114813798433,0.7250930212544517,0.5614535337768984,2.8646206540421417,1.6424187383437356,3.3499985166695296,3.3639583086720677,2.5593091849412986,2.099330922639979,1.0577644687817838,0.7543222401344565,1.4896125437829824,-0.2601582440883021,-0.15745577125653654,-0.8012665474320784,-0.6132683946070756,1.2714288563588525,1.7876677350253658,0.5118922063102218,1.0312272087072643,1.7889988013963602,3.9171315732481844,7.252750129544097,7.285993820572912,4.811932911972235,4.899928932967896,6.133503087842655,5.650985661198888,8.668159937569953,8.73308402701548,8.738541735279682,11.286605545578823,11.441261129775967,9.464674183416491,11.500417949326106,12.826708278551337,15.040851668971413,15.091105484231775,17.799321775299745,22.106735849656957,22.474234555165026,24.190705458700222,24.710072942214993,26.78697918343505,27.295265549235296,27.768499731698626,29.66395274806962,32.98674440124205,35.41807795349632,33.548943407500474,36.77873786864632,37.16987998977504,36.42394490210336,35.48359288704842,39.395362419569665,44.89542465673685,41.6128301168643,39.64146857872356,40.585174390273096,35.48192100172969,33.83012702354347,35.86142285000369,35.36590717207389,33.56732987973203,33.81846564667774,35.15610678597159,34.650916740546336,31.18495680491162,34.368312152235035,35.50009071609554,34.31164796980272,35.3862035124381,33.99355798457589,32.833257023325245,30.512618745345776,27.36735153865982,27.12732577908912,25.552682543221408,25.615474257410938,27.870331359150782,27.132501841573685,26.778021926404108,28.036318676804285,24.695593333602346,25.548988181651794,23.71660836827664,22.187880216372037,22.830767716234618,20.736743381560018,18.467919532811493,19.31589860427698,17.504104913922447,16.264505769997868,20.987025714718698,18.097537370880445,16.968566536013668,18.80479051820771,17.05038688182094,16.8624829708873,15.204600908778843,14.94870839824273,14.403234023910954,13.022173723200126,11.229980977579089,10.721859919424332,10.627766976082626,9.854574006621192,8.592782178425068,7.881341380451772,10.321456501756984,8.82139951435488,6.849866162802186,3.8956318759217083,4.918479698330941,5.85139785149039,6.226434123607078,6.504712866185059,2.5818060502723483,2.665235680040041,4.226927798353131,7.185402419834531,4.341808530945855,3.3248700832015743,5.808720750185955,4.569514136667863,1.547465766544235,2.0156154137918065,3.539696789437926,3.7738833443545445,-0.17870773275910778,-0.12682486496692036,1.6535916903576435,-3.1028990217173487,-1.5609080433583813,1.8783815187658206,1.7863972258196554,3.8334128866762285,4.267644026100584,2.807917357781662,2.937158289738079,0.5316024960714003,0.4274462946676749,3.3154696904867933,3.694130868400748,1.2210673692343335,0.734977155415379,2.1610754012489224,1.2126326274644725,-1.0267195331911694,-0.16850948134378996,1.5404601230761727,0.47197959697587066,1.7985593180599722,1.7185580055072478,2.4588681341873553,1.9783766360204709,1.595711407977717,4.885451076926756,8.316796912898496,7.416200673941205,6.9445493215797,11.574380687046585,8.962728977432562,7.63061039668662,8.955180389203804,11.869257698817933,8.377468035173194,8.622070198331414,10.304251593966967,9.093643589766316,9.434687314006055,8.487643298098703,8.325185680768868,7.449522664086771,3.827705367603585,6.570308335840252,7.943057097734709,8.019934581834718,7.946639230976075,6.4392422211574285,9.387031707150868,9.75140823691379,5.921627865012908,6.048725456030354,8.57874871012001,11.38303769131312,7.301101771781873,9.205743863128646,6.52369070739303,4.51794131939937,4.439103924884478,5.8504083681034444,4.726216861900866,7.224362713768016,7.978997117949234,5.693301307972092,4.817678619854632,2.545695882784969,2.016994883636471,3.879823111744315,6.45396716138481,6.815682965414453,4.1962856257461,5.641023888896427,6.45390462667541,6.738128482727802,8.21255707640222,4.432416099327611,0.1704292011746702,3.8485505454033273,5.028718409290036,2.7841621891626005,6.148346374180107,7.340312567663091,4.864441113566954,4.2207476081434265,6.391394377997301,2.636741569845981,3.995774179548789,5.827392710775257,3.731464064492286,3.9410332698652155,3.392514123538035,3.3426020104729446,4.394732699037263,2.150602121384736,-0.24359960089782362,-0.8392533620651079,2.9039981951081586,5.3416757657522,1.9405363268632527,3.7837608818168746,1.0220046051693998,4.5041949981794005,3.7165275263112107,1.9887335815627125,1.1411752877946242,-1.4603142385993806,-3.2180294367493616,-2.3162632281278093,0.0020990567063563503,-3.6480474134408496,-1.5586373039573118,-0.05822077588970842,-0.370016397666177,1.1405154070301933,2.5901566472099375,1.0908369229101709,-0.08221486430085179,3.7447591307956145,1.9390905653926893,-1.3398970902924248,1.2587087955169523,-0.5152095815930693,3.227908803170976,2.7878473603336715,2.829318376847425,1.3029530503330875,0.7040905474329975,3.1170896798845433,1.5075347749540242,1.585119955620371,6.473357553483879,5.1953569096018555,4.143245272383069,3.9512148003884704,1.8271571890257974,2.72499645342549,6.639580498267833,6.088217893233491,4.3093163975606785,6.326500446822024,5.389437746830481,3.688926962545736,6.14007041920263,6.700450541893417,7.030011202249852,8.806304244437229,7.661379100635031,5.135151754033075,6.445424384574039,9.537568238763527,11.158772766220977,9.078962058512445,7.024968271013904,7.06267294417421,10.324851447195215,8.211032593402365,8.190476829651288,10.73012444575727,12.454599238659512,14.918577643222307,15.080604477756424,12.285117844105457,15.75082191417755,13.188240920431554,13.621068906963046,14.109009341230944,26.55444621335289,27.593923479498983,18.484069110316227,11.592775406903286,13.490172812186302,15.592246322704455,13.6431045859797,13.886000198121792,13.375555240539484,15.41925905838525,18.118758594803012,18.978744905307735,19.68920996791354,19.893055239713135,18.804469271378252,19.045383985603166,20.865933770338472,21.38807728087113,20.558783292926194,17.687567271545845,18.415241454018997,19.905962256143425,21.442292455317897,21.38452110982928,22.64811091498541,25.065789273344762,24.616124828514558,24.35928772142904,25.191505201722578,25.280303352631904,25.34511613863424,24.070645992269988,23.847525428755603,22.667855503508633,23.106712182115814,24.02139572587822,23.243142073707418,23.695988717453247,22.733078490667197,21.407991310426723,25.621167613470504,22.542943156675165,20.65947755081686,23.339038748080156,21.047976130795576,20.602520780593295,22.76848663524305,22.05689431249681,20.773775580992606,20.97131478883506,18.389316277063813,19.819156996618176,17.78109389544369,19.005983746210404,20.641185449729335,20.340037451525404,21.38414151386445,17.983075880633578,18.650219147540042,20.71941319987434,20.722190928998486,20.66533339847416,19.399979951206205,19.984177043253624,22.220933790286836,21.27861375487106,18.274186675915757,19.043156541421922,19.643071410409448,19.625495992270203,18.365174184432533,17.44281105654079,16.744560281175097,16.059497370618715,15.364165645121034,16.901006477184296,17.7349084333635,16.3193081948001,15.621068403519871,16.456781514930242,16.73852792428505,14.106169584284942,12.52183239877769,12.645730460603659,12.096725292060626,12.95461465087294,9.498535905405447,8.515346075826983,6.719696642608881,9.021977980781799,9.044585408641069,7.717927258299824,6.136046211319012,3.849740769263633,4.221576398219156,4.630231460546895,3.868324326137895,2.5807678237351865,3.384978057358694,3.0158635487329093,4.744251670537551,2.6586879997253163,2.6975101192927013,4.350355395195322,3.887622642387896,3.1832869009457454,3.5694832225726714,3.5070694851748385,3.4760377311946513,1.3133437636954568,1.0420087119650816,0.10674546848821365,-1.8674658444670627,-1.9992364239009248,-0.17510331483913433,1.6832904977112548,0.22006914312538584,-2.0187269136444,-0.7388272491838848,-0.6335208003854973,-0.06353914092380819,1.284647798476385,1.49971720050263,1.0862701916433934,1.494403353884195,-0.4155695542601734,-2.9760534295746766,-0.15683919142446712,-0.44816559116748067,0.03982660809299432,0.6339212461089119,2.608869687946253,-0.04295591511163366,1.0958346378785109,2.5260975492952866,2.361268257637107,1.3046867339486994,2.339172693616831,2.116246893434436,1.705337571121163,0.12561030159992015,1.661641866213074,3.7640246587419597,3.3636365513349915,1.2288794538005163,2.7866022052083963,3.942260699474673,2.9991682178711017,3.6656974618962863,2.023054085085164,4.824593032606117,2.7049251508377097,5.416977454089761,8.04842400063285,4.472460767977225,4.649441131915637,5.667983401854315,2.546392922255336,3.534633406329135,2.7535789571783766,1.7358159709265237,3.107405910136208,1.7441354055851548,1.4582836972325026,2.525356168983194,2.770876369460723,3.83775040725277,-1.0543946947340146,1.864330153803337,1.019097919175806,-0.38675089412959096,0.7169759231051103,2.595878461666075,2.3091663597824663,1.7080411835958103,3.5779083698930663,2.259226895595077,0.3077874110813923,2.208365936512223,2.1770006683004794,2.258098722647219,2.366214703131334,1.9262179289286792,3.2196974532961917,2.707532908353926,3.3925957917517167,0.24067847296447553,2.9979379724420596,3.3839809935973335,0.8711910396590952,1.7855279356139135,3.3918857455016678,1.6978646536368274,3.88034551100543,2.3050670310331043,3.052885947314195,3.6170580549285205,5.196283179604791,4.417147748256468,4.069247311723416,2.3772966080369997,4.619049519085053,3.2022645718382137,2.0649732688623033,3.3226054741371343,2.7068170414344763,2.7312306553512826,4.937575419256092,3.0595052122223763,4.703338824839591,2.789466397020135,5.169185801467364,4.271858596782039,3.017003905700591,3.7150095643988834,1.8404934540320141,1.8168188117931265,0.44039556582606565,2.8540690094676506,3.6689308519761994,4.137887702749964,3.3183044224580556,4.499616380832435,3.988470529837116,1.6569888353415365,3.4323770928838826,3.815235707693887,3.975110054263638,3.805025350170979,1.941902899857837,1.6051984173026312,3.348428091238759,2.1595561920673276,2.2843438965574876,3.432526164546374,2.076731404194277,4.545544711659176,1.8039798084336098,1.585711460478933,0.18424396527282738,2.504043375784164,1.736563031244856,1.640242104466978,2.1992581199968413,2.5264352889425368,0.5956663280722125,1.958785596041821,4.421243724948482,3.8384789439792826,1.2235981075801305,4.225785567208135,3.155236294148068,2.7314771124967763,2.968285019108862,2.5157587591753554,3.2722725378948496,0.6979373694369997,2.4469709964081687,2.278861477363165,1.993425605652078,3.2885054594339636,4.183720261275397,2.7304882212984296,1.8809229320347356,4.583368792068285,4.674048429859823,1.388369196197118,1.2486489852054774,2.323287095141893,2.5680118009609316,0.2173749978275339,2.1456835731290482,2.7620039139994788,1.4574578570672543,-0.3716297901694361,2.00062496021377,3.258010776252746,1.3792837772881228,1.850920704125059,2.5372668119840682,2.434030086032635,1.2094951620082952,0.368021261347252,2.3456386271142264,0.47437355932174796,0.31733122498098965,1.3119300981579727,-0.012919679595711386,0.4662506178988508,1.4584811337878705,1.1935639177175403,1.753753642040806,2.0447606703009455,1.8386587160564716,0.9996233391711655,0.9318842369319498,3.1101971297102864,2.1608374200798153,1.044476561899188,0.5361015888417171,2.0312896400940303,1.590122806115346,-0.13432996521717655,2.8372788014847288,2.346099058936943,2.774784382377419,2.425360671028102,1.796447784913596,0.7796707126161095,0.8590004544793999,1.3862210432315862,1.2052734081226788,1.992236401303927,2.441392489750882,0.7395776521528887,0.6196939072395935,0.8878090933377223,0.4051209916873688,1.6352900633023637,0.8146818068094603,2.0947921725406218,0.3547018682270391,1.4416462993470134,0.5999860800494332,1.3625185699667384,0.6022205120924866,-0.10706478761321137,1.165073299400234,0.12700056318735164,1.9458534292483876,-0.6859326173509146,0.5532738808619513,0.39877694357713267,0.8375284843758664,-0.8056900331944234,0.5856965939031227,-0.20539239539323262,-0.44939780606624424,1.2038241708524424,2.0188428749121528,-0.5941807388803682,0.7622263994919933,1.2572870168496877,0.8833209927946086,0.7993732398912385,0.6653430745596012,1.8179028045713324,-0.12935119553523577,0.44343337050339926,1.4808705165391984,1.5740356988973616,1.178597731675211,1.7581598418790065,1.0526084028153093,0.3323319313106765,0.20126070904814242,1.4326746548875064,1.15185104305084,0.20966820078172077,0.7888143376972607,0.328096416861797,1.2130834074191625,1.7241196363285383,-0.44755438948971005,0.3395580121289754,0.5706621777706289,0.7240664374091352,0.28706649070983303,1.3411123228416386,0.291643758430709,-0.3691075198204459,1.2891928637942272,0.5599276779147715,0.20718268726182032,0.24946864939147417,0.0371062987000812,1.3262162103598172,2.3244570417696195,-0.3147042716486652,1.311786985776365,-0.3681700461177968,2.1487173180855734,0.9651182724560812,1.1489880510744968,1.9362429121152047,2.477838061353822,1.1949540358440913,0.5396625433129998,2.1250230259958585,2.3005450674742463,2.5561799333586066,2.1146362275642048,0.46936662211874136,2.1872030941879643,1.715051121364155,1.6195821978710825,2.637580256290505,0.9906999778905288,1.3871833045951405,0.7178053434184051,0.215671995273226,1.0344136864599704,0.8104031312818449,1.4978306285890426,0.5692732370116858,0.2940607950843628,0.8180184457423536,2.7162468152102406,-0.1895715208393085,0.4291579730871433,1.9793703322879708,0.7311520994387024,2.0130994459380247,0.5575331404794781,1.9146219560131499,2.121404421747428,0.769789480897316,1.503397900670194,0.6610942067436838,1.2746749033617562,1.9160136381315453,-0.17064515816278458,1.903405339110833,0.474261339284169,2.896871095235184,0.9767061888805131,0.07891503647317677,2.263996603568046,1.552189532887212,0.796961305694424,0.685618664538481,1.2670939436586934,0.9733226435957079,2.498599757321415,-0.1757009621028658,1.5885780461413788,2.246307508093622,1.1459355666189737,0.8044510945417187,0.8338440707956352,1.911328087717095,1.1422096108009328,0.71482561509265,3.3336415014559293,0.5101294352093362,2.215989214615888,1.2653888486443918,0.6656876529851417,1.632794316301272,2.080874906976206,1.9812013481805195,1.5673973447430853,2.5764051899938494,2.1368830239409533,1.0050445761198432,2.4797440484129325,0.48968020772542786,1.813283018300531,1.0237364237336237,1.7716777995731263,1.619346439257498,2.755419599926455,1.3610441643827471,1.2217902628362936,1.8001688073613806,1.22053293404457,1.0134436372856896,2.0660100987574594,2.2869974351650058,1.904361535616573,1.2221765297587623,1.3120830377102735,1.8697564389638615,3.243875674430967,2.1764186008304094,1.8101577334036278,1.1468856029045753,1.6414127475478608,2.148184905800832,2.7264091571165636,2.1990519791666827,1.1512446465618567,1.8106086009703972,2.2412214677642055,1.6223264017037877,1.0493078434370773,0.3803102337331339,1.712720462140986,1.3196265215360938,0.9682568585217552,1.1001447498966286,-0.24927022177811864,1.1433595886512293,1.1758990646215182,1.8782167594132773,1.7636825430433305,2.7227145901383096,0.8776644927066855,1.59263238029979,1.555719606958263,2.326994683133343,1.3238982476398533,2.253841104542232,1.338977730446686,1.3798696641727588,1.9981918970680894,1.2558734939191822,2.3251376617343738,1.1664193044445028,1.2963550282809706,1.4085069820131153,0.44040233370014903,2.0115100966346517,0.7120672149225129,0.3770766668700105,0.9898873068425473,-0.11894211808251498,0.8284698856426473,2.0425735855284017,0.9765140209745766,1.8981905132075383,1.914949307286662,0.43397166353037164,1.3544087130179605,2.977785811009852,0.6168510166808971,2.2537971292690315,0.9539849161123186,0.08035563816324043,2.7667359285049713,2.6031558728783466,0.6536938948527009,0.7737413290682227,1.8229123146689972,2.672902059665205,1.4228874318165978,1.7798140440440307,1.9887056750846455,0.06317876016692026,1.415126818363433,1.4894710113547873,0.5837362716623034,2.267389521531861,2.0590629690739206,1.975206588824335,1.6869866411117869,2.8015700127190755,2.0595043116227316,2.3003854801441506,1.7920643358309576,2.535952028326168,2.315230234242957,2.1588441552860296,1.7055238415924237,1.2813980379379508,1.4853557097808903,2.2611305125550416,1.1509037528410317,0.9882669572735416,1.3870525499698374,0.9404534366651127,1.9472783817032564,0.9266081195919469,1.0168087736072344,1.6424097044424038,1.050402253019172,1.6146925740456517,0.3659822188987505,1.0941011480428529,1.8532778601731934,0.7073785772166126,0.4148036375297579,0.8086469885409961,0.19144681110082828,2.3178591251167404,0.6720225821082977,1.3291782019068705,0.8622380644606551,0.6842134515168823,1.534468631719104,0.7561695325842948,1.1629084876308866,0.8945850515133884,0.13560282824454362,0.889411352886782,0.34850128463733654,0.973500171901776,1.2475193539194187,0.8791625499963551,0.684140517162291,0.610324111298155,0.3518476238991184,0.765015695584335,0.046371502954798416,1.732942765250698,0.44701568096183664,-0.37891635777305055,0.7015216798330357,0.7626859470548197,1.0637355360481102,0.5965565134811186,0.37108407976086255,1.7915366703161943,0.7027645499226765,0.7731003176298259,0.4105291358779368,0.5034418972922445,1.0585766214140335,0.5503550695544313,0.8007387989004542,0.5218756214179052,0.48864596553204365,1.3885984356298309,1.2910927292014627,0.6494567581486912,1.9211248268703116,1.627179398696395,2.1203525251181645,0.2697001381823707,0.8165819206084262,0.7454834436728675,0.6403288642914049,-0.21865436755370915,0.27484145635230384,1.8666821399937685,1.5142755893876938,1.1507499294613694,0.515770761888291,0.8498552044317194,1.215313879491191,0.8450830111262917,1.347314232260544,0.7008475297248538,0.4441989259678376,1.3979421354993615,0.4098372221469031,0.6198823454175226,0.963589730584772,1.2386007523599005,0.9022389629601566,0.43031953573739656,1.576892989305577,0.5073953354403216,0.060144508306336775,0.4593216954667696,0.23088973282835923,0.38795015853469295,0.11589528964231022,0.22621222252803364,-0.2618177685675409,0.9319985095031029,-0.1748251191761483,-0.246398382583493,0.23398260409067007,0.20833716091055798,0.30074291889252436,0.31418678997727056,0.6407536327158709,-0.21929454070090237,-0.8407966809004392,0.6859618622547714,-0.5147516409461446,1.098889634908062,0.9573761348295307,0.6971680044268851,1.0092964453045852,1.0045456639964527,0.07775642961973972,1.9770218217258844,5.881596792584046,1.3855367406819141,1.1061594539478392,0.20349193234216045,0.8789800944450707,0.21308385368547356,1.1096749771225536,1.1260342147185725,1.875497274438091,0.2104515704897949,1.5508082858314083,0.8763493022851208,0.12122207687804121,1.4542427106915738,1.4823309685269805,1.5635175003398558,0.4239968703528234,1.6344878699816263,0.17461093967909846,0.631538884830606,-0.22608129780763964,1.8256003817019746,0.7461019496890913,1.5882048760220755,0.18224840584309732,1.4689641959694768,0.20929386500466673,1.9544668561522371,1.3197613587761925,0.6867107455167911,1.8264447192884177,0.6168281438260124,0.8946032636968093,0.5887425817619496,1.5841940439540263,1.0533649108056125,0.9202091441711673,0.27073084776088674,0.9891880463255802,0.8971375122619065,0.9141669630545834,0.9381693662878083,0.9618480839688459,0.9846765182603576,1.0066324688535246,1.027727969247053,1.0479778132996103,1.0673966920968496,1.085999191926362,1.1037997923364173,1.1208128642750808,1.1370526683105595,1.1525333529297086,1.1672689529140143,1.181273387791748,1.1945604603642437,1.2071438553057305,1.219037137834107,1.2302537524529953,1.2408070217622935,1.2507101453363703,1.2599761986688804,1.2686181321826666,1.2766487703028133,1.2840808105924566,1.2909268229499844,1.2971992488658088,1.3029104007375736,1.3080724612430572,1.3126974827690105,1.3167973868946774,1.3203839639296575,1.3234688725037813,1.3260636392083143,1.3281796582877519,1.3298281913800452,1.3310203673050864,1.3317671818997496,1.3320794978988033,1.3319680448601616,1.3314434191339046,1.330516083873249,1.329196369086958,1.3274944717319954,1.3254204558456877,1.3229842527160258,1.32019566108886,1.317064347411872,1.3135998461131067,1.309811559914067,1.3057087601764579,1.3013005872808776,1.2965960510366017,1.291604031123029,1.2863332775598337,1.280792411206221,1.2749899242879792,1.2689341809517032,1.2626334178448815,1.2560957447217334,1.2493291450730908,1.2423414767802115,1.2351404727910449,1.2277337418196907,1.220128769066207,1.212332916957223,1.2043534259063904,1.1961974150938772,1.18787188326462,1.179383709543572,1.170739654268516,1.1619463598388506,1.1530103515798373,1.1439380386223093,1.134735714795852,1.1254095595363083,1.115965638806017,1.1064099060264994,1.0967482030224573,1.0869862609774827,1.0771297014005654,1.0671840371017538,1.057154673178104,1.0470469080080989,1.0368659342547062,1.026616839876226,1.0163046091443562,1.005934123668851,0.9955101634293442,0.9850374078115465,0.9745204366504936,0.9639637312772038,0.9533716755709065,0.9427485570143972,0.9320985677531439,0.9214258056579752,0.9107342753894727,0.9000278894657185,0.8893104693314626,0.8785857464285414,0.8678573632676603,0.8571288745010861,0.8464037479952253,0.83568536590343,0.8249770257386899,0.8142819414453015,0.8036032444700822,0.7929439848314246,0.7823071321875545,0.7716955769020046,0.7611121311075522,0.7505595297675427,0.7400404317339166,0.7295574208027347,0.7191130067660652,0.7087096264602337,0.6983496448104347,0.6880353558707952,0.6777689838606875,0.6675526841958117,0.6573885445148449,0.6472785857012582,0.6372247628994501,0.6272289665258768,0.6172930232748399,0.60741869711768,0.5976076902962291,0.5878616443105784,0.5781821409001395,0.5685707030179401,0.5590287957988949,0.5495578275205162,0.5401591505575425,0.5308340623286654,0.5215838062368903,0.5124095726016549,0.5033124995841263,0.4942936741044264,0.48535413275146766,0.47649486268466035,0.4677168025280025,0.45902084325581427,0.45040782907085486,0.4418785582735154,0.4334337841237925,0.42507421569365533,0.4168005187117956,0.4086133163995669,0.4005131902979997,0.3925006810868581,0.38457628939471533,0.3767404765999913,0.36899366562340674,0.36133624171174006,0.35376855321243283,0.3462909123393274,0.33890359592908226,0.33160684618968617,0.32440087143862684,0.3172858468326467,0.310261915088347,0.3033291871936399,0.2964877431102195,0.28973763246676754,0.28307887524294983,0.2765114624447733,0.2700353567701086,0.26365049326585677,0.2573567799751686,0.2511540985760803,0.24504230501111124,0.23902123010748255,0.23309068018812695,0.2272504376736606,0.22150026167577153,0.21583988858111525,0.2102690326262291,0.20478738646357897,0.19939462171896594,0.1940903895391557,0.18887432113137947,0.18374602829408104,0.17870510393794348,0.17375112259918524,0.16888364094347708,0.16410219826104822,0.15940631695383445,0.1547955030134176,0.15026924649095008,0.14582702195787078,0.14146828895854924,0.13719249245497167,0.13299906326221844,0.12888741847632446,0.12485696189315831,0.12090708441979814,0.11703716447789247,0.11324656839815361,0.10953465080780234,0.10590075500937246,0.10234421335178467,0.09886434759380336,0.0954604692597627,0.09213187998716421,0.0888778718678509,0.0856977277801434,0.0825907217147801,0.07955611909244453,0.07659317707503988,0.07370114486849388,0.07087926401976574,0.06812676870532641,0.06544288601384096,0.06282683622134755,0.06027783305967205,0.05779508397813515,0.055377790398097204,0.0530251479615913,0.05073634677268046,0.04851057163295991,0.04634700227035182,0.04424481356153365,0.04220317574834098,0.04022125464820192,0.03829821185848914,0.03643320495427815,0.034625387680705444,0.03287391013947172,0.031177918969888196,0.0295365575238975,0.027948966035580725,0.02641428178537808,0.024931639258795713,0.023500170299996626,0.022119004259764097,0.020787268138747095,0.019504086725532943,0.018268582730115668,0.017079876911566316,0.015937088202235827,0.01483933382644409,0.013785729414735215,0.012775389113585334,0.01180742569084714,0.010880950636703801,0.00999507426109858,0.009148905785366424,0.008341553431705506,0.007572124507021272,0.006839725484155679,0.006143462078966877,0.00548243932320247,0.004855761634189548,0.004262532881114112,0.0037018564475488347,0.003172835290627063,0.002674571997374642,0.002206168837403766,0.0017667278128215003,0.001355350705125602,0.0009711391189739516,0.0006131812410785642,0.00028055564399664945,-2.766517059171747e-05,-0.0003124114782053766,-0.0005746132803778892,-0.0008151974859629263,-0.0010350853148111128,-0.0012351899165992108,-0.0014164141933861174,-0.001579648819074464,-0.0017257704449775702,-0.0018556400839315756,-0.0019701016636872737,-0.0020699807409982895,-0.0021560833686748992,-0.002229195106622228,-0.0022900801692458117,-0.0023394807022896202,-0.0023781161795000116,-0.002406682913772329,-0.0024258536746515347,-0.002436277405365672,-0.0024385790334235935,-0.0024333593668757203,-0.0024211950719177366,-0.00240263872444757,-0.0023782189305165957,-0.0023484405098770367,-0.002313784737907554,-0.0022747096404032163,-0.0022316503364550044,-0.0021850194252692745,-0.002135207412663931,-0.0020825831729780475,-0.002027494441847466,-0.00197026833717473,-0.0019112119047690612,-0.0018506126848478743,-0.001788739296557651,-0.0017258420378993833,-0.001662153498330099,-0.0015978891815962015,-0.0015332481362406725,-0.0014684135912830243,-0.001403553596844631,-0.0013388216655130236,-0.0012743574146725223,-0.0012102872075274718,-0.0011467247908854006,-0.0010837719298137927,-0.001021519037010421,-0.000960045795352471,-0.0008994217751023825,-0.0008397070419050578,-0.0007809527570543651,-0.0007232017687215375,-0.000666489193633879,-0.0006108429887490274,-0.0005562845126974025,-0.0005028290771065258,-0.0004504864862155955,-0.0003992615664856203,-0.00034915468421559126,-0.0003001622534384296,-0.0002522772313113819,-0.0002054896033314435,-0.00015978685746631527,-0.00011515646099269361,-7.158586527111765e-05,-2.9062509952382243e-05,1.2426172361301724e-05,5.289275185305087e-05,9.234979796701737e-05,0.00013080987417879442,0.00016828553509640187,0.00020478932225387325,0.0002403337603595901,0.0002749313536014597,0.00030859458217946667,0.000341335898667694,0.0003731677248310916,0.000404102448158028,0.0004341524189044321,0.00046332994685371887,0.000491647298360931,0.0005191166933968816,0.0005457503028196697,0.0005715602455893531,0.0005965585858689337,0.0006207573309211512,0.0006441684280389381,0.0006668037626127443,0.0006886751555157389,0.0007097943608300739,0.000730173063800521,0.0007498228786175787,0.0007687553463711083,0.0007869819331176586,0.0008045140282320062,0.0008213629424744795,0.000837539905887752,0.0008530560667736609,0.0008679224891352533,0.0008821501519946651,0.0008957499475741315,0.000908732679761215,0.0009211090631993102,0.0009328897213549681,0.0009440851859494614,0.0009547058950829523,0.0009647621923818406,0.0009742643259755823,0.0009832224475871953,0.0009916466112827038,0.000999546772902704,0.0010069327887549662,0.0010138144153870599,0.00102020130850633,0.0010261030224683054,0.0010315290094240481,0.0010364886190927791,0.001040991097852384,0.0010450455885688825,0.0010486611298574644,0.0010518466558551154,0.0010546109958227134,0.001056962874031342,0.001058910909137012,0.0010604636141238188,0.0010616293961334122,0.0010624165563513088,0.0010628332896089887,0.0010628876846681123,0.00106258772387946,0.001061941283296619,0.001060956132675983,0.0010596399357041264,0.001058000250054647,0.001056044527388167,0.0010537801132954883,0.0010512142479797149,0.0010483540663130952,0.0010452065978938663,0.0010417787676715307,0.0010380773961173873,0.0010341091995087481,0.0010298807904405294,0.0010253986778820945,0.0010206692680299057,0.0010156988641369935,0.0010104936678771992,0.0010050597787767401,0.000999403195692139,0.0009935298166396933,0.000987445439932344,0.0009811557645775792,0.0009746663905616515,0.0009679828198727591,0.0009611104571831675,0.0009540546101334257,0.000946820490241862,0.0009394132135298605,0.0009318378014313566,0.0009240991814181143,0.0009162021879660642,0.0009081515630100512,0.0008999519565691116,0.0008916079282244027,0.0008831239472897323,0.000874504394005271,0.0008657535605038902,0.0008568756509816922,0.0008478747834601563,0.0008387549900135127,0.0008295202180192973,0.0008201743310110032,0.0008107211095875755,0.0008011642521523754,0.0007915073760500491,0.0007817540183054916,0.0007719076367607158,0.0007619716110980335,0.0007519492438063935,0.0007418437612045636,0.0007316583142937816,0.0007213959797809366,0.0007110597612154379,0.0007006525902397698,0.0006901773271579259,0.0006796367622428079,0.0006690336168162503,0.0006583705441585153,0.0006476501304177873,0.0006368748958607284,0.0006260472959525032,0.0006151697224368036,0.000604244504415874,0.0005932739096010664,0.0005822601451654918,0.0005712053590514188,0.0005601116408229245,0.0005489810229732939,0.0005378154815502967,0.000526616937804647,0.0005153872589858111,0.0005041282596494057,0.0004928417026235365,0.000481529300600414,0.000470192716704787,0.0004588335660287157,0.00044745341682528306,0.0004360537913612461,0.00042463616716759134,0.00041320197794902924,0.00040175261523245354,0.00039028942899221875,0.0003788137290712257,0.00036732678643147665,0.00035582983406357016,0.0003443240681804127,0.00033281064941093064,0.00032129070388009495,0.00030976532468685036,0.0002982355728136099,0.0002867024782062799,0.00027516704074059817,0.0002636302319274364,0.0002520929953107043,0.00024055624805896514,0.0002290208821023043,0.00021748776521235413,0.0002059577421960057,0.00019443163620280757,0.00018291024963446034,0.00017139436550905884,0.0001598847482000565,0.00014838214531209815,0.00013688728841998454,0.00012540089431922752,0.00011392366616291838,0.00010245629431437919,9.09994582229956e-05,7.955382670843392e-05,6.812005977963054e-05,5.669880908953928e-05,4.529005224185312e-05,3.389320528413009e-05,2.2507236337787617e-05,1.1130777977541584e-05,-2.3776021862431662e-07,-1.1600079119489237e-05,-2.2957876979035063e-05,-3.431273734122442e-05,-4.566601660371816e-05,-5.70187313542192e-05
15.170793994939828,13.059806313448973,10.78498349671466,9.915124601559654,9.781585589706879,7.506355586640211,6.149777231872463,6.068106110570028,4.604245752491806,4.42121321632834,4.321566726322061,2.956725758930105,3.3677272783747583,3.084255414143229,1.1285324110983765,0.15305974669325906,0.9007776283010003,1.4108146024810537,0.5093474655588182,0.8905643473876239,1.577083502667307,1.6369942884475108,1.8124123933274348,1.8222599828317527,1.266684627181462,0.04470761573881532,-1.3109218614588087,-0.9032731002899936,0.1814738021962512,-1.13864088286428,-0.8937885724049011,-0.008828507493916504,-0.4361074185834468,1.5829350336985613,2.212701518882824,0.3917492112925913,0.419963188980887,1.094268285747745,2.009669737732821,2.8875307038755125,1.7208053286716734,0.3387664375906638,0.3069537738651036,0.9648938632570889,1.0099165455599461,1.616387086538566,2.719565426356695,0.8250238435395545,0.3615216005151183,1.6761833557246746,1.0184469638791995,1.8837980857041998,3.0796271873070395,2.9317266460246003,3.5522349667779736,3.9870824755732883,3.9880859840137077,4.322503799525151,4.652155598303295,5.215627592066852,6.15703836423296,7.140021967866915,8.206248339353692,7.972643048732209,6.625359971393152,8.515896423744124,10.127905431727044,8.7988447116864,6.969106758191799,8.040737849014306,9.699993770092647,9.07825889782282,8.19189588664841,9.055771121858925,10.088940233030826,9.059411191233863,8.995795817042108,8.868248604190171,7.924694142926768,7.727326156207141,6.5445448499076235,5.617131248968889,6.037260377197384,4.832577277741109,4.11304755701434,4.463032090126603,3.92068772760166,2.827271459597455,2.748649259203148,3.330429248421467,2.4587740839605488,2.9937535601886793,3.25487936426876,1.1005727960975946,0.4446594931700645,0.812415178236364,0.9424181418853834,0.9018140983473586,1.383175913704406,1.1473441861228366,0.0760700199826374,0.25459561586686164,1.571935139407799,2.411762154606265,2.025654731355644,1.9381246583339475,1.8788837169663566,1.1850653698654412,0.36627298452884816,1.4166984329945365,1.6117988094623001,0.32706768755582516,0.4724986017891979,0.7982339797511315,1.6275515777567762,2.855231757845104,2.5468158276981114,2.4362408055685023,3.01138022260551,3.258688298951398,2.6390757407199885,1.3745613265935503,1.0685570039641732,2.780910739994198,3.8922864350293196,3.205588922261626,2.247004506006448,3.1470892872071374,3.600348727068166,3.222232185951782,2.5548396651621488,1.4669157412412233,0.7360182118093803,0.015833878186128914,-0.8237182321061027,-0.382796607776811,0.46935967215790697,1.1061148056730872,1.7345884369716487,2.3766278828484246,2.0118134409361232,1.496846142884408,2.3908346560756115,2.6724584210589626,2.09430716176135,1.8911328104495055,2.647189653436243,2.0585634529601293,1.6834460297829423,2.646511542755377,2.7431187968366544,1.3952132463973044,0.30515083809765997,0.9282323253655989,2.2654127279890304,2.2203111575029766,1.7644633690183014,2.0879870489350765,1.4600097169727064,1.3570256274112467,1.4797720525921534,0.99285331665439,1.5662599482987787,0.9194055947142772,0.40756800427638495,2.151634574630833,1.681107774971565,1.771064810500576,2.934619827684344,2.687648636703102,2.935690450564266,2.4848121676118637,1.4019599092225405,1.8287408031744405,3.5166098595107087,3.902416192509662,2.7561842239685177,2.376136227630184,2.4895560912678434,2.45264897382998,2.636008823395315,3.4187437470747,2.579802896971728,1.8793209964015887,1.5749758456602763,-0.2155695913260729,0.5064815250744061,1.8328236764450025,1.8000060300489622,2.0353215884219367,2.058809145778696,1.3017163992471694,0.9774868849962957,2.204730634999919,0.7699958159050766,-0.15779963099723204,1.688116772842534,2.800135523268011,2.10944394438161,1.3846009064441205,1.7994537650609743,2.2467370664791986,1.5181567346174916,0.9070359003616772,1.6270924402426488,2.7662964594237565,2.34550974606222,2.339191834146561,2.894775655926935,1.932246399968676,2.3656380376252173,1.910009737650313,0.8616734839918081,2.3434333791669246,2.5499013008536338,2.1436301765662904,2.4855521954307562,2.764327603694227,1.8269110767829773,2.4024286445501275,2.8814594012278008,0.6453658922116574,1.3772987048294567,2.517610510309936,2.246918734730116,1.8329834967418037,1.6766976248753167,2.2675157760814386,2.3149089191332735,1.2319458185133954,1.6951532591666023,3.9928895678822016,4.805618004473274,3.236317298604604,3.443126221840089,3.1863560736744034,2.096129821008418,1.941806562302503,3.0459983602325167,1.8436675471605213,0.6333015414738838,1.9812556191852764,3.868649397274254,2.9508881832667555,1.573547185909547,2.468965845227899,4.417746993697051,3.6017383340830804,3.320447649838542,3.866576944320002,2.9729829181363527,2.681008823715274,3.8784636806392143,5.043579824374291,4.748812225001018,4.13058019199201,5.051956612673081,5.793158736702594,5.309986194285557,5.233347899592161,4.603911757278581,4.2514076486660315,4.246974296442545,3.6959602032333123,3.579903632513208,3.0431537574578726,2.505343206729094,3.2059437822122447,4.515606844828994,4.909078893890751,4.6515875445312815,4.808713924882511,5.15114734049601,3.9684975144895134,2.792347531818905,3.274977102074814,4.213456305027307,2.9273005716593445,2.3229084565302855,3.337546751743048,3.882221641132844,3.2110023292726737,2.2144322418881757,1.6902963048938773,1.4273002432690305,0.9164658971428992,1.358989524461606,2.2330143130089652,2.9163567765841663,3.252287307247144,2.5341950239770767,2.029803437321249,2.0808256725716205,2.197950482117733,2.0714165811651526,0.32212652762433436,-0.28984191269682924,1.0364672896954232,1.4377216518938383,1.1791438851959413,0.3137068012678128,-0.4865983514513914,-0.4099030365570684,0.4045400010460014,1.7926407658995913,0.9735642269741334,-0.29580509946131883,2.234062469177587,2.127549397461422,1.815737145304439,1.7811595965846436,0.5483578998953362,0.7835051057921874,0.4395478916355273,-0.5344886523537298,-0.46811341545642904,0.848583456632781,1.1684699437527684,2.1200700688140444,3.128401268153226,2.8384056928581174,2.7854212993401575,2.2021124203267277,2.556601484026288,3.6797273732409224,3.3660433147218782,2.6896584416616918,4.073924714711126,4.599862892938063,3.3156716727443154,4.6438931626158535,4.472813158026099,4.022366770332781,4.238425553260697,4.063595277438651,4.124258145121587,3.3788882373612807,4.260873773564754,5.715611302242564,4.126164792497519,4.573275254175883,4.528064143882659,3.8725258739810897,4.173117905004801,3.936284492851911,3.164105462436879,2.57489254485057,3.610605226062205,5.289023657403277,3.7378824631292105,3.4832006507024857,3.466829373328437,2.9139141136267597,3.6183103346828034,3.2125878077995935,3.008499902410364,2.809849837587848,3.360336161437658,5.548371496549208,3.692818568931301,3.025579710888451,4.811729492865197,5.245053120248116,3.8468499656882784,4.1127078177612475,4.2975524592637555,4.392728939456163,5.283060271398313,4.392812998603603,2.568280724170279,2.591593403907268,3.916084350076744,4.512756293515878,5.292354615445618,4.578130349326955,4.462087051143101,4.511203405001737,3.161644050169059,4.355340997056487,5.307968615692317,4.424119907953582,3.76704823359222,4.261655069518554,2.517167687812986,3.468160834781173,5.373626119269716,4.987275262293565,3.7058553361770237,3.6193044428370342,4.505731700323963,3.9075891264763527,2.6228824877785257,3.301011813276091,3.560401527929571,4.006597308629665,4.443981756500307,4.1058158561854725,3.8572266030088542,5.206178106126799,3.7973680977621314,3.2214166410822145,3.8044323111193705,2.008677535568779,2.6246156556277924,2.735403903422821,1.9649402154156803,1.8521307994496965,2.006270460819394,0.9715903430438573,1.3612911155775294,1.0758810899736773,0.6968529387268347,2.382817146665218,3.025492649439599,2.10441247547368,2.51829880376701,3.578913764010508,3.140728584651356,2.549074121596732,2.0267986168765333,1.3059663662068601,2.0139814284444526,3.1093787132946034,1.3264345062129905,0.7665207289830391,1.4119295809009031,2.303333311563847,2.501621924884091,1.784436293073128,1.9011119844695372,1.6822832170930724,2.083996006157065,2.7431738841934816,2.129473329631395,1.4010728854497643,1.1113840359771814,1.8284207865676763,2.0818974708901123,1.0109184985601587,0.3498944674882978,0.22566141160251618,1.382013948005465,2.0507990393977025,1.5744592134034576,1.3805503179576704,0.6704470132759184,-0.021727765395240795,1.1966083228023194,1.1602833172299256,-0.6390602872164663,1.680707559229063,0.2184285552951053,-0.6768726628918955,-0.059430758392011285,0.3217478643911704,1.0952056071920993,0.1956524421094059,-0.37129417550522703,0.20296170575943506,0.4051050402755436,-0.030284950771715557,0.3807453029409089,-0.5623901233643664,0.7246501756243333,0.8134263076466084,0.06463710192247163,2.51163450457139,1.0779987267334832,0.6082692010417077,0.7249546126806479,0.3751485469455247,0.25359466312050927,-0.037660560579837465,-0.32988976309724194,1.4146380853645155,0.8781885305103287,-0.7419125986140216,0.970852944101182,2.0343291090753723,1.2160087974942542,1.2821487451965652,1.9311497314592145,1.8017658008988917,1.176488597986065,0.44877150107706143,1.0082835911919688,1.8393594318173712,1.6283903703772182,1.1814269941876319,1.7087555675694546,2.025520635138321,2.789853631181245,1.886463546222103,1.3867808935573294,2.150779699008865,1.5350769161267124,2.887423926937714,2.3507532343750484,1.47200401063742,1.909794269996496,1.9853700533518577,1.0407596813265343,1.369315738897285,1.3150193690742071,1.1032297517640188,0.9047099881058216,0.18593840094700909,-0.2546518212812714,0.6796970762191563,0.30719617496356477,0.6062585148647486,0.24836656312356808,-0.7887991535677372,0.8453666713339771,1.164837749186546,1.9293152458736813,0.3838822908733732,0.2926190131148019,2.196384677943655,1.0909030233968622,1.6470379487321338,0.1233607636482077,0.020019761577543704,0.8911183017414146,0.4696232667499487,0.13895311025751766,0.7002661071202567,0.7796564313849785,-0.5229201185921397,-0.952921030428513,-0.5312655337776278,0.008490091250337173,1.7842505125503862,0.9037427848639368,-0.5388712789693386,-0.6413244877338116,0.33680570902564,0.6868820487673304,-0.04617746687944191,0.40948906475301783,0.5171044771220465,0.810417685783051,-0.26170708897370787,-0.17170087391525612,2.05057381306014,-0.008136180091469214,-0.5740877505104152,1.2485020801330506,1.444807959965516,0.5564619317946153,0.5318646927752297,0.6806229391037277,1.7493397737507053,1.0429220646324495,0.22275233480934276,0.3002343653541857,-0.1864183925525822,-0.8240230353320612,0.09624422422263024,-0.4466735848693588,-0.6139396443849705,-0.6756452091499625,-0.818058927667181,-0.5238447370910819,-0.4756706828241306,-1.0651077052604023,0.20032642625980657,0.8964832516109027,-0.043104434951317216,-0.35799963194435236,0.004273052715319636,-0.630873484731552,-0.5989913142917658,0.1254272064720965,0.09162306700363843,-0.04781497747580943,0.07529324975689633,0.17417539586330122,0.07350929578825571,-0.5215951040347022,-0.7644568196010368,-0.09025005467731262,0.21342630411592722,-0.25204868558512317,-0.8353997472524668,-0.7473943971622248,0.14430199093743568,0.6146858614480664,3.6248193181692443,3.2665322256974036,2.7168133879050913,4.538607092558436,4.61594805398434,4.143493701594423,5.79275342019767,6.049246800370753,8.395578424704297,8.943990942738992,8.428964323637416,10.531602398022528,11.387063939753688,10.165006791600234,11.989814830476774,14.881668646289398,16.64181452449415,16.707269967458075,17.616033479382565,20.48727865155439,21.63016449627429,21.86236238141197,23.938919441508204,25.178387704945607,25.276575106996262,25.884105790679342,26.628209647723622,27.61469064160383,30.440255834692323,31.501643097228367,31.84442148394129,31.814755043927505,33.033356033442715,33.84024810246245,33.34545587008762,34.175205405378506,34.81277510691248,34.86492933562906,34.17312440576069,31.343415806179564,33.54301283500797,36.257664136495464,33.29374793516058,32.39405545573197,34.263288656063594,34.973379530971016,32.78357354347227,32.32240587213806,33.86051351972077,33.008908064349384,30.95577665317964,31.248708650054652,30.93852518652099,30.19986934249667,28.529967163617556,28.48782451244648,27.196805970815262,25.557266069625,26.46803074118972,26.792538230261243,25.363111463889567,27.26336768694142,25.118440773011343,23.62832148849776,25.23040958697848,24.671626995332076,21.282053517786693,19.61358350800927,19.888900817438184,19.30354195041093,18.699235880382986,17.264725031314782,16.44029109493877,17.31376652674882,17.019353598170937,15.551634929332408,15.785730378854993,16.190172556837467,14.421465517266796,13.765429932417078,11.982585960150544,12.906938709911344,12.241739529408562,9.977363109446458,8.85996599771002,8.313499154304168,8.320018122087163,8.851415259051805,7.270359679079803,7.21043941071602,4.917241267188103,5.715010398296954,5.969464850791155,3.8136103079261545,3.419773755424899,4.669876524211844,4.058449466515242,3.026556170700701,4.741593437452991,3.844926270660693,2.5950151473184917,3.441619598405225,2.3533282411010816,0.7622303249870583,0.42110883403796606,0.6187116418255698,1.6316405837172283,0.7563338589902742,0.9485007439923834,-1.072904931655728,1.3491198832224427,1.0024024601953556,-0.12079280822143801,0.5928616026694158,0.9226795208357714,1.5473887774594175,1.5621294649696438,-0.424118757263102,1.2145608697776993,1.226968332204848,-0.32387226216090426,0.9207936626244759,0.2733829464577866,0.21850777172659264,0.9524196977772306,0.4406115951129266,0.8805556091122071,1.4859286750767922,0.9896489732607279,0.9226234269267479,-0.5890720722444485,1.1438401794624724,1.3524527996073914,1.0096338040617923,0.7773074699359199,1.0253905270878079,2.750920599324388,4.280982815335335,4.19026639883549,3.683907533136903,3.173371328228029,3.3995292639877164,4.898799988309435,4.366232180227371,3.7101308648333884,5.994318208720927,6.059837687158023,4.779516233598002,4.608119872775973,4.70820834092865,5.812226167386996,5.735289529801719,4.9522125109290585,5.13553200866815,4.680272829017468,4.907927159929898,5.101061550432632,5.126546868330536,5.103160819955008,5.482642635115695,5.793726882915394,5.667106812708312,5.777389889397824,6.453724026801723,6.981982635217491,5.813565823320204,4.955872757446286,6.415783223747269,3.527111327240675,3.518415404412451,4.992597311107772,4.401893268127196,4.925162532167775,4.406760745909224,3.1205016776789876,4.029377121925307,4.109363790538453,2.679699711221218,2.719732974372448,4.349833130936929,3.994950148362591,3.031785268098531,3.3680299326845784,4.320371863513458,5.107628572127908,4.393548168307035,3.828725174895226,3.3702722300694745,2.018224562767159,1.9738347162655145,3.6197515163944445,3.237274714647242,1.8154826312062085,2.800530288893299,3.0762403756618255,2.670157833591901,1.041818874288083,1.4572779970266367,1.9005156222926303,2.157742859804131,1.5824161126261629,2.0450051178541173,1.4713535998496923,1.4557315921458667,-0.3156720735471481,-0.4111242774986579,0.1391666450975606,0.9331244809358168,6.1709831834578495,5.0673198745116395,-0.727513184317246,0.16037702159059108,-0.16938602416348658,-0.9845799770626513,-1.054232036371559,-1.1344659772552177,-0.6074022180597183,0.14143208533209872,-0.45991609444632786,-0.5161756778109066,1.2737059455307076,0.8105484589007119,-0.6036444997180297,-0.7227012825771908,-0.42159905100427864,0.40938762298628717,0.2884661244137874,-0.425793653813173,0.10605888967211285,-0.5226151784065678,-1.2136788009545967,0.4110242910986699,1.6391319867362313,-0.15942721674730365,-1.4804171246422584,0.342539928668657,0.7853150246978089,0.7655211540629807,-0.36360560220418847,1.1519733726803736,0.27253808816504943,0.54979910256327,1.3204095738878436,1.2725851051717996,1.1468635551023283,0.3394528211239276,1.3415466479086149,1.6487485362223993,1.7237944210358478,1.9733745402182876,1.373499637970383,2.1235536742414354,2.6803667606931754,1.3408872048351839,1.0400177580543755,3.039000759328701,3.254962232696755,2.6891343436096236,2.6342680970612093,4.575161348272644,4.172515009350718,4.6587916198470225,4.691349542296109,3.529627972181345,3.5004331895623295,4.128645462355934,4.474682428162453,5.524834114451977,5.572305384429427,7.624259289050684,6.639243820088041,6.6513524715362,6.393286471903082,5.493711960733208,6.249507328867452,6.648559939259968,7.7408903189765965,7.852443012844475,7.589816698828173,9.408928727655876,9.347253918613092,9.013723059272223,7.2285391958395735,8.39811663135228,10.061910327829594,9.461156634041515,10.196328563465556,10.853097158072899,10.766934075944107,11.142633620318804,10.623465580243135,11.19959194104689,12.053571697002269,12.305966262461453,12.038166534895964,11.47151579446205,12.541024940741352,11.820375601164017,12.442711650034198,12.682701048173215,13.055748427170272,12.586946481399167,14.672816043018173,15.603110938420713,14.662868560898232,15.295938219993616,14.15118484880665,14.191436694593278,12.963352376600369,13.390847395712399,14.531762348080179,14.109097623582215,14.420131944077042,13.291729412505674,13.482988407569337,14.26681518289783,13.391837910423789,13.501000962351384,13.007953548458886,12.539936057721292,14.301656450388577,12.633563620217103,13.590414723180459,13.578238234903637,13.624231315915438,13.19473771813955,12.974346291037591,13.461029574362897,12.006701681528057,11.720004505819247,12.87683032676648,12.372317688422783,12.341594081533174,12.548722527189057,12.293073650212932,12.625573217039602,12.179756848780755,12.837571989928364,13.19063588750646,11.640531545797586,11.462177442012802,11.752024092435079,9.882537102481251,10.733276239279661,10.435555042447305,8.708256168703116,9.066739502694986,10.288174360979554,10.836618801876938,9.022946871491456,8.762859413124914,8.250941255479745,9.541288680074018,8.887505810323802,8.38294801278198,8.882139198844584,8.109231347862874,8.663253480661666,6.9878230405410875,6.576559656233769,7.314332868041532,4.930921226579045,5.9198964963401295,5.077732170406165,4.439579128384565,4.372283298750233,3.381239970707327,3.8431513692789565,4.123015890153084,2.9266823747807393,1.929969955436377,3.0392730332495432,1.5884455331497804,1.5647682001627459,1.110505140977267,1.1413578058053417,1.4039143746290534,1.3670224347787183,0.7812371968652911,1.4598960223950996,2.1046189706296587,1.1009401394111649,0.9940537554753774,1.075705449135981,0.029700077473080455,0.5228364695860961,-0.0286434941961744,0.20926477051884262,-0.07511715687982701,-0.9006668146092522,-0.36060944693377905,0.12790215608147548,-0.04902042237253568,0.16200886320270058,0.5168225274944973,-0.4407601756395394,-0.3495143433404735,0.573549849858324,-0.48365945442739644,0.051806111266245125,0.4677053056589955,-0.5858908008153776,0.239430185135177,-0.7865649711009155,-0.5709741521017975,0.2148379493797279,-0.19970798264401424,-0.1815886855467852,-0.6040426525035798,-0.5649769891175254,0.5619884900655734,0.25483258135018616,0.05630758441223804,0.7330045795966385,-0.5766515571128394,0.8153474120257584,0.8172684243273522,0.8231952911386031,7.7457588001847455,6.947022029918443,1.8973694277710393,1.6423342826046223,1.471323289735679,2.207129210716019,1.213796796195581,1.2352533886114543,1.4711986089232738,2.141221786108403,2.7095104906962035,3.741585697257861,2.101666534706567,3.773348894027393,1.982682984847301,3.7465206414115357,3.405932249697017,2.555222684309868,1.5688020700832936,1.728657790976655,2.1645706531706708,1.8160518197654625,2.1715242857438852,1.858777014386007,1.0656039398077013,1.3902678654229845,0.3905880676752105,-0.6269667188509374,0.2738939787140424,0.8931371893313553,0.21215691652587054,1.3642712078095371,0.5161690611583225,-0.10935409449615463,1.3872930776334869,1.3577446229167833,1.3561185788532555,1.927835337402371,2.2438263243453207,0.5111403263907306,1.496754799907535,0.43190343677177623,-0.021951033804370468,2.181503622540916,1.5499827505509813,1.4292141721313527,1.5908746508689688,1.9912034905348293,1.1140124676483651,2.694524597597038,1.2552018590739635,0.9502427166909655,1.9856262102233018,1.4985980690898515,1.0491180575453711,2.618868202094191,1.9332972089966916,2.0838813546578763,1.2232768368989468,0.7931792569694949,0.6187145747483669,1.4182505531208136,2.2266832134130112,2.3206152832706834,1.7874555420852403,2.5001349981241248,2.016826180127964,1.3401898922144113,1.7498261289084667,2.66068783909499,1.1088673230434267,1.7796417956185167,2.0510297548412098,2.031670858658913,2.167301727884791,1.8432873812391648,1.326202947860594,0.8648850302737401,1.3786718073673399,1.8523463178307225,1.963135310142249,2.106771206920655,2.274758024021935,2.4263424865468153,1.6099281966124153,1.8843478960258153,1.747307456616909,1.81393657301129,1.3633357123693628,2.1550815398525174,1.8640032698353508,1.5927100525515527,1.285561950467283,0.7469347359182734,0.7016981322739753,1.171207689089215,1.03185276026079,1.1102636714318663,1.9114458892009623,1.521299239355102,0.7491272872007073,1.9110922715979797,0.1801068447755796,0.5266222251771779,0.36199232319671637,1.2820955326986763,1.6081748964069646,1.3799028942655696,1.1014370138580318,0.7616071511642986,0.47560875364176525,1.790491440633872,0.7617810412475023,0.77879684567705,0.6440126699896069,1.073674835380345,0.6792093471783716,0.4965339856694584,2.4746295125348894,1.8217082071853383,2.475108078131001,1.756749471242557,1.2980922798016934,3.045438445536277,0.5351318946227508,0.9369848766233986,1.1751125661029107,0.14596585935723283,0.3848505156397266,1.083421461736151,1.0637123090917697,1.4502773127628075,2.003466214695891,1.0704053452085134,1.8934387297792483,0.7256906213188188,2.299762012104935,1.9723688120807452,1.2667000898849352,1.1732069849858249,1.4325999095956945,-0.009592115807862456,0.9778668782778652,1.5125334519229767,0.2195782031531266,1.4499787686819232,0.9196343330894692,0.14964260539147034,0.8147038027379452,0.9419694517774673,1.7766467227859692,1.1202628822720655,1.14063987991954,-0.012215082844598157,1.3929428743113732,0.8527815736934983,1.2729347627665533,0.6480749525941789,0.13579643246405482,0.530877569922815,1.3172179652753186,1.640754061490611,1.2301286212319127,1.137523976973803,1.1016648491643153,0.7857906150068459,1.204306313022684,1.7658277185837505,0.5108941621683911,0.08693261505498384,0.6810466636922854,0.9274529229451218,-0.05515024890291187,0.10715773424315245,1.1038917239481663,0.18175650246744368,1.1968965915206198,-0.062380266822906094,-0.14115191771274738,0.4294433150747352,1.030721202921086,0.26571912343343485,1.4981974651604304,0.5270896247468073,0.45791606825579123,1.3499668928795785,0.40505686925699536,0.3934897077371886,1.5454193894429196,0.5672037746049838,-0.20079293084363314,-0.06190240898914823,0.0647772133150113,1.6935323636996955,0.2548977848512024,1.0120076899951655,1.1629671225803477,0.27537641670037516,0.46798325108975547,-0.04221719497854792,0.7440425498373457,0.6706310523197345,0.2495534015264198,-0.5879997421202816,0.10169735206152808,0.6132406463515281,1.071262256189712,-0.03833104506967544,1.3356902847779253,1.4849049833323988,1.3269292522808342,0.8652365361772638,0.8544216678788956,1.5260843986020873,1.3759044417284727,0.9954323297108658,0.504157300185085,0.2665597937339541,0.8401667703487732,0.252231725864867,0.5062806551086823,-0.3376419176290071,0.42333456163680694,0.9813494314406057,0.8217930255811794,0.11670490223207253,0.6469654797703157,0.38667721080091155,0.781477212236183,1.0832579028968965,0.4670111412783413,0.35076304034303973,0.8126348811961392,1.4146689608918592,1.062562127789306,1.2371148485463195,-0.10576341609368711,0.5393781442898415,0.783826348112882,0.36403962123047506,1.2695013660466614,0.6434081748799585,1.595040039710021,1.0530204550702322,1.6330264364099065,0.36313800056574763,1.221504428562092,1.442302186789064,1.245330025492251,2.0800809171420767,1.0159665329181706,0.5268821311580822,1.6105380236319817,-0.12308517535350205,0.5293615177278568,1.0295596037736416,0.5307112216633101,0.5937790274375061,0.9158187637142134,0.8513110404913533,1.617266130823623,0.7793499233182217,0.35930190584205945,0.22660166166686224,0.1651536343744624,1.1466063855114754,0.565643128077923,-0.04419042972355669,1.2756429714113722,0.057503049756682856,1.0913711611587686,0.662715868848494,1.3545901606110249,1.2485363378427365,0.5669199307387913,1.4752253937130106,0.18368733811031746,1.69297220407136,1.0890659324110388,0.9865301918638991,0.02060601613477786,1.206165382755941,1.4306655638299404,0.9505631920438589,0.677759855895232,1.477743627194414,1.847830818081178,0.44779982741802016,0.7392286434542967,1.2541145211827853,0.602057028148014,0.6420471622692077,1.3937566321338863,-0.25784750771892107,0.8301591163702824,0.12291946468683079,1.0689805740461082,1.100244037452896,0.6959536414290426,0.3508121231409582,0.5627398473031455,0.04902893920329632,0.8206688250327829,1.1265715945371255,0.7571436249018006,1.3512466097322715,0.2632325081061708,1.0132322577460258,0.7795875244455992,1.5628349257760732,1.3400410764230344,1.1780894819077474,1.6052263524924548,0.7965178489898328,1.0173906131694714,0.8210481541706116,1.0562623455799667,0.5984754348120589,1.1926344922439789,1.2460228778925995,0.9542596326821631,0.10246219283214941,1.2653711596340749,1.3844263428832058,1.1723286410476987,0.9917955988209854,1.0814334681265798,1.2488066841790584,0.6579859217059436,0.1944257790159014,0.8959665002889778,0.9104184030361182,0.4759809668805737,0.5161296118978385,0.8699834025819513,0.6207161461254032,0.5183907533962326,0.021140828195722605,0.5241192706305888,0.3095544028877555,1.1692856245030079,1.07910272825103,0.5975609692016093,0.9187860206372989,0.8823273852446967,0.9552712475134051,0.7408960254776389,0.7504046937440734,-0.2501284787619795,0.5095840349741962,1.1494664087714455,1.3425090191523914,-0.1534704492113299,1.1989857518549627,0.161257712026881,0.5374862500805939,0.7165518537249937,-0.011994037830604043,1.1345411172843,0.953311497015136,1.489527577596391,0.22800926751932593,1.3414692401407642,0.4398035261436206,0.5963479634701514,0.5393417579474544,0.7053503954895461,0.7434122237256844,1.0132150101065065,0.7945056518430249,0.9213674926761932,0.5178808977266129,0.1856365922484997,1.0369292902354097,0.8891985693192908,0.11361772912280799,0.8795567729513323,1.3037409631341603,0.9246007200165245,1.7849856603518752,1.1301111836776698,0.6553611206519321,1.2554828974176608,0.6608848090299517,1.7015882146928618,1.3815493440453572,0.8971871777101228,0.888005274951766,1.1001603188171423,1.1670807846561502,0.5832408752049929,-0.05147093294428551,1.3438270493504092,1.752477119059904,0.5393893937894756,1.353231025674603,2.064016921749616,1.2380070472071765,0.4355445653793737,1.192970440602224,0.7166056427905563,0.4755493047277213,1.276985662096962,1.4402792313957633,1.2884050123849544,1.7105657737002247,0.47437830918955903,1.3974708764709902,1.320929212885389,1.3766332885851682,1.215111089212769,1.378593114724893,1.032270787878545,1.7629452721115673,1.0963452780863463,1.5692591012180817,1.5831409123949243,1.0638168264091519,1.4442138586989302,1.3551368022318968,2.1696998758667974,1.1182788206634928,0.86765624994527,0.44242754667725137,0.9028840367220283,1.1392167896022602,0.894257890204031,-0.18816734334025398,0.7635342620120014,0.9285215238983824,0.9536207632539373,0.7021451390087066,2.065559226876644,-0.07728957884879151,1.4592190952998028,0.1749430288868865,0.4445214641365727,0.6969864404148751,0.2679899782704922,0.9958714827770336,0.8748731947579387,0.45931396901147536,0.9570589061616044,0.6234431536742733,0.9870590188637607,0.5235192774005952,1.0497194507929208,0.9931077959777497,0.6684844546662134,1.1041056231282909,0.5887559952385413,-0.168501296344715,0.15505095881893283,0.2778378160905106,0.545487302996932,0.5792383430483881,0.8269441850892321,0.10812969667571792,1.1399513078722645,0.3973035513336356,0.7705194977579879,0.140944751355363,0.33772642924965446,0.6720415493262379,1.6408743237861643,0.4670466051459101,0.7593959738633753,0.8504442746048824,0.8608993494003148,0.976149054722427,1.316415641239729,0.2381301777162559,0.5497041920947918,0.6024998186932038,0.4614192140683713,0.7344724609773277,0.7480819953272828,0.779122984143541,0.3322980686240413,0.6150657400939235,0.2373216667314324,0.06142431913042401,1.0388239219540765,0.07540890325677196,0.5876252387301983,0.8653114784648892,0.6617389026376514,0.9017857224112626,0.8503807801012186,0.8170304264162516,0.6222048438055756,0.4979585103041577,0.480642335256789,0.6794745717060664,0.9241090439846005,1.2739177167904652,0.13792332224360848,1.535797573958959,0.33213089963379616,0.35855935738221945,0.87969235696238,1.140999505583494,1.2113284085755396,-0.4541619117645004,0.49559627827741703,1.263370746185501,0.029387686904528643,1.0062389679924593,-0.22337255731459038,0.41055673639829227,0.6097117440094024,0.5758416923576561,0.16812544244014305,0.04894967196796163,2.095345473907514,0.40286648500570266,0.06616491024592985,0.7845171857176467,-0.5275397534298634,0.46593388071440245,0.47240695582176784,0.42927058758677017,0.1840616040459091,0.18885618468719656,0.8615293454203643,-0.2905868816657744,0.542790308434391,0.06208093210091192,0.3426210280949249,0.3381936847861482,0.13235175837571944,1.2366270637075587,0.6973791115884191,-0.23119799022617826,0.20459007093974435,0.8247474413303584,1.3390296810570552,0.1796930688429086,0.6922499178734958,0.14736816301353883,1.0083507292593197,0.8453058514247545,0.9081850892394243,0.5514940942328792,0.7546525964277029,0.7920565051330755,1.2325543214292765,0.7373258766453148,0.7292572310885959,0.8081538316306185,1.2281989895339658,0.9700712012065802,0.9693033286092865,1.276143712867679,0.16113602740666977,1.5323121832102657,0.07727799253767387,1.0645993881596922,0.9389978622883888,0.371043952287323,1.0586094131131318,0.7029000080282088,1.073018237390543,0.4168043623838429,0.9384750894717797,0.5480628755213104,0.8428216106514839,0.8189728730949204,0.821085820681418,0.8250957822427125,0.8289116144262465,0.8323842491151936,0.8355114011463627,0.8382997620240928,0.8407568933758824,0.8428902729993553,0.8447072946164269,0.8462152676600141,0.8474214170923631,0.8483328832541588,0.84895672174396,0.8492999033269797,0.8493693138727707,0.8491717543209063,0.8487139406739459,0.8480025040172734,0.8470439905648703,0.8458448617304413,0.8444114942232517,0.8427501801680677,0.8408671272484582,0.838768458873048,0.836460214363683,0.8339483491653681,0.8312387350770791,0.8283371605028833,0.8252493307230395,0.8219808681839993,0.8185373128073223,0.814924122316441,0.8111466725810885,0.807210257978582,0.8031200917715751,0.7988813065017695,0.7944989543987333,0.7899780078038816,0.7853233596088103,0.780539823707187,0.7756321354604125,0.7706049521759297,0.7654628535979242,0.760210342410204,0.7548518447502062,0.7493917107343862,0.7438342149940667,0.7381835572213902,0.7324438627249066,0.7266191829948667,0.720713496277142,0.7147307081556278,0.7086746521428466,0.702549090278282,0.6963577137338746,0.6901041434266517,0.6837919306379092,0.6774245576386022,0.671005438320492,0.6645379188327922,0.6580252782242013,0.6514707290895387,0.6448774182211707,0.6382484272643154,0.6315867733765401,0.6248954098904846,0.618177226980066,0.6114350523297247,0.6046716518060862,0.5978897301324366,0.5910919315647334,0.584280840570031,0.5774589825061582,0.5706288243028297,0.5637927751438667,0.5569531871501852,0.5501123560634369,0.5432725219298931,0.5364358697846114,0.5296045303353338,0.5227805806462271,0.515966044820928,0.5091628946850193,0.5023730504675399,0.4955983814810878,0.4888407068010139,0.48210179594271096,0.47538336953756755,0.4686871000066333,0.4620146122327071,0.4553674842297397,0.4487472478102461,0.4421553892498906,0.43559334994969845,0.42906252709515513,0.4225642743123643,0.4160999023212213,0.4096706795851901,0.40327783295768427,0.3969225483251506,0.3906059712462451,0.38432920758738476,0.37809332415442043,0.3718993493202589,0.36574827364844964,0.3596410505125647,0.3535785967112446,0.34756179307899515,0.3415914850924793,0.3356684834721335,0.3297935647791661,0.32396747200797904,0.3181909151735738,0.3124645718942247,0.30678908796909354,0.3011650779509125,0.2955931257134381,0.2900737850138597,0.2846075800501069,0.27919500601262826,0.27383652963105476,0.26853258971553373,0.263283597692606,0.258089938135484,0.25295196928901476,0.24787002358908694,0.24284440817638142,0.23787540540453733,0.2329632733428042,0.2281082462728392,0.22331053517987698,0.21857032823844236,0.21388779129189572,0.2092630683265213,0.20469628193986011,0.20018753380304588,0.19573690511768405,0.191344457066549,0.1870102312587818,0.18273425016907652,0.17851651757104037,0.17435701896489775,0.17025572199922578,0.16621257688687763,0.16222751681510772,0.15830045834988482,0.15443130183449227,0.15061993178207445,0.14686621726268356,0.14317001228438642,0.13953115616861567,0.1359494739198226,0.13242477658933183,0.12895686163345488,0.1255455132660046,0.12219050280504007,0.11889158901409758,0.11564851843766633,0.11246102573103656,0.10932883398457705,0.1062516550426551,0.10322918981663065,0.10026112859280545,0.09734715133450322,0.09448692797884917,0.0916801187282772,0.08892637433646655,0.08622533638909147,0.08357663757914224,0.08097990197717309,0.07843474529593664,0.07594077515024367,0.07349759131139422,0.071104785956706,0.06876194391372792,0.06646864289945142,0.06422445375467589,0.06202894067328657,0.05988166142671503,0.0577821675834258,0.05573000472378453,0.05372471264982437,0.05176582559060705,0.04985287240272385,0.04798537676624903,0.046162857375975364,0.04438482812810207,0.0426507983025175,0.040960272740704795,0.039312752019057484,0.037707732617860756,0.03614470708620843,0.03462316420241507,0.03314258913033541,0.03170246357143469,0.030302265912936832,0.028941471371823013,0.02761955213479439,0.026335977494326812,0.025090213980945464,0.023881725491506245,0.02270997341385339,0.021574416747554892,0.020474512221213104,0.019409714405924205,0.01837947582529864,0.017383247061985685,0.016420476860687927,0.015490612227722522,0.014593098527384996,0.01372737957485981,0.012892897725990338,0.012089093963851383,0.01131540798228059,0.010571278266198192,0.00985614216888564,0.009169435986535746,0.008510595029619594,0.007879053691681293,0.007274245515162647,0.006695603254627258,0.00614255893715665,0.0056145439203163505,0.0051109889473366366,0.004631324199920073,0.0041749793485763576,0.0037413836006834345,0.0033299657460617027,0.0029401542004023895,0.00257137704633692,0.002223062072530979,0.0018946368104622024,0.0015855285693078258,0.001295164468757548,0.001022971469950562,0.0007683764045509633,0.0005308060018620608,0.00030967938432979736,0.0001044104193823614,-8.55900914018548e-05,-0.00026091238005676587,-0.0004221458313367066,-0.0005698772469173718,-0.000704689249246826,-0.0008271588189501244,-0.0009378559603163694,-0.0010373424886864768,-0.0011261709346399584,-0.0012048835590405815,-0.0012740114736544683,-0.0013340738618694559,-0.0013855772944566525,-0.0014290151348745894,-0.0014648670292274346,-0.0014935984764292698,-0.0015156604731885182,-0.0015314892295776872,-0.0015415059506551643,-0.0015461166797621217,-0.0015457121993023293,-0.0015406679851821536,-0.001531344210604857,-0.0015180857962491245,-0.0015012225023838255,-0.0014810690602331533,-0.001457925338954169,-0.0014320765449724604,-0.0014037934513453365,-0.0013733326535430024,-0.0013409368494450291,-0.0013068351410225887,-0.001271243354977969,-0.0012343643803660598,-0.0011963885209098635,-0.0011574938602052498,-0.0011178466375980634,-0.0010776016332556537,-0.0010369025605001525,-0.0009958824645082132,-0.0009546641250608445,-0.0009133604626612168,-0.0008720749465709332,-0.000830902003727374,-0.000789927427589987,-0.0007492287856223356,-0.0007088758250120009,-0.0006689308755767343,-0.0006294492492031623,-0.0005904796353490838,-0.0005520644919840834,-0.0005142404313147608,-0.0004770386001382576,-0.00044048505421301343,-0.0004046011266467531,-0.00036940378973326915,-0.0003349060101811574,-0.0003011170975071309,-0.00026804304573602167,-0.0002356868677111379,-0.00020404892275394104,-0.0001731272368772352,-0.00014291781604924836,-0.00011341495213912367,-8.461152214067624e-05,-5.649928023387929e-05,-2.9069972200090888e-05,-2.3153381221163727e-06,2.377288481625328e-05,4.9202959658600776e-05,7.398314704687436e-05,9.81217026350123e-05,0.00012162687471573008,0.00014450690171941005,0.00016677000989773205,0.00018842441102151497,0.00020947830010698,0.00022993985331254407,0.0002498172258071918,0.00026911854983779904,0.00028785193259750486,0.00030602545443514373,0.00032364716679467165,0.0003407250904956527,0.00035726721394269134,0.00037328149146276246,0.00038877584165675216,0.00040375814575099866,0.00041823624610515253,0.0004322179446347718,0.00044571100144708,0.0004587231334340913,0.00047126201282310376,0.0004833352659971979,0.0004949504721878384,0.000506115162295373,0.0005168368176384774,0.0005271228689593954,0.0005369806951875944,0.0005464176225586925,0.0005554409236765423,0.0005640578165753141,0.0005722754636821037,0.0005801009709074378,0.0005875413870199964,0.0005946037027086959,0.0006012948500568882,0.000607621701689709,0.0006135910701772218,0.000619209707281243,0.0006244843035005943,0.0006294214873037163,0.0006340278246597109,0.0006383098186688585,0.0006422739089089191,0.0006459264712219692,0.0006492738171175461,0.0006523221936021173,0.0006550777826674903,0.0006575467010776492,0.0006597350001129598,0.0006616486651722653,0.0006632936157302538,0.0006646757050532415,0.000665800720028642,0.0006666743810654907,0.0006673023419239144,0.0006676901897293419,0.0006678434448730286,0.0006677675609410016,0.0006674679247566928,0.0006669498563809384,0.0006662186090835576,0.0006652793694001957,0.0006641372572602222,0.0006627973260862063,0.000661264562921815,0.0006595438884744453,0.0006576401573425983,0.0006555581581437764,0.0006533026138413334,0.0006508781817302633,0.0006482894538493156,0.0006455409571373139,0.0006426371536605302,0.0006395824409253237,0.0006363811521197249,0.0006330375564829183,0.0006295558595610373,0.0006259402036619122,0.0006221946680682322,0.0006183232694070284,0.0006143299621186316,0.0006102186388119435,0.000605993130676552,0.0006016572078237914,0.0005972145796846462,0.0005926688955781856,0.0005880237450526238,0.0005832826583969108,0.00057844910709548,0.0005735265043398385,0.000568518205369628,0.000563427508126324,0.000558257653622718,0.0005530118264687189,0.0005476931554966313,0.0005423047141732695,0.0005368495212252355,0.0005313305410510338,0.0005257506844742466,0.0005201128090561724,0.0005144197199200562,0.0005086741701063602,0.0005028788613543611,0.0004970364443579456,0.0004911495196182614,0.00048522063782741043,0.00047925230059320256,0.0004732469610218004,0.0004672070241866777,0.00046113484795284876,0.0004550327433747725,0.00044890297547794944,0.00044274776372787983,0.0004365692827263956,0.0004303696627090403,0.00042415099025561176,0.0004179153089154397,0.00041166461986108516,0.00040540088244256367,0.0003991260148410447,0.00039284189472255093,0.00038655035976375984,0.00038025320837675736,0.0003739522002490503,0.0003676490570541091,0.0003613454630482238,0.00035504306561051635,0.00034874347603874867,0.0003424482700467024,0.0003361589886026195,0.00032987713839816024,0.00032360419245947014,0.00031734159084351177,0.0003110907412491315,0.00030485301948601773,0.0002986297702847196,0.0002924223079219246,0.0002862319167320493,0.00028005985184620386,0.00027390733974641535,0.00026777557884827274,0.0002616657401546263,0.0002555789678808651,0.000249516380051773,0.00024347906912680628,0.0002374681026253711,0.000231484523681047,0.00022552935166686439,0.00021960358280637138,0.0002137081906568028,0.00020784412690488807,0.0002020123218073877,0.00019621368500111203,0.00019044910582977082,0.00018471945406872692,0.0001790255804081653,0.00017336831707837064,0.00016774847837552898,0.00016216686130121616,0.00015662424605977776,0.0001511213966836067,0.00014565906147367969,0.00014023797363904578,0.00013485885183683877,0.00012952240064123544,0.00012422931109767887,0.00011898026133394524,0.00011377591697225853,0.00010861693174035736,0.00010350394801150742,9.843759723082712e-05,9.341850051214351e-05,8.844726907852873e-05,8.35245047881017e-05,7.865080063140795e-05,7.382674124301047e-05,6.905290338465875e-05,6.432985634319266e-05,5.965816248476585e-05,5.503837773801479e-05,5.047105196354096e-05,4.595619017777608e-05,4.1493297786132644e-05,3.7081425233509435e-05,3.2719212228471406e-05,2.8404931327941085e-05,2.4136531195040334e-05,1.9911679260076198e-05,1.572780396941198e-05,1.1582136622223516e-05,7.471752894616657e-06,3.3936137668888477e-06,-6.553937339504046e-07,-4.678416217984704e-06,-8.678593758304487e-06,-1.2659020072192106e-05,-1.6622702915469745e-05,-2.0572524704220996e-05,-2.451120329283185e-05,-2.844125282308596e-05,-3.2364944829055275e-05,-3.6284269256725565e-05,-4.0200895696784755e-05,-4.411613433319417e-05,-4.803089747440481e-05
16.57764705080467,16.510090387788182,13.916531090444494,10.951079619531185,10.023094067590137,7.922394078539639,6.620103225629464,6.583224416823043,5.748547495729554,4.948766188651462,4.200381020083341,3.110864920033862,2.0096752617545803,0.4573787265513829,-0.7500761251592962,-0.1684863841678066,0.19137171222365623,-0.5297566298813194,-1.2732185086724712,-0.26371149063959365,1.0990916696220552,1.8440486602921737,2.207170379953766,0.0582871228631916,-1.3975049241590227,0.41381742183193637,-0.10555330334204882,-0.6276738728189457,0.4143221043813696,0.499599713679288,0.8412107178129418,1.7348789487010663,2.5134680467193107,3.130569017818175,3.6429830658198057,3.3664527318803152,1.8465480737167468,2.029168402244636,3.2535844257561166,3.2796293937666974,2.4544775390276072,1.465543244842479,0.6504176510206321,0.18848862581688763,0.8239633083819626,1.2731557526115012,0.5032649397703608,0.20503098357335148,1.7757674337370872,3.4034067159591928,2.551424291251294,2.685675651378176,4.314862712649642,5.381891224370406,4.231247314905659,3.1674995822440906,3.647559951249548,5.121900821051554,6.603738366648713,8.202784832880866,8.7374615210108,7.681889595616724,15.020534806514888,19.72983601228566,10.915228372190313,9.223526908444057,11.15442030759857,10.027420552602848,8.224538510963896,8.566931996665403,10.210535833268523,10.965001028656843,10.461754913410346,10.299844571218443,11.045479125532438,11.479527314350435,9.91728059924759,7.973010006736956,7.442839819650544,7.823455046956781,7.009855383027684,5.766393987936567,5.833558574677568,6.453026465152163,5.571125276812381,4.206264501338865,4.52751835650281,3.486919623823951,2.1514908664449877,2.1398290058482416,2.699345445632389,4.094693807053659,4.130383398465256,1.2736123277354636,-1.1239002259310382,-0.014725982174923047,1.6995388214438663,-0.26856616465966,-0.30913207525884445,1.4879235121155148,2.3736894983087495,1.4430046353739954,-0.15753474950452073,-0.35552070586487616,1.079720436505113,1.2809349592693593,0.7220555595574751,-0.0627740119539908,-0.6222042662471949,0.9061256493460519,1.2956850422377784,-0.28042918522550053,-0.4989432583128064,-0.031819883856826436,1.067513444285737,2.417565582430882,2.583531071159257,2.9080395120290063,3.4288191251985722,3.1366312872880826,2.38554879961373,3.69514097600063,5.454300622187702,4.33222412947805,3.582305341791539,5.169424486232174,6.561360601595084,4.581269406998558,5.3124378013625915,5.110155399308326,2.010100688509965,2.513283676876142,1.3561572865397693,0.6004915711178,2.903668020877376,1.525149364864319,-0.455808257070089,-0.050158818527449966,1.914803004548844,3.111966138256548,3.8961040828377804,3.78965360155712,2.7323789489280443,5.226330377451745,6.874082768735377,5.754162630190081,5.947903399006805,5.999650632272562,6.006361596971544,6.416402872232254,6.212137018578346,4.624888357237182,4.028467160487935,5.114676402183193,4.769044239266577,6.177482838698495,7.184839437409437,5.1003466409106295,4.002950691697492,3.6439911210590026,3.6650353314735753,4.096230683286251,3.844311084400829,3.3393254627859505,3.18878207877583,3.340948136115969,3.2538561446734207,3.4853612782673054,4.0902666275187585,4.966117854434742,7.050712897541985,6.942737870630822,4.793124276170374,4.776850773918454,6.920946325570583,8.93307296005895,8.689471115783704,6.6130111972127,6.638189937132552,7.130503162887862,5.838289055582493,4.031796704363842,4.875531206347091,6.24081488242075,6.014747153811186,5.337844786413086,4.923835614568361,3.0985380032875014,1.5526379892598925,3.8863366801807615,3.9597227237939023,3.9965623577248834,6.096323327924324,6.468153156467622,4.246064478454457,2.908521186465805,4.086940850039241,5.253927271297243,5.490116070230954,5.784925300422913,6.014796392225605,5.237047883045307,6.149714261543636,5.548394189942769,4.3394034889311115,7.360301320841984,7.044044363286844,6.09748382151929,7.01036814560689,6.318496201259279,4.362811416821444,5.115634762616764,7.4823617238594125,6.446725897246893,4.55169475038133,4.06365429564562,3.8318453148623917,2.242464970598121,2.4791343586414314,3.494212143502807,3.1546380406074945,1.8878372558035608,2.8763005974438443,3.9193094565819138,4.795759194453694,6.578215434661104,6.521738438417287,4.493661979036233,4.035391443282947,6.1868058896500315,5.656790320747064,4.564446405659282,5.235021488027371,6.573047123016067,5.861746969241381,5.596013949889311,5.818164718377943,4.943989489617479,3.455714664279867,4.653681383012952,3.9863017299558123,1.6973059273949502,3.8406349806275557,3.9434658092042696,4.02598642322198,5.007279702102892,4.404969382436207,4.975356678598814,5.982615899626921,5.88775923592749,5.626041443708402,7.599269424776708,5.954916022241491,5.309447459909961,8.855959004769659,7.477853010050637,7.656248228543632,7.076333710175675,5.66356263182729,9.816989757667102,9.903534275742231,8.869551648260028,9.45552476504281,8.500904134817574,7.356613930133676,6.640514729309416,6.85443854297057,7.772250409097694,7.828306623586968,7.994773984406493,8.094190821146583,7.109006773295221,5.200778336937219,4.232538348037963,4.34676858537523,5.445654994317465,6.589860868758819,4.208213020528149,3.7556606493432128,5.668628364178744,6.015803582036995,6.036588485088828,5.9494801129091,4.148084764695,1.2926402247740612,0.8789856693056208,1.9204161998728182,3.258809593831927,4.8210348915758345,6.090052116210188,4.7662585528779005,2.775484227325933,3.1943460421913414,4.796360036625003,2.8193973990934182,2.0375226860834346,2.122444215110704,1.7850241526732589,2.2395729393527404,2.392020710275233,1.80247218129756,-0.17084195022312088,-1.961195073426154,-0.08318823181900825,-0.5709648206561724,-1.0121342085035963,0.3387382187027015,-0.1146387446888184,0.9829207125781636,2.87924269683964,2.8455601985614862,0.921477502316634,0.8204877682783263,2.173961261737645,1.0780203632027678,-0.4959075884332833,2.272176415264198,2.123144212136822,2.419113750698898,2.866868294494452,1.340854439374482,1.8532748421596352,2.6559865666007454,2.631248102449206,2.733186570342241,3.469365107089345,2.909175189462303,3.1742235234686973,3.5092549519329737,4.101488365491491,7.281971649558216,6.2601702481484836,5.2009016602835345,4.402008882014286,2.0330995260204077,4.78270166321812,4.5057249971511055,4.3348497491867874,6.516342115901125,5.24394710843211,3.4036393108927996,4.07786495097065,4.0078833925514346,1.9185961698594838,2.7561263401593123,3.0542127356522997,4.684270914880642,6.02610846494963,5.077055697896526,6.804016297757585,5.353947151800639,4.010950462985875,4.890060516066228,4.080127112668322,3.0344099658032633,4.328238692969592,3.696000225412206,1.0160019599896941,2.344315816538824,2.7706439843900057,3.5749960356291695,5.3956881500438385,7.540500261250031,9.509380952747904,7.0306410910970385,5.567026627075165,5.743117525192702,5.388388212788755,7.566473919843759,6.578222472265111,5.142419171734673,3.82025588867441,2.262767729264624,6.21599063836311,7.007350715410098,5.228219971450187,4.9478749902301615,5.931148473299913,6.646424873515798,8.1477508924159,7.632574666505434,5.234165050717706,4.146581152353178,3.0667807252180523,4.450510170960342,5.505804402909405,4.944268445984221,5.293211120226431,5.38410945242299,5.0220727525394295,4.535311598771045,4.771536799527894,5.202970428438789,3.1653899901820637,3.241093465232666,3.2302740253390425,2.5810737368905166,4.375392888170836,4.880464761309213,4.529385238005375,3.8677375048810063,3.71969926632255,4.039422205177061,2.410543716305938,1.7751907808629994,1.3618976096506685,1.8588845152490876,4.022731049048957,3.0991828363179934,2.019989738722529,2.160840516995222,1.8695916986198426,1.4460649270271801,3.773608270017121,3.828159982814384,3.4279736171108084,4.454595798813557,5.5821448325168035,5.4269382843865515,3.4279555158898347,2.618322074315188,2.0476731739216234,2.0385319507292934,4.785979929741302,2.8619905219511566,2.936192909754368,3.7331171123944387,2.8396585781516706,2.9568176066041474,1.5682785395359815,1.6420088703150668,3.1292523026691583,3.5733849444844736,2.6435150125969358,2.330436157519898,1.0605191579929851,0.008822303853264657,0.7206125191199817,2.435187488648978,2.948363379922341,1.965166321981485,2.020028887312833,0.42176699680817364,-0.5068265798624907,2.7956273105755827,0.3384193331208962,-0.8134655467126777,0.31764681173120835,1.6964686317146516,2.7096481398913284,2.1823404733463576,1.139895810700068,1.883787159213739,2.2018155371591206,1.212592321304328,1.667480133079664,2.2522286796872777,1.712279884394036,0.5749357968061872,0.12146558045844813,0.26863638826682745,0.14113162076660046,1.4745050129573087,1.4409252759599553,0.7221129753979767,1.3954184156149267,2.9388876295240607,3.7648926823720785,1.37714445684486,0.1225236251550541,0.42808039953490606,0.7085053608240628,2.053537875178961,0.9484860855618535,-0.8101543262780524,-0.6118008593777517,0.18654667572229755,0.01363060929452331,0.9912474521756849,2.051496448214266,3.2588925136184344,3.636873699290504,2.542007613056171,1.4654440185847761,1.9124620640170065,2.011448661105419,1.688642092856469,2.3689071501160015,2.570431208771879,1.0502014566495745,2.5675546780469176,3.4377967905229525,3.778906794724776,3.6203013358012868,2.5720546399948034,2.8395469680023098,5.245071165111881,3.795062859063705,3.7222144773090804,4.951082081465188,4.3189716050682705,4.327006845921517,3.0734791386809093,2.46472381889555,2.30475047531354,1.972397551773156,1.9445562401530765,2.0047886776703763,0.8232840043522742,0.44190474373129973,1.4288194893555328,0.7252131480042863,-0.46704836408127903,1.6828070468187661,1.786470404843385,1.622472165460465,-0.848772628884376,-1.0080051038520423,2.097141382979771,2.340399654456178,2.5641912885515694,1.1149964670912027,1.8294074201686499,1.348917389424571,-0.4383985351909132,0.784947443177316,0.8833224615299287,1.5255674553260405,0.8690486623175957,0.7508501852777272,0.43579041507496186,-1.1320520786010206,-0.4639515528427296,-0.5168192507864546,-0.7967561583857332,-1.8082101958646035,-1.4097778897018998,0.2271874767012605,-0.19566758341125023,0.1944154810325358,1.0364630273543298,0.0645331317155069,-0.8130303446970402,-0.04036157449343136,1.221402820669823,2.120025544496798,1.168381483238818,0.8802608384885389,0.6560198571095839,-0.9403805657321982,-2.06107457117605,-0.1564352816092196,2.4234043117817237,1.8769577860506956,1.5751933098957807,1.3810222236939467,0.9649118626469431,0.798751542994637,-0.400757503795262,-0.2998486964429503,1.5778571564089816,1.5040303005573605,0.41827905643521035,1.1345707249320185,1.8509362858122813,0.9853162733526233,3.5632560172044236,2.8483988930188957,0.5356012990278032,0.520677600576164,2.262155732495728,2.174435159581833,-0.22160904950760596,2.2790105052697527,0.8214689647611522,1.3530957829281078,1.405631952679073,-1.0362092562776866,0.03386121293715405,0.27543247059657006,-0.5291341596158645,-0.49908870968477004,0.6823591830835767,0.3498881231419091,0.1888541369419272,1.750305354618206,0.5256585397636968,1.1073129469565401,3.0365203172715383,3.6026401912083656,3.7304077821772808,4.303359212855639,4.410230428192563,4.535997177176341,5.6414343283187804,7.019317028954106,5.987749452116702,5.823178574768804,8.705004876660155,9.811956868503898,7.649269758872151,9.142557413813336,9.921015698120755,12.299264367019532,12.86566485941455,13.453603019049865,16.319955834743723,18.28550275854775,18.491242557783607,18.15333696614448,18.862823797887017,21.055435096855604,20.472900776471874,20.977279455160726,22.881891131791463,22.511009518052276,26.54971536361421,26.587200936578597,26.976907559059498,27.60611788859154,28.03664191431551,28.541407470229046,28.86877293627515,29.130954922240107,29.234631262361404,29.297048166843297,26.980859078676872,26.447371737711194,26.266063793130797,26.039186128289657,26.860197937435032,26.074966699567767,24.72549368227817,25.16575874683184,23.40144216280447,25.285389651945877,26.116459000158443,25.272912203087003,25.79566733613649,25.381157525545746,24.257734704705513,20.42425608139098,20.013518087994214,22.24879973362249,21.731185643218964,20.39436930083093,20.582930689262525,19.852781980396344,18.430731725321778,18.706092593365838,19.552001094376124,18.91254523673149,19.596770790407845,19.31853730795433,17.091781727946568,16.14690023874698,15.970512905477221,13.952802631694055,13.317568887965535,13.759740120673143,13.263641637800845,13.31286494948364,12.787942378164246,10.320106819295802,8.775788864146534,9.807764507520915,10.019187284613508,9.34798758187327,10.625618953752678,10.187348717170892,7.520084972188386,8.036699155599536,7.794837342815185,6.314211455967325,6.999450850594371,4.733028489095432,4.995713753064649,4.719905189465635,4.3505435702998625,3.575519635031469,5.148214410726268,5.742632346195194,3.742585725037088,2.8608352311966883,2.871420471235467,2.394083890631123,2.5336750695944943,2.274285292287459,1.9937739000512238,2.289390875939148,1.3754819508929472,-0.07123554691304435,-0.025411614352492506,0.8428698866201785,1.380157425703601,1.381546751590804,-0.28257965980651534,-1.0900145195596451,-0.6464163935447687,1.0320444825680966,-0.337366772290693,-0.16836658770785107,2.652309485723663,2.990094312286544,2.7431963699391986,2.4204500583336426,-0.3353383292289891,1.1062166042105446,1.1572113391327434,2.497076229771608,3.218602110343113,2.9926435301992456,2.0189243457383554,3.338110496906779,5.237999069414855,3.0062952624272157,3.6301666419338403,4.546579057279587,4.636223580730075,4.610967587705716,4.723693615004549,4.808399460983992,3.7305460746790686,3.1795380160817786,4.379050712363778,5.107690913367776,5.053214100953539,5.110559084102249,3.7652098207706786,5.5496773457504105,8.793255764577623,6.29639951649267,6.328403714144656,7.342827977261663,8.826831146246889,10.718773719799003,10.626143731902232,9.130823896616562,7.625608951325148,6.515743892203545,6.019156058335398,5.390606854026828,5.163940333621213,6.994032727245269,5.094841779881676,6.266506177734698,7.075491001821717,8.115268763149913,8.18207005423983,6.47037905061643,6.667171785378969,7.505444152401253,8.707510226496197,7.980210919822923,8.723532025742543,9.32570927201698,8.127186986711308,7.289178828991339,6.250577088663931,6.307298473102037,7.153574494308771,5.573968064807332,4.721205444263376,6.312740118149122,6.323929152550477,5.592220046732621,5.3891416988177525,4.668626012159052,4.004141704711344,4.6929119103794505,2.575128112653772,4.667067751514878,4.89174629068043,3.2702927408333835,4.854719412544341,4.000047322557862,3.1490350392560913,3.453974422422334,2.025042759124119,2.614659422672162,3.667870536997839,3.0851052653478064,3.0736466522286605,3.151293791058265,3.0763545010929647,0.9812512766941381,2.275505913962718,2.167742894077719,1.364541792933153,1.2868069208205384,1.3648418656398462,1.5817760143448822,1.5465320744362998,0.7968045678936164,0.6309690143866646,2.069324682030185,2.465270141075848,0.45183632320276956,0.623266071766011,2.317485046264949,0.27149721301316276,0.22734170696656975,-1.148595440240797,-0.9101430634590884,-2.2817729233183286,-0.7405722817510991,-0.6238963384817566,-0.8108104908661176,-0.9827421237487215,-0.5807846672157098,0.23275625396524902,-0.46781645200178446,-1.4094694314383673,-1.299908107486715,-0.2422707268848967,1.076149852250353,0.4203031605167098,-0.43683525605615614,-0.1260374520629739,-0.8497874660225193,0.815072780457001,1.571433899757892,1.3649232391605892,0.3559812212245106,2.0070806027198387,1.6699763313809513,1.0648923925153895,2.5181927411520633,0.48331642114283113,1.9768430936611594,2.2644978793612154,1.8607544805098541,2.6227682576897564,1.9285073736896834,1.1196238110522927,2.026264232516837,2.912199456437861,2.564393457918868,2.202549178655886,2.346540202342908,2.116825829919378,2.391616592514197,3.313679694339328,4.356104366070497,5.0068110499835825,3.4801907000103256,4.4380214647133585,5.07351425010512,5.51506018245891,4.083859939289596,5.1719449454347455,5.8395285903923195,6.850681168341055,7.148671608256848,6.170267909906556,8.187991752721757,6.543517031137924,8.883204320791435,5.682209929686053,7.557809638833135,8.141866063366479,6.729082859514449,7.537014431818534,7.695598545114933,9.9859257749917,8.76821800755539,10.16822957758518,10.11640144303874,11.395926230597638,11.24382245960038,10.265637783230034,10.501611113100182,9.624823351838813,10.320164654646618,11.565035200570719,11.139965240156926,10.36561448268202,11.385975263660725,12.773841372280799,12.757584072413295,12.556051866170606,13.543914733812784,13.249039642182026,11.6502199381043,12.605550622017404,12.799907755899142,13.272597293516355,13.105556965285757,13.574570830614192,15.928291511399891,14.885005281849317,16.18149047568363,16.371479504529987,16.180578161865952,15.767587625506053,14.634477621222345,13.861249745293918,15.846416093442485,15.96163190651481,15.873747373919343,15.207893559604372,16.292324940143203,16.073763709601565,15.449949719921733,16.90037780746613,14.632477054618448,15.234473193567965,16.31915714364709,16.404042421834617,15.597003462021917,14.960228243242653,14.528589952408566,13.741547072400863,13.93882518792887,14.352436717555463,13.328558945726286,14.414646408166902,12.801462854621917,13.467658166613433,13.162114099814175,13.75660535024042,13.983302636564304,13.946216732461409,13.945752887300557,12.327023207782048,13.288898171655859,14.68793135014161,12.94891229025663,12.351548503818663,12.374871769278002,12.365954622117329,12.09180549412136,12.398166932041846,11.917218261731193,10.488153560436103,11.41311737383782,10.172475855052113,8.735073630140846,9.698706334285475,10.797673856113306,11.150827116334227,9.087083704913994,8.02888121489977,8.621785603091354,8.695749230431574,8.449177575177004,7.564773952063945,7.734426621926616,8.362089739512442,7.8159653433527865,7.390783566434067,5.7262444632712,5.718440781917963,2.5812442388192665,4.829200417052533,4.471544582977032,4.941888961438252,2.956331292041199,3.856243478405247,2.551325985938462,1.5002138309479278,4.449688747264474,3.549532196627183,2.3845685307672397,2.9776558040797454,2.071256324690637,1.850855784600725,1.706331148177469,1.8618640042730021,0.9386084273564279,0.31218913090569345,0.9225923068035513,3.3882403950107403,0.34333333111931097,0.832425326155203,-0.03498803693904051,-0.046597537760362684,-2.111523052883342,-1.8358139292076032,-0.6079845714687337,-0.10310652722705527,0.33465677461356336,-0.4626485780023586,0.5281550612010903,0.13527311207985804,1.8729766155026653,0.07745127166248267,1.453016138376512,0.3017685860291408,0.107019218609679,0.9788638882506291,0.840981810406106,-0.15136525575465498,0.43755616659726115,1.9390804180411862,1.3573475815336167,1.6473337277636801,1.0009990446153836,1.1108528716455908,1.0647444141317237,0.22113739028915802,0.6685674333432701,0.8081159307728853,2.134232733473482,0.581919369341449,0.6639664594905526,0.7815160072722733,0.02171458831332984,0.09406892958108415,1.3795792861448035,0.9038992239794368,1.0922793390706431,0.67108708037361,-1.131341828595339,0.5400830293135925,3.1400116113779575,0.8452007544610183,3.2400455312293275,2.3083397335403504,2.687899046043924,2.323881451852742,2.1252355588443095,2.421853956375145,1.0351603933485762,1.4458496167168846,1.1474031351506255,1.888948064688634,0.8527016165902808,0.3485053249388841,0.622556229367973,1.3057101481370523,2.250883994476567,0.255254194600667,0.18159448381476295,0.8419583570551197,-0.08789221280770221,1.7672370359478577,1.4070834715044214,0.6130920489928258,1.9902854636948462,2.2956028534893846,1.757449221679849,0.37566794064221654,0.14668423825750665,1.670713588043128,1.9372536754104885,1.4148517013169055,0.5114009864707896,0.7740006427126787,2.2229400383600932,1.9029530444087186,1.5884486025289277,1.7341180568691925,0.45058215816288794,1.1030543792393814,0.4210975131041437,1.226605175074468,1.2740270907015656,0.8359555630715363,0.8428807170864161,1.0157894202245927,0.848205687121748,3.1281175421626983,2.9458658301851415,1.8387210148556505,-0.6028545960739393,0.7751234601433339,1.1586127776008368,0.7675521961217555,1.9638482131055923,1.8222978741965221,2.144931915372638,2.4149332341323486,2.589483536918266,2.6916059634844203,2.8533016661208137,2.692686029910078,2.8800286956201546,2.3767672476410837,3.035528557555324,2.5690619399326238,3.187568188016485,1.887472203378536,3.148963217271074,3.2941644763007787,2.396724791084182,2.0485116369620187,2.46636173202441,1.3354953785729151,1.3165659818820643,1.9428922189505613,1.0119527913702768,1.9301281839830153,3.13347712516196,0.6222366170641749,1.875693031116242,1.8181400007399589,1.9054108887798122,0.9216164641570401,2.120426021072035,2.599701266446317,1.8269173426199359,1.4285914903609296,0.7802031700896634,1.8789052833515427,0.43541266539045864,0.7735381080910884,1.8810500482732664,0.903599535832825,0.9463406063886026,1.9992233477777006,3.088910399687393,3.1838976979765192,2.6914320903158284,1.5605615586230925,2.85725428686429,2.5556432809765397,2.237969781679368,1.358789227252899,2.2344579796412347,1.992138539323605,1.3156109201498367,-0.2875001535761612,1.2579805700681845,1.100099536424878,2.9830868418933534,3.6776769894646577,1.7170858732742715,2.165283109045447,2.1894333312226024,2.225873626178739,2.5337786909335165,1.9012460345871034,2.3621080813187803,2.548501813718417,-0.7791324940029085,1.9016080681407175,1.755529143078121,0.463717311506997,0.4434192568924118,2.247036340448844,1.962408416646383,2.0622399223805132,1.3753447174464242,2.758444780610688,2.2338045556443262,2.6981312646731794,1.0159587497043532,1.2775591083223787,1.3808520415940393,1.0519889343536732,0.6745688482916989,0.607074773102795,1.2897004464544608,0.8966025580019306,0.6826185155983495,0.7824989675147833,1.7828224966901303,2.054217595606275,1.283848528169969,0.38378627425286993,1.2485617073144653,1.297875034994135,-0.28437535670221337,1.9911134515297135,1.4231488422594367,1.4323107650584035,0.4982305408550616,2.2150641886552904,0.7547569842826647,1.5807273707260379,2.0424181905963508,1.9912328828262247,0.6398951777119066,1.268343572246735,0.7403330277547866,1.659944306460119,1.5803013704793045,1.5270240486493663,0.19463154790997805,1.314683632947606,0.9528159767201174,0.07257519249422728,2.016620041907359,0.7411346699644525,-0.03670302247201107,0.6414118055071043,0.3273970290693171,1.3689163088504017,0.6990824914964691,0.9767162945744445,1.4876220083211678,0.6042966353604271,1.405398528577308,-0.09574452494388197,0.5209791789584841,0.6834719041332562,1.2692208232688245,2.2025270055500528,1.417296800954574,0.003053099461183706,0.05886302187769843,1.0247360715190723,1.5086886427865807,0.4604118322954207,-0.7059487633292179,0.24887905444593628,0.08810025429687585,2.141989787335987,0.5839240973304243,-0.2684487355656273,-0.07649985462950326,0.8803144859491567,1.0519775710676242,1.8120260643885757,1.5071486850213915,0.7371162462634828,0.7447581875528613,1.6782307178776676,1.1490841367892415,1.6231929168361603,0.013643634896851609,1.3658469242804614,-0.3596559678338309,0.5555953806718463,0.9831487537790053,0.6776924438743634,0.7427381923931193,0.8261244552277702,0.686170876203974,0.699826472101293,1.209349334148655,0.7653867658189029,0.7463676268960029,1.18665026605494,0.8036068733495796,1.2127723619656052,1.9587892307436903,1.2713203040245418,1.646156750309089,0.1325030020793747,0.26531924761201253,1.303686755683131,0.06778295994324424,1.0138477857444599,1.6772684905277657,0.41977195202908035,1.2566417039879383,0.6375942215651662,1.8884597458589525,1.3569648165127433,1.415036223777193,0.6189306087786974,1.427049856882178,1.0890784453681235,1.4334932808335807,0.8848481262998007,0.6168535533428923,2.3906681651713484,1.3461889066286332,1.3252625567336054,0.8121040765365279,1.3384403490047703,0.48913690880536365,0.5654631179430822,-0.18215781034457734,0.49735722326055054,0.9482136963901269,1.465403627516153,-0.9906185658141453,0.4506851581579596,0.5387994158931804,0.7736970600335766,0.5940525189800141,1.2777735422009826,0.5689085668301885,1.3236618165305956,1.3099539192558751,1.6214423701052851,0.5601165949501308,1.187006690037137,1.541868128950938,1.2581833783919478,0.7610340245553431,1.7230105305034797,1.3776964777754372,0.6432036264392309,1.8220201246722638,1.1939022753256552,2.041509183667678,1.8883827091114682,1.349071739585277,0.6222962693450853,1.4254452861576254,1.7203115546712695,1.0818087297048464,0.4956703013701187,0.17306300120738172,1.9085084611409755,1.8055950682498931,0.9404719013305964,0.4839800888447172,1.1830829491422392,1.0326800009543717,1.011557363454017,1.0454729458566732,1.2049065410853643,1.3395851214513144,1.915522770220484,0.31589347087996344,0.6498002756184107,1.904199598589912,1.8955498946812952,0.41682996668964734,0.9546219434820173,0.4967476888537874,1.186527475776785,1.4330209684660247,0.9588214954428622,1.188495203352204,1.1518861580935322,0.922791248611361,0.9990871436811233,1.2659146715079999,1.6372841892947179,0.9837832286779431,1.0041203428685606,1.3563278697558303,1.4503682836332885,1.1845271348317183,0.9959730378735117,1.59424768829129,1.5809596375866874,1.1198205493208775,1.2735554482463556,1.2295764419576187,0.2889811186039424,1.7151777343923982,0.9556069568175474,0.08494850915090524,0.6705921326286273,0.7657025538884454,0.9878327076552296,1.2045240079918926,1.2183267728634632,0.8061488047630405,0.5306720153081415,0.4299772528353287,1.7883268006510775,1.7558734019937958,0.5534788497848524,1.219070953985124,0.9728704074400412,0.7790018948574868,1.353516425777343,0.7176330836948637,1.1964572303278018,1.2102670377107074,1.1445085574999396,0.303935429065433,0.9224965813789012,1.7528367443174204,1.0096557618073518,1.541038007081113,0.9741433749642283,1.1540576315689748,1.0915177670044933,1.0123008628832793,1.3533941425205036,1.4055254201399556,1.5296757468184694,1.2300297684318764,1.9626400351393443,-0.6217560436031704,0.8933982949568566,1.8499017172478034,0.7254075214276234,1.315846179672775,1.6074957631277869,0.9284883068116585,1.1251994746666014,1.1014770667900144,0.6750615167308922,1.6421019613670467,1.4066423675311341,1.8103142758826607,1.0373413257966888,1.4286432951969914,1.7046011467251674,1.2992778748412093,1.7007581388721214,1.1724274478314385,1.9820675792555846,2.747269840044538,2.3400599244627323,1.5070646161834418,2.119132266631709,0.9360118333621585,2.016762746220227,1.9841726739697698,1.8798160862617976,1.7134755673184543,1.7819112813244828,2.486470776048744,2.124903780077805,1.8755521195425047,2.2746885451682886,1.8796751739583328,1.2019296815797418,2.0719441864695263,1.4883358394595483,2.624594936238143,2.315222365847461,2.4786783343379284,1.5772136334984168,2.4102331956775913,1.6083834031688014,1.9228967925057567,2.4412236196325807,2.521062361289978,2.261434721165301,1.3600636278904972,1.8989319615662907,1.740299718484323,1.3985663687393277,1.1097078990697753,2.030005408432686,1.088050141772328,1.4049952443038194,0.6598455438190172,1.883053786692244,1.2388826966481759,1.953482550195016,0.957261465040574,1.4278407271917786,1.544338795606194,1.059543420050943,0.32896627117671073,1.3045639972979757,0.9178101968649628,0.9655958183400628,1.3635327267055288,0.49800829463205787,0.18831686292941185,0.7217092655752744,0.5889179919098808,1.3100715162316625,0.9580631465251201,1.382433627516665,0.6068664456507484,1.2845863462232217,-0.026626665416955575,0.7225539184799761,0.8075357637379739,1.0212454611181272,0.23821352453404643,0.2902753203035786,0.8640988401542131,0.2512018621545753,1.301012043478437,-0.010661109735991658,0.27384335630691226,1.0469227527789258,0.18595876135566236,0.4947884567619951,-0.37998625044192913,0.5427329989331344,-0.001913817003982743,0.6584137718467407,0.23919761958347863,1.576329479978142,0.5962467371796265,0.9542608242470862,0.055654504385501014,0.7249065742187497,1.7755428752815323,0.6720386547671353,0.2558812351222741,0.8560323131180496,1.1189832382821692,0.04157565448289802,1.131554452149686,0.7721966678229553,0.18674123050288927,1.0141460242575153,0.8078271893219817,0.539017880300662,0.020087149713873487,0.3012694441781605,0.8963602663455674,0.32913529046260237,0.8548087379194556,0.6559505634891991,0.8610677931413022,0.6984903852969921,-0.4417582147314345,1.5114547969251646,0.6090706365437768,0.7256263699271983,0.9735330330382794,0.5183231560494903,0.49458625491010544,1.150640316991371,0.46075733599212754,0.6257039796705328,0.8750392509957994,-0.08777806832458168,0.26366775479218063,1.243299425947555,0.7480455295275021,0.6023543238668196,0.0782629130890502,0.14664848237865336,-0.3431995442020366,0.19945092310328327,-0.1210547421040351,0.9714237051895793,0.27542761078342615,0.12621849921339212,0.6739887833050204,0.1821811188468132,0.5389586676537004,0.15116514583206708,0.38040095234785554,0.2822366744502185,0.09376475389569805,0.8815196284481033,0.2290201892327559,0.47382834148729014,0.6983928426998887,-0.4543622475977722,0.6648280408165013,-0.08986369788601678,0.9159107498658159,0.5001328611033662,-0.2515200749548123,-0.09549861909147239,0.5597320414127855,0.6306631281231603,1.0801281795258717,0.06939502391549013,0.5743504459047983,1.311341618980066,0.41695987611140595,0.43555608557761616,0.7506138597585741,0.43976530797539226,0.7775394943645324,0.8719376909780578,0.6453980046505601,0.584557425817537,1.391336274234476,0.7598342049694793,1.0781104469392346,0.6359313254707502,0.9257097904102238,0.5897658401324017,0.8203289721156466,0.4203034829551777,0.9482641346984906,0.9111518125239115,-0.10199420917740465,0.6362243226948578,0.42548040221527117,1.5538583863802842,0.5488625267718694,0.24410777850366117,1.005262512414447,1.0693792187615827,1.6232955198200898,0.48750352534850094,0.8787354171506934,0.822497322726151,0.56889130526028,0.5711014303443571,0.5878885079806642,0.605168022811795,0.6219035726885798,0.6380333500962081,0.6535631962060506,0.6685027030834192,0.6828618742744936,0.6966506464753479,0.7098788880956306,0.7225563978800267,0.734692903585227,0.74629806071232,0.7573814512930426,0.7679525827293219,0.7780208866849421,0.7875957180284274,0.7966863538263453,0.8053019923856084,0.8134517523445481,0.8211446718112256,0.8283897075485243,0.8351957342049445,0.8415715435899358,0.8475258439935374,0.8530672595483964,0.8582043296345887,0.8629455083253674,0.8672991638734118,0.8712735782369805,0.8748769466442923,0.8781173771961903,0.881002890505755,0.8835414193744384,0.8857408085033853,0.8876088142395133,0.8891531043556427,0.8903812578636519,0.8913007648601479,0.8919190264036558,0.8922433544227033,0.8922809716537756,0.8920390116090573,0.8915245185726803,0.8907444476247974,0.8897056646929968,0.8884149466304052,0.8868789813194553,0.8851043678011479,0.8830976164284152,0.880865149043899,0.8784132991803517,0.8757483122840597,0.8728763459600088,0.8698034702381392,0.8665356678608589,0.8630788345900839,0.85943877953423,0.8556212254938487,0.8516318093254824,0.8474760823237091,0.8431595106197278,0.8386874755972542,0.8340652743239616,0.8292981199986684,0.8243911424136741,0.8193493884315899,0.8141778224757275,0.8088813270345838,0.8034647031787188,0.797932671090706,0.7922898706065382,0.7865408617691401,0.7806901253923968,0.7747420636360971,0.7687010005910224,0.7625711828736712,0.7563567802305045,0.7500618861507462,0.7436905184879379,0.7372466200893086,0.7307340594329048,0.7241566312721375,0.7175180572870374,0.7108219867419052,0.7040719971494127,0.6972715949400765,0.6904242161372167,0.6835332270370884,0.676601924893447,0.6696335386068597,0.6626312294177126,0.6555980916031103,0.6485371531771307,0.6414513765938068,0.6343436594535206,0.6272168352113567,0.6200736738881005,0.6129168827826845,0.6057491071866536,0.5985729310997954,0.5913908779469637,0.5842054112956703,0.5770189355743014,0.5698337967907321,0.5626522832507703,0.5554766262768283,0.5483090009260536,0.541151526707921,0.5340062683009421,0.526875236268495,0.5197603877731751,0.5126636272900953,0.5055868073181387,0.4985317290900184,0.49150014327966574,0.48449375070777023,0.4775142030449615,0.4705631035124611,0.4636420075800345,0.456752423660987,0.44989581380440313,0.44307359438406024,0.43628713678421605,0.42953776808167277,0.4228267717245444,0.4161553882071587,0.409524815741122,0.40293621092251897,0.3963906893948206,0.3898893265078698,0.3834331579722914,0.3770231805098092,0.3706603524988168,0.36434559461531535,0.358079790469219,0.3518637872358852,0.34569839628247223,0.3395843937900338,0.3335225213695594,0.32751348667358116,0.3215579640024657,0.31565659490513553,0.3098099887746457,0.304018723438503,0.298283345743215,0.2926043721333258,0.286982289224909,0.2814175543736326,0.27591059623691194,0.27046181533043523,0.26507158457891933,0.2597402498610677,0.25446813054813333,0.24925552003742268,0.2441026862794331,0.23900987229907855,0.2339772967108047,0.22900515422821854,0.22409361616703904,0.21924283094244856,0.21445292456027687,0.2097240011021313,0.2050561432043878,0.20044941253084403,0.19590385023985846,0.19141947744475374,0.18699629566856402,0.18263428729233055,0.17833341599762775,0.1740936272025806,0.1699148484918851,0.16579699004111603,0.1617399450343271,0.15774359007576777,0.15380778559571695,0.14993237624997846,0.14611719131369227,0.14236204506863714,0.13866673718487732,0.1350310530961849,0.1314547643696926,0.12793762906940742,0.12447939211378412,0.12107978562772814,0.11773852928803308,0.1144553306634748,0.11122988554905078,0.10806187829416558,0.10495098212513199,0.10189685946210147,0.09889916223013984,0.09595753216459002,0.09307160111092116,0.09024099131883645,0.08746531573072502,0.08474417826508329,0.08207717409376869,0.07946388991430808,0.07690390421660709,0.07439678754383294,0.07194210274914781,0.06953940524587665,0.06718824325309924,0.06488815803592729,0.06263868414058038,0.06043934962463027,0.058289676281674474,0.056189179861320326,0.0541373702840815,0.05213375185167024,0.050177823451974746,0.048269078759460626,0.04640700643079754,0.04459109029573938,0.042820809543258065,0.041095638903243525,0.03941504882340041,0.03777850564193841,0.036185471755629806,0.0346354057832059,0.03312776272497331,0.03166199411754178,0.030237548184913976,0.028853869984885705,0.027510401551552377,0.026206582033381665,0.024941847827903985,0.02371563271194077,0.02252736796808108,0.021376482507179162,0.02026240298746984,0.01918455392964802,0.018142357827997557,0.017135235258507464,0.016162604982724815,0.01522388404873709,0.014318487888232312,0.013445830410518056,0.012605324093073023,0.011796380068744838,0.011018408209992003,0.010270817209601546,0.009553014658393977,0.00886440712022818,0.008204400203510431,0.007572398630202315,0.006967806301787505,0.006390026362510071,0.005838461259799033,0.0053125128019928525,0.004811582213847032,0.004335070188744794,0.0038823769388613982,0.003452902243054723,0.003046045491771565,0.002661205730248639,0.0022977816988998256,0.0019551718720833833,0.0016327744943396283,0.0013299876145538292,0.0010462091184422206,0.0007808367585084852,0.0005332681827496799,0.0003028933088842223,8.909677526958149e-05,-0.00010873977831238335,-0.0002912355941475653,-0.0004590088378790824,-0.000612674791881318,-0.0007528441942667996,-0.0008801217177278886,-0.0009951045816762871,-0.0010983812923086589,-0.0011905305042887449,-0.0012721199982763665,-0.001343705768675818,-0.0014058312159477282,-0.00145902643782847,-0.0015038076141422607,-0.0015406764803174156,-0.001570119883751886,-0.0015926094193332574,-0.0016086011376046372,-0.0016185353222510912,-0.0016228363319612527,-0.0016219125018892555,-0.0016161561009369052,-0.0016059433411896862,-0.0015916344347886024,-0.0015735736950546197,-0.0015520896781424653,-0.00152749536164265,-0.0015000883575169155,-0.0014701511555585967,-0.0014379513947062605,-0.0014037421592547616,-0.0013677622979457738,-0.0013302367622429756,-0.001291376962853974,-0.0012513811412304676,-0.0012104347540287108,-0.0011687108693649861,-0.0011263705720239159,-0.0010835633763974784,-0.0010404276458757522,-0.0009970910165009172,-0.0009536708240887037,-0.000910274533282518,-0.0008670001674317973,-0.0008239367381577267,-0.0007811646737536648,-0.0007387562453970986,-0.0006967759907752225,-0.0006552811337883213,-0.0006143220001888494,-0.0005739424285309269,-0.0005341801754354947,-0.000495067315569031,-0.00045663063505685386,-0.00041889201901312845,-0.0003818688316812313,-0.000345574290292916,-0.00031001783148099094,-0.0002752054708992091,-0.00024114015479881346,-0.0002078221050680895,-0.00017524915614330894,-0.00014341708532583652,-0.00011231993485694147,-8.19503271998201e-05,-5.229977276144382e-05,-2.335977376333176e-05,4.878172717326379e-06,3.24225720476079e-05,5.928192916826447e-05,8.546474566628603e-05,0.0001109795172453687,0.00013583473105427402,0.00016003886298676662,0.00018360037537945573,0.00020652771451068475,0.00022882930826995107,0.00025051356388416934,0.00027158886555866957,0.00029206357251609916,0.00031194601669426447,0.00033124450075661116,0.00034996729627323475,0.00036812264156083074,0.0003857187398068618,0.00040276375725056823,0.0004192658216481959,0.00043523302031189814,0.0004506733986602285,0.00046559495854126,0.00048000565683992136,0.0004939134037442727,0.0005073260615802155,0.00052025144310619,0.0005326973103194632,0.0005446713732339958,0.0005561812884877781,0.0005672346583196486,0.000577839029375582,0.0005880018914581342,0.0005977306766453694,0.0006070327581255697,0.0006159154492877406,0.0006243860028121162,0.0006324516097038213,0.0006401193985539066,0.0006473964346582761,0.0006542897192503005,0.000660806188790275,0.0006669527142832976,0.0006727361006539923,0.0006781630860075438,0.000683240341373903,0.0006879744696846046,0.0006923720055738158,0.0006964394148667452,0.0007001830942101606,0.0007036093705607982,0.0007067245008158807,0.0007095346715857431,0.0007120459987390859,0.0007142645272324444,0.0007161962309396586,0.0007178470122255476,0.0007192227018890662,0.0007203290588790878,0.000721171770123874,0.0007217564506447616,0.0007220886432719453,0.0007221738185876347,0.0007220173750681624,0.0007216246390271408,0.0007210008645301968,0.0007201512335370808,0.0007190808558164008,0.0007177947690877318,0.0007162979390784585,0.0007145952597795713,0.0007126915535309308,0.0007105915712202204,0.0007082999923397892,0.0007058214252708694,0.0007031604075109499,0.00070032140607168,0.0006973088173651831,0.0006941269679145989,0.0006907801143825054,0.0006872724440256661,0.0006836080750360907,0.000679791056711565,0.0006758253700809291,0.0006717149279609202,0.0006674635755814506,0.0006630750909835115,0.0006585531853602333,0.0006539015036821638,0.0006491236250099064,0.0006442230630057111,0.0006392032663598002,0.0006340676193303807,0.00062881944216997,0.0006234619917790951,0.0006179984622178836,0.0006124319850755455,0.0006067656303798685,0.0006010024067109043,0.0005951452619967768,0.0005891970841389593,0.0005831607015522877,0.0005770388837618157,0.0005708343419144057,0.0005645497295176938,0.0005581876428948362,0.0005517506218666313,0.0005452411505189048,0.0005386616576856795,0.0005320145176028745,0.0005253020507041128,0.0005185265240754688,0.0005116901523365414,0.0005047950982088878,0.00049784347311288,0.0004908373379350905,0.0004837787038809438,0.00047666953290104175,0.00046951173857223694,0.0004623071868365969,0.00045505769668352514,0.0004477650408034606,0.0004404309464689504,0.0004330570960178193,0.00042564512779108554,0.00041819663681508246,0.00041071317559726594,0.0004031962547230705,0.000395647343765404,0.0003880678719383468,0.00038045922906349006,0.000372822766024683,0.0003651597955922625,0.0003574715933893913,0.0003497593982331182,0.000342024413356512,0.0003342678067781435,0.0003264907124673755,0.000318694230827532,0.00031087942963381465,0.0003030473446585802,0.0002951989806661004,0.000287335312009418,0.0002794572834829978,0.0002715658112322217,0.00026366178332182244,0.00025574606064537875,0.0002478194777779663,0.00023988284362985723,0.00023193694229917128,0.00022398253383926203,0.00021602035536716357,0.00020805112131938586,0.00020007552447509624,0.00019209423692245764,0.00018410791062706267,0.00017611717825616324,0.00016812265417343042,0.00016012493503581027,0.0001521246007314403,0.00014412221494808364,0.00013611832599735862,0.00012811346783792033,0.00012010816081442499,0.0001121029123964945,0.00010409821814505449,9.60945622239251e-05,8.809241822405056e-05,8.009225015825905e-05,7.209451314338367e-05,6.409965433817888e-05,5.610811354017642e-05,4.8120324208866805e-05,4.013671403413355e-05,3.215770595943468e-05,2.4183325592730398e-05,1.6213280105148442e-05,8.247037300179727e-06,2.8390456918714335e-07,-7.676892039398808e-06,-1.5636129518270536e-05,-2.3594508633095757e-05,-3.1552575421756046e-05
17.62231207240768,18.030390602818784,14.53868709756091,11.581646233551623,12.257407522902213,9.283677190652725,7.053453204852872,7.562882019246899,7.418949225984306,7.325563489050637,5.295165445380576,1.453537284509025,1.6507648656721585,-0.4987228355278148,-3.9263954460662944,0.09204406318849578,1.3705312020571228,-1.0269374936868871,-1.9224740237614242,-1.5091519008904015,1.6459509571951685,4.5924097569618425,2.155007059811851,1.9923872725942147,2.112315680407505,-1.339075931670095,-0.37770432963486655,0.8531466062738673,0.28771138352828984,2.0653635844412292,1.2267218797423993,-0.44626225856234214,1.1235895696420357,2.8385334246542016,4.788752500508053,7.049048848008852,8.301340738305612,8.800238608735981,7.501401871191206,4.377029584882621,2.926175527631017,3.705266086429674,4.205358703310139,2.4439997075900237,3.426405906488526,3.7726620268872466,1.4727865350589582,4.711987949697004,6.985960482060477,6.1663133995527915,6.872580075669248,6.116566216491947,7.114117368189454,10.620568211366617,9.702898223029706,9.606064333752784,10.996897503820037,10.212576854003032,10.496713510852715,12.055075782787071,13.801621846521584,14.54795271623334,9.91841216656212,6.359547107196363,10.635713514577105,13.766454717472243,12.492077141234404,9.121489350195702,7.501867702449545,7.584086374409253,8.3489870540202,8.544561549725131,7.678322319443851,9.681975302576802,13.255108971473987,13.87154178731896,13.282068424846898,13.01122484742018,12.962512975350478,12.123722978608612,11.050453789507628,10.663232327207425,11.4431312808224,12.440069929393758,9.44554355608716,5.22657110240425,6.019652987168001,7.053232465919109,7.016689692232831,6.525124329205028,5.483552330450152,5.00310471972648,4.217372909937353,2.6535635363316032,2.969925292889684,4.219298893392306,4.46740317259605,2.9540898441091485,0.9051720888617183,-0.3585665044997768,0.02217074574741673,1.589606434416055,1.1854626658207508,0.8613002525030424,3.4603058650209277,6.225263255770983,5.702849874088315,1.6269373710007358,-2.233385887592931,-0.6848983977065473,2.249823142666628,2.340078933214727,0.7074638705182679,0.6607674413692166,2.209279550094152,3.429245601348839,3.3670645874549336,3.855756251559683,6.188606113384822,9.249658584420104,9.81010345338882,8.455887884829167,8.413399956800959,10.706023972086996,9.570827474162343,8.287296369492424,9.666287677773425,10.910686398564621,10.175647072609877,8.991140044115355,8.31847008894124,6.310835615083761,3.3312730658798273,3.1383260660827546,6.1178572432561396,5.257352446286632,2.262985877119945,2.8425181260283807,7.734349205423655,7.754759702840488,6.992368299566351,7.480739190475106,6.935320636829147,9.579555757285561,9.276047133219322,6.400335841175206,9.433247674624909,11.32808093153767,10.277329743901873,7.783118458553872,5.069616293034414,6.901580065479038,8.338687962061044,7.606205857702662,12.867020863769312,13.44942460444372,9.07782558126928,8.032111907877606,11.918586805743644,11.48185835719346,7.676372319881466,7.0613096314016275,7.152332395304711,7.380873493385025,6.251973490641717,3.5174983858610176,4.210258376851357,7.283473465920679,10.58825141794523,12.861746632735276,12.344591455181785,11.821362256501743,11.808506732046453,10.882041707531243,12.614931070007742,14.230894454261716,14.950293299991927,16.52321174490146,13.729090341820665,11.977922190477102,12.419872357533677,10.262477758735258,13.563860005340189,12.989927768296297,7.860396955915803,11.018419677518182,12.11360477591461,10.734524835824686,8.916833750138721,5.650835217200893,7.512098156953698,10.479083990662048,11.56693551728722,13.358543511320136,9.652495832745217,6.932437599442437,9.11804812029277,9.742043120308153,8.658609580664233,8.885202551301518,11.281744478018709,13.008388851687641,11.819343210787451,9.700808421864735,10.493781532813273,13.489148758164788,8.559765477916926,7.720514531746062,11.755320872102288,6.2849006715714495,4.23190984517646,6.914633562262225,9.605946412733147,9.988146123155047,8.0429679360617,6.862070411578202,7.370729469595972,7.5545841133300655,6.947917628454547,7.946035494403532,9.675199527069253,9.412793794615936,9.040815655500069,9.744117972212052,13.090914519566468,17.118900519841304,14.289842151847779,10.852308081726278,10.511774726320027,10.561791147710665,8.60144734898995,9.412998780976523,13.263868491375888,16.335357981124957,15.771169768524146,10.509255226618961,6.956741397432097,8.992739135341935,11.145101274834133,8.724943911276455,6.361192084120717,6.345916932980231,4.7061743129117986,3.2687020615676374,4.986275143639659,8.210593978198858,9.080223720064168,9.353174503776017,10.789225575383853,11.478050265151069,11.274701683793296,15.541861188752478,15.390072779531693,15.13788671394775,20.11380044127941,20.50342659623493,17.985051583392874,15.945944131989108,16.836115313379196,19.96897792463733,17.731917688600788,16.44426413198994,18.519400184115284,17.404093360329398,13.606327585763438,14.005850181858364,17.88884021489139,19.11245923727313,17.14202130940589,15.624112994508437,15.036862110347329,13.935909560715345,12.264223847281073,10.7966202226537,11.240835076300982,13.725319050059966,15.37040398590284,12.673190372800946,10.34214190877924,12.564358719856273,16.408104448617678,14.176809938244332,9.022476168451021,6.810969888770842,7.867934778521089,6.822663738265646,3.6303766161497606,4.666824804615089,8.738057184628133,8.744543557191605,6.946677165908568,4.964530555708848,6.140831826854765,8.085154286280385,2.8009915252746396,2.990749900829769,5.61849320468275,5.682586687308117,6.537535174049708,6.148865871211342,2.977649764937155,-1.033719531327847,-2.3889546589346082,-0.5878517754106269,-0.48290555560151915,-1.3357845421196544,-0.9703473210313405,0.2891945349267644,2.90617568054995,4.207639237807371,1.8512554794571088,-1.949092363600471,-1.5005173393410587,0.7949771323053483,1.0872823693431428,1.0811602157473317,3.25255160598374,-0.0743970671912848,-0.46854510737034616,1.0259071215102722,-0.7363713597958395,0.4875940309366342,1.7566420996033685,2.8756443181840723,3.8192717876819415,3.3007817473164778,3.2051229489118214,4.901435708744543,6.865061194454597,8.386891841350348,10.021369202922415,6.92358096662781,8.319292528724873,10.76166117123853,6.962839926295146,9.818391394386481,9.297791053938454,7.387175999194596,8.963917746181778,9.477713732365714,5.855494385539032,2.732868384941753,3.0187592539522257,4.646931551255193,4.830507443815918,6.258988028437784,9.209825579029484,11.07222711469501,9.499192678868212,6.314009293697836,8.09325892985089,10.12140866878076,9.378969704490146,7.5232710664970455,0.2612013932978243,-1.0622899055007338,1.9822192098378082,3.4464147136886822,4.9253173431422965,4.942658428148206,7.673658063936045,11.314654015533051,12.860750370443384,14.664777135488066,14.006992230631454,11.12724683592296,8.304880476806375,7.696550901938281,10.14006737323757,13.545992289217452,11.136715647666506,6.667707146461112,8.489528143243888,11.224956125761423,7.340944978901803,8.178776078338501,12.656451257056801,10.241898287976937,11.400541236967456,11.442590743363667,9.430880818165406,6.695578312489033,4.810257337487428,7.8218800066310905,7.445071526583661,7.2509626694765075,9.297011587934321,8.182789967298277,6.984247957739285,9.980520926305871,13.004027233027728,12.791542150039504,12.01648515688521,11.645670450048556,9.944739149364977,8.621652987446396,9.208713522743892,10.063721939824063,9.386641588320117,8.085930905242549,7.563272486594542,7.977245092442217,8.636329070274769,9.299687563606199,8.99399994216219,5.597018864448955,2.619186519260893,4.116537797409137,4.894496976223763,3.96918128075572,4.037127368481606,4.501353433553504,4.308700508598122,6.791202047201068,9.006354939264838,6.473813598696893,5.898839448925855,9.042723539436224,4.8647543767039,5.522034504338308,8.082859827129823,8.851609682040362,7.845309082120821,5.33977121776104,5.506316307320276,5.893339230492529,5.983255312434721,5.696589640531897,5.072946293687437,7.314892648333853,5.8625444017329755,5.3504134923148285,6.150987346473357,4.444125902436326,5.641011725520684,5.543879182724368,6.347723307412707,4.654154789500581,1.7227426685058163,5.931036475561541,3.5076597882765554,2.5432351028750873,4.775479291377792,3.8984077996068436,0.840288525523988,2.8565374147501643,1.0600532390335502,0.04322667196879593,2.35096292958292,3.343902086860794,3.2217342766602997,3.997992070886312,5.201771684114078,6.2233139506508905,6.231057426814573,4.792915144247672,4.1700368161746155,4.893163961684536,2.5240435422380187,1.4903888268543142,5.299563711055043,4.982430476478839,3.3631858357456395,1.1585430930758776,1.03663123199658,2.456350604555496,1.8138573185117366,1.507382431302517,2.506323811166453,1.3428843513853508,-0.7363778366413953,0.8647656343532617,3.7230802269331207,-0.7137580382832311,-0.7958030051731839,2.7794864392155887,3.48738877847245,4.386617276832112,9.454280845883886,5.696357587461762,7.098805126721345,8.393735304338975,5.903286106579571,8.223520461584258,7.9908449454467245,8.042348905658741,7.2043787031275315,5.6503868281190535,3.7582928238992963,2.8029272897888404,7.717445644591635,7.540593847131731,6.520650775894865,9.082103051401305,11.300132442887275,9.951885143410209,8.610770864451752,10.111489826211482,7.845137872186569,4.437856221444349,6.2191544491627155,8.266283385953102,5.633666092073668,7.44225312146682,5.576971515489845,0.25880714158688534,0.39398700872379777,2.506291810923358,-0.4634445745338098,4.091749174315964,4.090250334725397,0.9550744466473589,2.2545003128848293,1.8587475587016797,3.6653793339120284,2.2495098719863336,-0.06917908904915748,-1.802549004868638,-1.426022657993144,2.692538959604917,4.7297225673270304,4.559319205164229,1.209050104198809,-1.631193550263788,-0.3924313383531626,1.467538875023365,-1.2846506204407433,-0.8071113341487717,21.588615559723735,18.183037893029223,-4.430838661241864,-1.3005131780904549,2.752084035129542,1.2026429680191768,5.106992495126633,4.202235784799996,-0.5175054623448432,-0.15710898935162732,1.2210940879458576,0.6891125879984656,-1.9420311209765941,0.8361339907954743,1.1821225932596917,0.08654155790384266,3.7168775208168654,1.6318524609949918,1.7464501927790934,0.9603345431055459,2.7826051994221643,4.082591245331287,2.1234203142990964,2.5884466823141565,3.2414687489612106,1.689668444041672,2.085881670086337,0.7721531450334851,0.18354495635833246,1.401725559633519,-2.03582606104726,0.7341135671426855,-1.0622358540726964,-0.6119237393495496,-0.8231803934589834,-1.6616031100018063,1.5195846895624072,1.1976203695833192,4.146982353389262,3.683225604702784,1.0190604342667484,1.2582490305958345,2.0299441052982274,0.7688402363452269,1.4789677362127804,-0.6241563430996848,1.0191621486033,1.072261235978317,0.244499349578291,3.4393876447609273,5.573071529778304,1.8851823970691157,1.6506294020764471,1.2837868437571842,1.8394097153799294,2.8881220224596973,2.150877176414042,1.9958450967245653,3.7553678510646478,1.4326247098682643,4.253817028969593,6.982194360784547,7.962548801096432,7.527098505282311,4.415958781682775,3.9273496546786646,7.965325667992829,4.653301324175118,4.67230751674299,8.355352212946514,9.524334514367183,8.190544776895308,6.836891056331524,7.349478831609531,9.46420537844233,11.504796827438895,13.590449554194493,16.017360736949172,18.907226683179715,20.15823135643882,18.58518280611952,20.542926128291697,21.088086787069415,22.274053328992636,21.40647049257393,20.430263015483433,22.023263650993385,23.134909554662954,25.025792906286938,28.229941072169822,28.99927442384876,29.45674322471075,29.948744545246655,30.455583643085674,30.795514441138607,29.3715656487891,28.90524434118288,32.392712859433004,28.70134647444104,25.251007452212207,25.841743176898376,23.89591296067556,22.902707027639735,28.11388645448278,27.072225652625207,23.51709046038161,22.317116469780558,24.032037995360383,24.581938682448367,25.54730016379233,26.556453176446553,24.297174144923133,22.87044484590126,20.25792089587344,19.01321607350735,18.553711662928208,18.025485777407994,17.787383229535294,19.604069783256364,19.93881782221638,16.096938785278894,17.666517996331436,17.77207715784948,21.80229636190643,19.22727482180494,17.53108662140005,16.162403531194173,13.998118224830591,15.36037322455661,10.510030355932031,10.57458809207344,12.926355866813424,13.11659713465076,13.961588705885902,13.142657348690705,11.094546403829213,10.126265475922992,9.374520814047287,9.668888748399013,9.090104339693312,11.123076486443097,10.585354779713384,11.413017971699446,11.328764849810796,9.454951263280805,8.583243451903058,7.315487374038639,5.948169243006646,6.259402958544797,3.1333198919811593,5.278025398078057,7.0127085026404075,5.129885340390729,3.8603037666541695,3.522662783924943,3.0176312235097384,3.555814087887029,2.9053111949593813,1.8787166359545608,2.4319347584435036,3.360713472126122,4.838547025539469,2.334156381931507,-0.646018252742806,0.33018330889990466,2.4622005990426032,3.444468234037231,6.544296560578346,14.982975073101102,3.177166146767263,-1.5333126032776931,-0.7305799147609378,2.024012607509917,1.1436078961562544,-0.4767482424298919,2.269476700188534,2.491078253037813,1.4199901459309103,1.5829456642604782,1.645655002201579,0.7698914280565532,5.087185125640303,2.231965371700653,0.26026127606348837,3.1973400066084423,4.9094416055797865,6.614612436112452,6.705367364538233,3.2231768945556496,2.3780899608890422,5.912564843913856,3.8461591955716585,2.535618797250322,2.178234700019061,1.4548792443540606,3.0197521896265016,3.784163745423484,3.406311026387584,4.586413473823484,2.8369155302016225,3.420627390288587,7.943986894846944,6.889469140232563,5.1128089264499295,8.883650276665605,9.13420384143717,9.210802918113131,11.59247032030919,10.200641270638698,9.102349197702495,10.574556929959158,7.886139227429112,6.841461736036649,3.9408731998105964,4.115477293868025,6.923666117598373,7.130313292436654,7.629533690810888,7.0983699389148,7.308376839441678,7.659587489154319,6.901460523508831,7.980688919424665,8.591767698049978,7.1928934750424105,8.189497114304743,7.8701874713880215,7.426068920784019,9.072842217934863,6.11745493426929,3.037385960494362,3.6917969251811655,4.425750032068436,5.3183769399338985,5.1162282985741285,2.755032692744976,2.1125347971416204,3.8541071847843114,5.0843006842369505,2.975933560917838,2.2298387085343165,5.791874357966094,6.438373370624163,4.277790831466973,4.720491582005877,5.953939645348385,6.398112000287142,5.9797904501427865,4.566552056862292,3.2329129816790783,1.8659804819060355,0.7999134935174084,3.274479896749085,4.209867413720417,-0.34672240074092997,3.9959057278310297,3.616987615829146,3.0954351937270985,2.8739600791284374,3.571207417983487,3.4514824692371917,0.6407844706515107,0.8477844339804506,0.8720651721343984,1.0871840226199083,0.2211904232373172,-0.22940316216568135,1.3021061378269678,0.9616776161134339,1.619696704912144,2.1698336523836588,1.0950224607340715,-0.44351939340742774,0.1154803887267235,2.0968483014336243,0.17703436261854222,-2.5694098128575433,-1.2285771590868535,-2.7849421554264495,1.279016524258509,1.3440985094521238,2.287074981424098,1.2709108346906532,1.452619807326073,0.27901043218867017,0.5046608722653332,0.8636414501422678,-0.9557844468263283,0.16994921672483088,-1.3171311338387568,-0.6844107112400479,-3.3824281925103605,2.723428563954087,0.7123852639208508,0.4543167548772544,2.418829258384733,1.4436319779163114,0.02417923639069386,5.441569743613229,3.059818466736715,0.4284561861795737,-0.23944292245050747,1.9865414650153639,4.515744396746072,3.166985585538157,2.1988120758165337,1.9328809468698864,3.836509458496721,3.087494413535296,4.401351957735642,5.788031521848211,4.081029459769866,5.160502923547142,3.7423020164987975,3.8789157301901014,6.781707193674833,8.394979821943593,5.8788871818939015,7.602657928660108,7.666660266206236,6.395657390184169,6.381287950282513,8.030467056233647,7.645342333937833,7.521163633592437,9.927911486173514,10.728827389290018,11.213238273541833,10.77038454742683,11.37184192390066,10.838885966614669,10.196495936020256,9.56175205946181,10.823828271196419,13.135569424305743,10.395821486754585,14.099406896153596,14.854245195062845,15.27390026805466,16.85801239513637,16.925434196112803,15.822055179206131,14.751123999939068,13.83068265350363,13.560271904120214,14.451394023565967,15.361222535012644,13.251787914930219,15.030950402494454,16.38473663631163,16.33575012103381,17.929908152526764,17.074057789565643,16.923487901450414,16.397279595388,14.186301837017481,15.179999833109548,17.70495116086738,13.83391718222822,17.15348195152501,19.622145864308322,20.414411018749263,19.54764254103867,17.878192773738817,22.164023432772638,24.98813717085335,22.997773926244918,17.819114009491386,18.605831769250017,18.67651676445405,20.91292808017255,21.775375179916523,22.068830963247933,21.351256874847536,20.133035248215947,19.018570939931465,18.30019403936234,19.015075263316817,17.296086623583562,16.79630086716253,19.66927729269497,22.46814016958291,19.673532552253562,18.971875277617187,20.967830623433883,21.000464487854515,17.427120701543686,15.916054081056984,18.70470104984753,17.740640482731635,16.769575604758757,20.676032329804798,21.013083478772728,18.170378174102666,18.0198937591922,18.05955180532294,18.164744005615262,20.367659563640473,20.504318874308183,18.30688897740248,18.097378612275804,17.616160166107193,18.651944060087885,19.132171863949452,16.861053301760137,15.601505901167798,15.662374458793408,15.169946058763287,17.437212761935143,17.998295483265792,13.145980386178508,17.811571121376176,15.819283843323149,15.779526772982877,14.65890772126545,13.463919395737548,13.528079405262758,13.487516317000143,13.082239181238322,12.003213951467274,14.040770507328375,12.15851633673509,12.143635404383417,8.682999179820683,10.62665540846524,6.913212979154082,3.386003839152636,5.275474722920478,3.212157475535548,5.199416666481568,5.203171475667091,4.213205309152556,4.339235134712908,4.009367391380408,3.7374929963732484,4.221096215972921,6.444800835289811,2.7371633227934353,2.580181885285583,3.545331994914477,4.056170164638047,4.8759742325686375,2.649979639014191,3.3537436023100327,3.73513142540304,1.2281042672719877,0.4993499641637982,2.1254073037335957,-1.4671788727826538,-2.448726729658688,-1.69425182015965,-0.7208352989062519,-0.04914262164481897,0.42013249175698775,3.2473563782561996,-0.18663957931295272,0.5011119076169734,2.1951974069858693,4.075979803809844,3.7012021346792494,0.9119627414768843,1.5661137463560522,1.580436623632977,1.5599756304658285,1.3792450808128365,1.989877052556551,2.54556037042056,1.3984394706877765,0.14940731438184685,3.003787875026376,1.008793538938562,0.3382538236974142,0.3470894545964711,0.07085466802561768,2.84173452504092,2.7262585620347863,2.6239028085699374,0.5099181680675997,0.1950655354650621,1.7831660574419743,3.1367688885154053,3.799636383791835,1.9537141784510936,-0.7671176578377299,-0.12854590116739928,0.8902187726934017,0.09591666761167517,1.5152281839793886,2.7763351774407283,1.4033544107106763,2.7888410895738502,1.861788267760744,0.9744370111332614,1.8272642833588861,2.3372996850364984,2.902590700444648,1.898113291069535,2.8703519172007645,3.310645585644693,1.0130673911725125,0.8954083592095685,1.778321962702762,1.8284698858391266,0.5499464963018568,2.8112868968958082,-1.3784098997251135,-0.4556323202387489,2.0885489076694626,1.4340880748864606,1.9916521540694134,2.877535415872785,3.0503781231922176,2.4914337765603705,1.933542485534531,3.081498456231884,2.179799070555873,1.9262189901505735,2.0553673754772603,2.982700362344133,0.7262739786785346,2.962591219763226,3.0102448520030975,2.7648842303099173,1.7284816507582832,3.5030457540282214,1.2034023907638698,-0.7047318254136599,1.8103080851043387,0.5018127311154785,4.38372317515217,3.7013647069093167,3.1849254589596967,4.012560723036131,4.152342464566686,3.0148471305355997,2.5402833210525273,0.6915033777111148,2.3415156380762028,2.9299787611879538,3.812047998106607,4.443555797128653,3.2972867399945187,5.589585755104537,3.38829890597421,3.6553146659103106,3.0465061547415075,5.351245272272649,4.579057422251708,6.040279240880437,3.6254318429781733,5.780928683672272,3.4655882510547826,3.39037994438263,3.3920357558071146,2.8033810884415686,2.82419962435975,3.6212700045551287,2.5500607731480613,2.109198071116282,1.7409570764236832,2.1471494992783278,3.8156281355581143,3.3791582861526877,2.8924714231232542,3.090718602490142,1.8212026906358005,1.4229712399881578,2.304483852300052,2.509774327847481,2.9510860753253496,3.8375677700290964,2.257243524567457,2.745250104901686,3.289040335448391,1.8275285580912737,3.0442424332708526,2.15211312519844,1.2823606782311003,0.3091401021789011,-0.152915205759399,2.352579219333961,1.864773028112154,3.356241539290778,4.090941721045681,2.686879888545519,2.049201840443061,2.047729010023346,3.3306487145183326,3.655751948222985,3.782629909476668,1.99559266932485,1.9998330992608828,2.796716966922048,0.850225806759056,0.8408173139807218,1.6150867940857836,1.9767217536473822,3.710381827769055,4.7517426892337085,3.130168604629773,2.4435353282620156,2.462966592434128,3.1375186243538735,1.022799528956,2.33683164820431,1.071852920024952,0.7671286365514334,1.7390998860521734,2.5968407367233226,2.4581073338276553,2.4864166713425107,1.562875829465412,2.612247035260367,3.639278931769212,2.9568864047155614,3.073647428043415,2.9503186350863757,2.616992289313373,2.4021459792784867,1.6319682134774212,0.9321009955426689,-0.9729673985432044,0.33593810364052956,0.7278618260326937,1.496957922259412,2.6501032514809424,0.12018465499770059,0.10876546691224576,3.20041987356646,1.261399296519329,-0.5112346158370258,2.5987141802338556,1.3962376832458574,0.40252941406805576,1.458332314492452,1.6981820106675514,0.1830055844710614,0.7471827067515733,2.029643200955462,1.4647422308499642,2.4869415687612104,1.34384370968192,3.2091373256916427,1.2102463060482478,1.7528687552286044,1.6426355180130656,1.8658565851842752,2.1778389756442493,0.596767939678017,2.373753924825735,2.8051801460993033,1.3612729649242397,1.4633387844737058,0.5595088229653982,1.2895798016973572,-0.6533831813660811,2.1494844033285005,0.6292453262888387,1.1565220795976927,0.6521537672180102,1.8281781079291761,1.32111700822486,-0.7155095172034578,1.8754957823881284,0.6982213965612232,1.4920553099447318,0.9822405398847707,1.0311812094045933,-1.0555271283760703,1.9964152001770685,1.0201867266201816,0.80700411294589,0.275677913268936,1.0367452855737724,-0.07302983308221656,1.3600969815039718,-0.16466464593011665,-0.3404270040005315,-0.7298075870803871,1.118281873262248,0.8077536430155874,-0.1516573697542185,3.3141299757203626,1.7334143250328111,1.1191283917776218,2.5651220746062506,1.9569855777377256,1.2066455188006842,1.0505369867173897,1.8746692295306957,1.4860032334914735,2.1929875293172074,2.3945322300820067,0.7493586309284552,1.2752652411592464,1.1820823554927244,0.9533599287184558,1.3784110420465083,2.2715959835972086,1.0130631726926822,2.4945574811828806,1.1310628153536442,2.0707476464883285,1.1963842145996892,1.732762680067225,0.5940041383195194,1.2926105539897321,1.297046967076085,0.8071091598978342,0.5446112176865654,0.7419414857832862,0.8411669049702937,2.2584906943746574,0.3989312966239993,1.3616673899225589,0.2022603640461682,1.9334553104946224,1.6711848615768758,1.472055284381355,1.6580382794639092,2.260524650663143,2.345946845095682,0.8097242054077896,1.2391169651393028,1.2917588120140806,2.370217391875144,0.631866739944428,1.8025773585237062,1.3330503141694123,2.884237347672496,1.4014757476711281,0.7830978146727432,1.2704838047404365,1.0271406656471527,0.26847798911344967,0.7800117704936724,0.794424421165445,1.139056172454218,-0.321521378444487,1.4692874827160267,0.80055693400584,0.49296958810910496,2.2142233585136495,-0.09470660787474117,2.1837293214584577,1.267278555002349,1.2831578873650074,2.612764894629777,1.530197219876868,2.444371275671614,0.8247959729267222,1.1937906470630253,1.4215444240686566,1.7138557465877682,2.0123475000709448,1.7661115758293704,1.097030191283011,1.0840700430024697,0.08373983211316727,1.5016280463530052,0.8094013511209255,1.55849158147754,1.9366754012111187,1.1896211639640342,2.0653011068594367,1.6418265082145922,0.8329255052463509,1.2691000578053888,1.1187853920590385,-0.1873992496689425,1.131552836308856,1.2105167860808592,1.7677797929901828,0.2912212144844091,0.37439497488551865,0.7166441539636139,0.9512259786196466,1.5500282803597543,2.88733595132922,1.83832636783049,1.724564862061527,2.073419499867981,1.4398918416312654,1.927544336582315,1.183045369064459,0.7219290974634589,1.2602910852980074,1.62938490494858,1.3166834851882356,2.4644981538633033,1.5192706613510154,0.9791240301334767,1.2072400296915475,0.6552707905779442,2.2002909910781483,2.1206661375051823,2.3622725024711144,0.6974021621464033,2.406319673759242,0.7370133712331324,1.937444644978605,2.021360028990017,1.2129855998454104,1.761892080619674,0.9965380125422314,1.9160856485928264,1.8450183396072646,2.2212988590705436,0.7437311655947667,1.9589392776445038,0.3980098773485281,1.7198981032853453,1.506784457064441,0.6730064033152203,1.3203516649241749,-0.47673966721995953,2.143743319105198,0.9508177512063014,0.7608447497793804,1.4947194896086629,1.561629763485712,0.8880361639486978,1.2148369935838446,0.9479924168572893,1.2593201732848343,1.183247770864341,1.481562363389969,1.4941225805694742,1.346149147606468,0.8839586791108331,1.2851588538076655,1.2825673755515439,1.514992420267106,0.22861813425510036,0.6411517972292771,0.716726294703335,2.445212210527302,0.848035232659754,2.0032881324187883,0.6702044959773161,1.5336921476558132,1.1349668281528125,2.059372542766596,2.5202934970192246,1.1165697757008388,0.7955176214844641,1.4904112647513443,0.6521220548174824,1.1349368718892947,1.245714399857718,0.1576042552624699,1.4288076573668604,1.5980288919491272,1.0996935374536747,2.1184177473852515,0.9550895379355211,1.0724428743432668,2.3166993277541224,0.7877005097746519,1.0285785107903962,1.3227378643897012,1.8426020137540675,1.352581879654565,1.8104933499691356,0.37111644123365295,1.6758948072939006,3.0178986517980206,2.077164716127065,1.5561140834269054,1.9095289267339695,1.6368117773895392,1.7331306618171425,1.7461169742530203,1.3964289741946345,1.340538650336157,0.7614109242388736,1.648994531163737,0.6862770706603101,1.5358449764024726,0.8980272281821158,1.9688878206639444,1.467386471697921,2.3139330501460336,2.064725241998474,2.2131629554655774,1.710680407665798,1.4248302162274626,1.8365223716562085,0.8655972334490798,3.4236628607519037,1.26383418415827,1.5624225844981687,1.3809760563300983,1.507244449078879,-0.012897220752510208,2.3532499482587923,0.3371078245739909,1.8336207616657703,1.814980698925126,1.3075938699199128,1.0893426145616445,1.412522060093238,1.8357970063175912,0.0767218822931568,0.9979448513453271,1.1376740666858645,1.8241852544617245,0.9822773119643138,1.0869370186419474,0.5909323514913467,1.0221158650950315,1.4958587469588451,0.39462192612688796,0.28607736369804115,0.9464445734720925,0.7392519243080073,1.6590568194488355,0.8338241809856868,1.4555827909831578,1.4984696550079093,-0.0320272774540058,0.41737222792869133,0.5253759686514172,1.1296043591632916,-0.1173426854011872,0.9022168057110775,0.8895669628702763,-0.11628730280318678,0.5824360677925142,0.8917550719907581,0.9248009148725487,0.40983799786584996,0.765907454869307,0.5782262210831277,0.7731766977190091,0.4218174366624794,1.6415879091852617,0.5584343192796268,0.883202609122975,0.5927203392433285,-0.32842973861045266,1.1355202181846948,0.6263121441604085,1.9864248598080394,0.277392298768973,0.49610052148165096,1.3706157516854205,2.101925534969208,1.0875237801046715,1.9161883653582095,1.2246497122215452,2.0020950970761042,-0.23746704472870306,2.2122379861805825,-0.03293539020893199,0.09381192537881411,0.9085230945472027,0.7790400900142345,0.7123124978081137,0.6223170706210244,-0.21976793385329074,0.19430385611684642,0.44654769633939395,0.4654210457874228,1.5334662873462417,0.741780406712337,0.5961016165454129,0.9254607875662941,0.4933178995864864,1.202338772488872,0.6949123823904415,0.07897800784337505,1.8392525068343275,0.8755118191125462,0.44403518713579615,0.6026068546165675,1.3561068918352817,1.1040466946151923,0.29663771085159674,0.3088444671219559,0.0924756757327696,0.3005443180331895,0.34792421359787795,0.6839406366273106,0.7284741320100352,-0.3233367594891092,0.8469507971125267,-0.19299249938757157,0.30779158565712983,0.4328466249481817,0.5862012754593611,1.5936084703375872,-0.39056086626885644,0.3713741576856364,0.05388399873658045,0.44100767216786885,0.5092986074305941,-0.0351108382621419,0.5544370777742529,0.49105018337041884,-0.044716468202635085,1.004222774498773,-0.16829386578734784,1.462226831216185,-0.3647124661216026,0.25575789081023004,0.13852626747745944,0.11202508641150644,0.9636701776169065,0.522222002534761,0.43535533969111206,1.5910574916837845,-0.21856383717351946,1.2956568130610435,0.09065745185347573,3.1569462487157693,1.2740356899607832,0.7529635580839908,1.66124486413446,1.8219306232713848,0.7604127642414369,0.6250354948409722,0.9877469583605034,0.9872581597813337,0.5637946308593786,2.4257311805404242,0.9622887756847831,0.8001454159705741,1.462737084375533,1.4264816327155927,0.9754902479783709,2.080716892899204,0.7707993773664157,0.7569705561873548,1.042779643856818,1.026924056455357,1.1016618968012608,0.39982886277397256,1.049486448459163,0.10828967103907505,-0.03956751764070443,0.65625367130633,0.2893458402688225,0.7566357621549287,0.9964215264582776,0.3945724246270279,0.3888718635549262,0.4183258211518819,0.4495095304166057,0.47995635817432003,0.5095070413080407,0.53816487017599,0.5659421440916503,0.5928520622265978,0.618907767158305,0.6441223421787186,0.6685088086892961,0.6920801236789771,0.7148491772858847,0.736828790440029,0.7580317125865008,0.7784706194875071,0.7981581111020546,0.8171067095422586,0.8353288571043436,0.8528369143738246,0.869643158403619,0.8857597809627009,0.9011988868559229,0.9159724923118233,0.9300925234390434,0.9435708147491368,0.9564191077440114,0.9686490495686826,0.9802721917258737,0.9912999888534273,1.0017437975619146,1.011614875331702,1.020924379469193,1.0296833661189453,1.0379027893331454,1.0455935001955936,1.0527662459995213,1.0594316694787835,1.065600308090609,1.0712825933489398,1.0764888502073973,1.0812292964913581,1.0855140423773264,1.0893530899190864,1.0927563326188192,1.0957335550433527,1.09829443248384,1.1004485306582978,1.1022053054551861,1.1035741027181416,1.1045641580702181,1.1051845967770646,1.1054444336480742,1.1053525729739135,1.104917808501284,1.104148823441335,1.1030541905136602,1.1016423720229795,1.0999217199687337,1.0979004761859983,1.0955867725177768,1.092988631016965,1.0901139641778173,1.0869705751959486,1.0835661582554508,1.0799082988431223,1.0760044740891885,1.0718620531333158,1.067488297514501,1.062890361585346,1.058075292949468,1.0530500329215897,1.0478214170085494,1.0423961754121933,1.0367809335521088,1.0309822126083645,1.0250064300828967,1.0188599003794252,1.0125488354011623,1.0060793451650056,0.9994574384329553,0.9926890233589916,0.9857799081513008,0.9787358017489964,0.9715623145132781,0.964264958931949,0.9568491503364385,0.949320207631672,0.9416833540375364,0.9339437178421122,0.9261063331648529,0.9181761407310205,0.9101579886549871,0.902056633233542,0.8938767397475544,0.8856228832721058,0.8772995494948646,0.8689111355408841,0.8604619508052451,0.851956217792349,0.8433980729597579,0.83479156756988,0.826140668545122,0.8174492593288392,0.8087211407501513,0.7999600318933062,0.7911695709703395,0.7823533161973728,0.7735147466735839,0.764657263263075,0.7557841894781632,0.746898772365455,0.7380041833934001,0.7291035193404127,0.7201998031846983,0.7112959849939102,0.7023949428159426,0.6934994835690986,0.6846123439323151,0.6757361912341935,0.6668736243422018,0.6580271745499999,0.6491993064639132,0.6403924188878136,0.6316088457051023,0.622850856760067,0.614120658735942,0.6054203960311497,0.5967521516319039,0.5881179479825391,0.5795197478520322,0.5709594551974533,0.5624389160240639,0.5539599192412084,0.5455241975140552,0.537133428111872,0.5287892337514108,0.5204931834358604,0.5122467932897621,0.5040515273880146,0.49590879858095605,0.4878199693139891,0.47978635244146517,0.4718092120358506,0.4638897641910944,0.45602917782014174,0.44822857544693306,0.4404890339923213,0.43281158555441834,0.42519721818234757,0.4176468766443122,0.41016146318867186,0.40274183829899357,0.3953888214425092,0.38810319181226305,0.3808856890619836,0.3737370140353846,0.36665782948739434,0.35964876079918895,0.35271039668634785,0.34584328989939195,0.3390479579177281,0.3323248836365451,0.3256745160463197,0.3190972709048765,0.31259353140274015,0.3061636488206432,0.299807943180042,0.29352670388544766,0.28732019036095835,0.2811886326778108,0.27513223217528093,0.26915116207379697,0.2632455680804924,0.2574155689873123,0.2516612572616168,0.2459826996295078,0.24037993765051624,0.2348529882858088,0.2294018444588346,0.22402647560727473,0.21872682822890965,0.21350282641873264,0.20835437239912835,0.2032813470420365,0.19828361038406683,0.1933610021333152,0.18851334216975602,0.18374043103705162,0.1790420504275403,0.17441796365943674,0.16986791614675667,0.16539163586168115,0.16098883378970186,0.15665920437697878,0.1524024259709904,0.14821816125345322,0.1441060576661357,0.14006574782877124,0.13609684995077487,0.13219896823483168,0.12837169327394804,0.12461460244094269,0.12092726027174194,0.11730921884054624,0.11376001812902814,0.11027918638751544,0.1068662404906604,0.10352068628515099,0.1002420189311124,0.09702972323646009,0.09388327398499996,0.09080213625725264,0.08778576574530916,0.08483360906143389,0.08194510403905042,0.07911968002787262,0.07635675818312393,0.07365575174804917,0.07101606632988933,0.06843710017056992,0.06591824441022709,0.06345888334550409,0.06105839468108343,0.058716149775762005,0.05643151388261458,0.05420384638284759,0.05203250101459389,0.049916826095739,0.04785616474083554,0.04584985507261763,0.043897230427887735,0.041997619558799215,0.040150346827545036,0.03835473239644216,0.03661009241301372,0.03491573918933,0.03327098137640405,0.03167512413352824,0.030127469293063314,0.02862731551994102,0.027173958466278236,0.02576669092178463,0.024404802958599703,0.02308758207232131,0.02181431331797512,0.020584279441493436,0.019396761007271834,0.018251036521462538,0.0171463825504361,0.016082073835320898,0.01505738340267726,0.014071582670908356,0.013123941552805718,0.012213728553774672,0.011340210866819689,0.010502654463607541,0.009700324181721953,0.008932483808450797,0.008198396161276378,0.007497323164272984,0.006828525921605433,0.0061912647875033144,0.005584799433336229,0.00500838891133526,0.004461291715358584,0.003942765838417017,0.003452068827243693,0.002988457834817382,0.0025511896686225555,0.0021395208373746755,0.0017527075945054094,0.0013900059794309527,0.0010506718561487105,0.0007339473276601893,0.0004390640952465219,0.0001652465943493553,-8.828508629221687e-05,-0.00032231249377900895,-0.0005376163010168966,-0.0007349739902906549,-0.0009151577213515338,-0.0010789323775952653,-0.0012270537827703265,-0.0013602670786099225,-0.0014793052591244304,-0.0015848878516635523,-0.0016777197383248676,-0.001758490110830735,-0.0018278715514270516,-0.0018865192333237246,-0.0019350702337419534,-0.0019741429532587063,-0.002004336635081927,-0.002026230978458443,-0.0020403858398481134,-0.0020473410154409066,-0.0020476161018336825,-0.0020417104268517505,-0.0020301030467066994,-0.002013252804943022,-0.001991598446863918,-0.0019655587868214752,-0.0019355329220616113,-0.0019019004905658221,-0.0018650219685127922,-0.0018252390029260823,-0.0017828747768930953,-0.001738234403660499,-0.0016916053460818148,-0.0016432578582907809,-0.0015934454473836013,-0.0015424053520405323,-0.0014903590358130714,-0.001437512692348264,-0.0013840577607879823,-0.0013301714487852223,-0.0012760172618868637,-0.0012217455368386254,-0.0011674939777890359,-0.0011133881936871148,-0.001059542235338995,-0.0010060591308729272,-0.0009530314187600197,-0.0009005416775380581,-0.000848663050533105,-0.0007974597656357219,-0.0007469876488244154,-0.0006972946314931505,-0.0006484212499344721,-0.0006004011370919216,-0.0005532615065817481,-0.000507023627790204,-0.00046170329289907386,-0.0004173112744751961,-0.00037385377390819485,-0.0003313328614922284,-0.0002897469062190794,-0.00024909099710157534,-0.00020935735483362805,-0.0001705357337868918,-0.0001326158674146427,-9.558747206028784e-05,-5.9440250822717644e-05,-2.4163897364815057e-05,1.025190050540914e-05,4.381745731052433e-05,7.654308654991837e-05,0.00010843909723234901,0.00013951579069271247,0.00016978345735196854,0.00019925237381812622,0.0002279327997598557,0.0002558349747232569,0.00028296911574443584,0.00030934541416627326,0.0003349740327394102,0.00035986510357588486,0.00038402872502274477,0.0004074749593883098,0.00043021383061159213,0.00045225532176118577,0.0004736093727046864,0.0004942858782897019,0.0005142946858427422,0.0005336455932933859,0.0005523483469573875,0.0005704126398313747,0.0005878481096601718,0.0006046643370609672,0.000620870844215915,0.0006364770925983976,0.0006514924820066881,0.0006659263482333699,0.0006797879620989988,0.0006930865278036435,0.0007058311815058005,0.000718030990014995,0.0007296949493138527,0.0007408319836486044,0.0007514509441080008,0.0007615606073727577,0.000771169675033434,0.0007802867723398776,0.0007889204474622602,0.0007970791706384261,0.0008047713330370243,0.0008120052460753868,0.0008187891407942516,0.0008251311670619543,0.0008310393927217774,0.000836521803080359,0.0008415863004529456,0.000846240703026524,0.000850492745144038,0.0008543500764517376,0.0008578202616718045,0.0008609107801476057,0.0008636290253321022,0.0008659823048446924,0.0008679778396754045,0.0008696227641848964,0.0008709241258770817,0.0008718888853991302,0.0008725239158593467,0.0008728360036229788,0.0008728318475164087,0.0008725180591113713,0.0008719011624407358,0.0008709875943395673,0.0008697837043314394,0.0008682957548558079,0.0008665299212680111,0.0008644922922371734,0.0008621888698030489,0.0008596255695465516,0.0008568082210445027,0.0008537425676422572,0.0008504342670789811,0.0008468888917718687,0.0008431119286456124,0.0008391087799282104,0.000834884763548871,0.0008304451133085422,0.0008257949795620334,0.0008209394296159189,0.0008158834479559118,0.0008106319368721415,0.0008051897170844313,0.0007995615283107327,0.0007937520293239686,0.000787765799088902,0.0007816073369895093,0.0007752810636247887,0.0007687913211498199,0.0007621423744694766,0.0007553384116931738,0.0007483835444190845,0.0007412818090983819,0.0007340371669215529,0.0007266535050121092,0.0007191346372792395,0.0007114843048157127,0.0007037061768642161,0.0006958038515563203,0.0006877808565377563,0.0006796406499915975,0.0006713866212066932,0.0006630220914303209,0.0006545503148345233,0.0006459744793687605,0.0006372977074420305,0.0006285230568892075,0.0006196535217100063,0.0006106920329784771,0.0006016414599798736,0.0005925046107222443,0.0005832842333006738,0.0005739830162951876,0.0005646035900781499,0.000555148527610072,0.0005456203452922637,0.0005360215041605443,0.0005263544105673645,0.0005166214173755179,0.0005068248246971052,0.000496966880916716,0.0004870497838282972,0.00047707568137411727,0.000467046672554261,0.0004569648089045586,0.0004468320948944893,0.00043665048917773674,0.000426421906070118,0.00041614821617486086,0.00040583124734894227,0.00039547278566942623,0.0003850745769113928,0.000374638326945842,0.0003641657033881529,0.0003536583365644219,0.00034311782036411387,0.00033254571326324367,0.0003219435393475578,0.0003113127895062462,0.0003006549223982802,0.00028997136530506396,0.0002792635156652068,0.00026853274164295726,0.0002577803839471926,0.00024700775611563586,0.000236216146163315,0.00022540681709415367,0.00021458100832205673,0.00020373993669409174,0.0001928847975136705,0.00018201676545004375,0.0001711369959593867,0.00016024662596691996,0.00014934677517430828,0.00013843854696915514,0.00012752302990293174,0.00011660129888468873,0.00010567441597686411,9.474343158899501e-05,8.380938561458606e-05,7.287330839744754e-05,6.193622226646767e-05,5.0999142217733606e-05,4.0063077108243306e-05,2.9128530854904966e-05,1.8195610778093396e-05,7.2641355473024305e-06,-3.6662561910816294e-06,-1.4595998095501272e-05,-2.552548727408066e-05
14.732495923904253,14.812001423179481,13.18917390623642,12.771999920578423,14.408955417447828,11.50424016854339,8.02818409646477,7.240971930419619,7.4493574210154065,6.087199307653236,2.1236949402670575,-1.238560502429209,2.2449285806746957,3.1128900231410626,0.267973553179786,2.6956838123210787,1.0457710207667787,-1.817049050537264,0.39201372766831355,0.7383460867100666,0.8093378925409525,1.4436911931391023,-0.10466987648271697,-0.13965213622748252,0.3451413646085939,-1.198914234073925,-2.164865213607584,-2.1121278220113027,-1.0940238770915585,0.7895758891914966,0.9114067905584307,0.5743493254435634,1.4815524558283641,0.9064775862594843,2.106350621565525,5.068133704052798,5.039103706798414,4.012142464816634,2.8286420513985604,1.1397475565896684,-0.11738547024083346,0.6234267266139568,1.3326049048199593,-0.9289761387353792,0.09261245879201851,1.8366725266422463,0.8368662363562862,2.106347763308122,2.5874704179345827,1.0349652297253442,0.5351059381733876,2.3544640308374483,4.149686625360005,3.899320017998889,3.1691293283249706,4.706947157070772,8.134018873993341,10.227045921123363,8.831027266934257,8.128180095475614,9.338379399100972,8.204448576095501,9.128694954187722,8.816952872692923,4.5538521447749645,6.98803537377762,10.429582695940667,9.688756654169083,7.653272361690824,6.17196456832653,8.104409446070235,11.654848077062638,9.312676983003712,8.405975602140188,10.216557793012726,9.57964233528378,8.82916524867835,8.99583893870738,7.91677141234004,3.6083300308682738,3.357633317031741,5.570879022580812,5.337736243189738,4.888681622914191,3.018827502504564,1.2253731361872724,2.481713765367772,3.2132098409463197,1.9141912922134452,0.4239584302641788,1.551476902118111,2.9884027420862367,3.4146730793322604,3.293855115272663,3.1285782098569825,1.9953849678677216,1.003227349197914,2.0257055517027993,2.747393794008076,2.655600467169279,2.810570699220989,3.7908598995128386,3.2002917510249063,2.5537613349952153,2.956007162632204,1.0010863374247947,1.06674707351101,3.244848813044996,3.653862219631492,3.4182390777029923,2.641556782868406,1.0622800842252218,-0.19666608406600972,2.169588906708441,5.3681393119444465,6.0090332716409876,5.275194365545758,3.86285123656603,3.3301094414955514,4.970547783656002,7.591477643513372,7.817958927917402,7.640651370506589,9.88486968484267,7.615246668078385,6.839346257785564,9.882846864386465,10.021987737806057,8.998033995153719,8.571903071651832,7.926264432407493,5.24177252518075,3.3293300285426994,2.2773659523559218,1.4362108290189326,2.5436461350687978,2.6685078909210915,1.1766899680960705,1.2571450532936979,6.1266577467955585,11.13397053098106,10.897051349782487,6.6386033618605325,8.187041526795383,8.549491077807033,5.321882581755517,6.510607176333224,7.302719529544106,6.399800025519198,6.581431247804744,9.23333527668592,8.148582167116956,8.203554039000323,12.034764033317288,10.445777693350692,8.889329280781567,9.452124180682176,9.553813666535007,8.510105195516417,9.155259956921782,10.427298054660469,9.544878325553327,7.951939325410422,7.371105178991229,6.4985709932045665,4.526441782380857,5.833955700055412,6.909115095556899,6.8012620668498585,8.033065657705947,8.86187440755225,10.934989665789999,12.724113751102323,10.76381409961084,9.11490199221305,10.924186168581514,14.149021331898439,13.702998885896477,9.75025813581226,10.203777348614267,13.016572878744682,8.850766505580623,8.62928192949812,9.775347141577868,7.770844055128464,5.896542766080415,6.8812716753111545,9.132691601856095,8.889273223498549,5.5616664805346545,6.985325111832708,9.595128569626013,8.41244242402081,6.4279306020177955,9.378777185466333,9.41030770326688,5.052978582379865,5.993434273577918,5.940413448898539,6.012383184942109,8.854604397861294,12.014559082257847,12.471979323835967,10.149711241218483,9.432574803486887,13.8966121092825,15.68311089602048,13.259163175517642,10.786927750654627,10.834873133551582,8.065766074042358,7.074379074410899,10.024758732708051,12.12593384970387,11.807940524472883,7.701863448184326,3.9311567366819418,6.032420708279005,9.26021183114267,8.53076809910317,6.088817790908138,6.979869582227593,8.61167519219407,9.456743942733965,9.984471501637813,10.868964505084023,10.976650368147943,8.837224461976803,8.694614458490719,11.23226130604337,7.4515982475898,6.780510039577621,9.740325517513838,10.86781473338624,10.772439636242893,9.606751908663682,8.091112214577606,7.196185433019991,6.590633680789779,3.7183869097549405,3.595701072875954,6.8060924934627565,6.831758775879848,5.721669304819898,6.520276180237488,7.752499679919993,7.45784683197121,10.440777502526203,10.81471077287324,9.355662336472733,11.067124832657782,11.797499633163739,10.654037100670166,9.650358488418988,10.378880370967408,11.748485642992591,12.044032723784198,12.713708935908016,13.936840534245789,13.362601135120713,13.14046813695336,15.132197875341944,15.469015586681394,11.076334447271506,10.942249191979727,11.633771905071171,11.82460302971117,13.522548291000021,13.948791137828039,12.108754389486876,13.089768650076394,15.530310773758856,10.538949079156964,9.386786952956527,10.97761715763545,12.50435505214989,14.996401714099989,12.201906970650725,7.8604131922957095,8.344823345743748,12.270654357756598,10.517155230769731,9.569225595621901,7.312703972842996,2.6129811486964627,3.3789042094251727,5.817232577630534,6.582540279429736,6.695794802185333,7.739913658599789,6.7967760941398865,5.715594564655817,6.770446568976922,8.420589698435151,6.64212657044277,4.279872339259555,5.367484268369935,6.901814994051733,4.4784104634914,6.445196304787487,5.144848674759942,0.2779532419589259,-0.1799414606435903,3.567880064316114,2.818135095622665,-0.8960702845712376,-2.364872463426309,-1.1351738593508571,1.069266638671138,1.475446008783365,0.15295145423397116,-1.1107954966173565,-1.5036540924248811,1.191007395501174,2.080887828119785,0.32550479494557294,0.3608039000603185,-2.2971301248477403,-0.43598455682774784,3.136922748347388,1.7466635050582227,0.8948227858677456,2.74546107461083,4.419059664076599,4.459561486571147,4.057759618431419,3.042264072851026,6.179306527559788,8.34760614903007,6.531350235803757,7.70166372822473,6.032551772876786,4.28755732039599,5.413023011132509,6.7601982832425165,5.407565920299021,5.5258931861058045,8.410031276365771,11.041171166223648,9.822316954665212,4.7446064021835355,-0.17006199420904977,2.833119944288228,8.682423994153396,2.2640073907388114,1.192420055842149,8.137875747360454,12.957843963323398,11.080105887973332,10.443916019142875,9.580202551341472,9.863764704999085,9.323087265963295,5.840108623548417,7.8858775628855255,6.55595400384459,4.737767194895696,6.70552551406945,7.275490088276115,8.880437487154609,11.122821287169927,11.271109801743819,9.850850310140345,10.86793564420077,12.152903646774803,12.129186581731346,13.041626630460996,14.794427554405047,12.49009503349771,11.143608854168292,9.592030073367596,7.639703789935538,7.5918896708527654,8.352662537098581,9.795456802025342,7.010869129657067,6.277849696659587,12.851971513768149,11.072669268620757,14.552874898814139,14.991700875303195,9.07348770594308,7.852630551762331,6.349954330504033,5.647135225428542,5.708295073863837,6.979000460924567,8.931489764176604,6.26785906172347,5.437517991645109,6.669294510547729,7.81536808206738,9.539685081035145,10.88967498746456,11.700058807869027,12.763625307451093,12.938835909531804,11.433027714195305,11.453231351860722,8.783929922925608,5.564952062151974,5.482268104033892,6.293014818757683,4.172602354064111,7.016960247923862,8.394380902297144,6.711656994011491,7.456024696393115,5.908237578009334,6.4009893797938275,7.488836044824893,6.205153676863688,5.9147995643811555,10.75722754330161,8.244876697913128,7.410204568030849,10.744408103357387,9.378026774293517,3.780771340080264,4.184375547937634,5.741593274820616,6.221205811277855,5.592616432292743,2.101900154008945,2.9624776247150066,6.103650630165703,7.172982378617689,6.655437811712773,6.510773634263728,4.0357209831951195,3.9946006763855166,6.930114475797723,8.42341589237185,7.10527932606783,6.936556459504686,4.537644163210416,3.741401992964029,2.0055059453111426,-0.9756740214054389,2.255964760762936,2.6720233884688014,1.1797716780806695,0.29695281157751197,1.0580334857734215,1.9380931607563525,-0.8187458404390782,1.4745097051620633,1.1823513604939535,-1.995463345679127,0.3747097159216537,4.470491949194184,2.9635232752525553,1.3107214884739733,1.568003110321797,1.8505496679051703,2.343549855752144,2.7082053669294055,1.3269701015549344,0.8665384115823827,0.5710581295497832,-0.1571198736585302,2.1788376376103997,1.3543299076218318,1.1403614315065624,1.3746479947442367,1.6735307570594387,3.361419588368335,2.5350630584212013,3.8220931898895287,2.8018019081878265,0.40687431120898054,1.1705811541658022,1.8272429562712205,-1.0887100170391477,0.16949362554044,0.8611482605758738,0.028141021120973164,1.7338433291149613,1.3797003341519485,1.0965271296286119,1.2775288076911693,0.4811325188011324,2.182635402855567,6.3787578914810865,2.609372053510242,1.196392776930793,1.6511878137937401,2.0912649332292403,2.0074837900308466,1.2626520720521057,3.6729464070240283,5.059670249537135,5.5192121361060344,5.814830214465815,6.8126263187119775,7.826943888956407,3.9397038090486376,4.707374519987525,4.347007564895421,2.9192209106879545,4.6098762302056,5.311499943428771,5.799491544506964,6.423712887064539,4.340055518214172,2.7475621981666336,3.837828964063874,2.6043924962604024,0.39619680617215636,3.4687408205569454,3.2252895398340797,0.09291132848591133,-0.4314405176270384,-0.48710421584223695,1.4651141197949755,2.391171010072071,2.2747230245762466,0.42504905237206003,-0.7648930457291954,1.8311919509219479,2.7432323236977254,1.8680384950699818,-0.38958378134384475,-0.5152097981057295,2.3223614700399366,3.9645900551754494,2.6560119290217017,1.1829717488727738,-0.232944394360743,0.2255525969350174,0.04762912652381601,-1.289206139230032,1.5779314378372646,2.370948048093055,2.105756071767246,0.010731030901638405,-0.9837253958506835,-0.5977242262215441,-2.2626704499991774,-0.8670554246579059,0.8460376349523813,0.29332413689382975,-1.3478604781885224,0.13650132992449926,2.556509781208888,0.09512885152128092,3.481708979816858,1.0543042088204402,-1.070528348946027,0.839185794078162,0.5099995947778098,-1.479361222318289,0.6751097780379496,1.7561324072388516,2.4159332451033606,2.35220988724393,0.7032114454908651,-0.44151925823246074,-0.13391896451230423,-1.5232100819570178,0.32659138474912197,-0.17341783304937053,0.39420661958331493,2.2874869862935157,1.5325118775583633,2.9390610813551348,0.8647657949102268,1.7433067262312534,-1.117428960181769,-1.1718223405657682,1.9112179971702972,-1.0012552268103718,-0.680556182685109,0.0648404616396192,2.9282367952938557,3.1785574595188564,1.012705318355529,0.33516348439695776,0.7700194611520601,0.14802575767600956,-2.0061565025716845,-1.2637524414025165,-0.6187578470230619,-1.250641836333898,-2.0044557794395814,-1.1972845635274325,2.277634893325967,1.998207897256293,4.683391772729465,5.88820321470223,5.499994875574544,6.4618439165813015,8.03591874583367,9.76917716432024,10.58290478272022,8.883310551199997,9.231448553042583,12.084123936324545,13.847420711134305,14.653984179146732,16.54093823776543,16.920649459618744,17.442299169492117,21.135377058699646,22.766370586043877,24.269855917102404,27.44332197987842,29.129848537107932,30.241177157976495,30.633748647122047,33.84344414444024,36.57411047645155,36.900440694707186,37.43453874412853,38.7947915006871,39.180636784400235,41.61060033268143,47.77159996097441,45.11556397210029,47.834650266720246,49.54331448003279,44.992054827052584,43.85244611143162,45.69535062980401,43.93598664512183,42.495732401583155,44.15985335135042,43.52519516966845,42.28961229939091,42.809646237102015,43.89422682854956,44.19383237289196,42.759632580645984,44.89077858278881,43.69244750777182,42.65506590121868,44.65821609575789,45.73723787726169,44.00296705406174,42.12141064201626,40.48849069028017,38.44812308274277,37.088299244287896,35.1769383956123,35.08431200561381,34.59566605284033,33.563381679283566,33.48973891111859,31.010254164276148,30.23553816196295,35.65302958104769,35.033062024064066,28.80441279386787,28.979534889227352,29.91060010815704,26.61780713587416,25.860548443879793,24.67091892001895,23.97749524108235,20.917469780830743,22.46915800355714,22.142550527900994,21.54639060839861,20.354787937675155,17.163969194341576,18.683501306686253,21.009546166288374,14.429242800283191,13.13085118172637,13.000933063405796,16.08498443189933,16.247469700253987,15.407539173018108,14.32699289718073,9.738210433665017,10.366550867725664,11.956415279546604,10.854193458750387,9.91207233916191,8.869139624655418,8.267887789616907,7.937978831674741,8.601163765418733,7.735418397577973,5.16503115132798,7.330134402864928,5.11391421110045,5.375141839432445,3.3663258328364236,6.7677696089300525,8.540049686198586,4.577335656349874,2.9407274094311333,4.402811194161927,4.507779410501939,5.126423139223107,3.9305584009449603,1.3824059770821577,2.299716041149395,2.791986675296357,1.0843163176389226,1.7835780294375354,3.623536853365181,-0.0221497681384335,-3.3610625479554983,0.53611987578347,-0.6428860441277493,3.680444196962412,3.6783914682766863,0.9649476967746295,3.072134226733283,6.454884903590596,2.3198422499464186,-0.6264739274002977,2.8493114151150394,3.913623956743322,5.7742098925848495,2.5586148310651424,4.274449721158362,6.864200744257232,6.127226212904134,6.627593225876808,5.270798933293236,3.44152683423124,4.0849457405321346,5.759017088634323,6.265232179920304,5.201163282837911,7.571364461188409,6.4642515633431685,9.334450618036954,9.94054208570526,8.066496118338023,7.733586561370771,12.163953152808404,13.70552831432883,11.04157039965105,10.702504360692274,10.316532365524495,7.33027592212477,4.1581289443184914,3.913154046495947,3.795754735828723,7.1353624484850116,6.8415474012147115,6.761379097230474,7.241926355590863,7.9949423778102755,9.191896438085223,9.16996746033658,6.737158644608712,6.327815047385911,9.510619430343354,6.086309586437551,7.974152630999924,9.04495315666827,6.328084294603173,8.597852353500969,2.6548081264367624,4.379213460763367,8.61379331725891,5.734109132842548,3.8035266588353807,5.437351991116714,8.623876685055905,8.921277006194885,3.305605554952649,3.588241188057964,6.076778251991755,8.02705292191149,6.9942171715456425,6.912481009808914,5.346150181740995,4.761232621992804,5.059130017709663,4.828713062335737,4.069008193401942,4.336017683927139,4.603864737920276,4.898643561335234,5.4455140618489395,4.115906409227023,6.432739486496132,5.526292604936202,3.360279491146855,3.42835106323912,4.19946918259302,3.3595753482218242,3.692724652864115,1.47680730251966,2.523312987431268,1.1731807130518064,-1.0821991073411255,1.2675762733840656,1.3423258337082302,0.4278840503543506,2.3866233517504156,1.304640488770474,1.5395468662044323,4.008890281815525,1.8555601762873835,2.577395540586508,-0.7700255620640064,-1.2756565761810634,-1.6294565066220912,-2.0751437019005152,-0.28488717578557043,-1.7646671852331792,-3.020094955878676,-1.7934890966680541,-1.0728353390915686,-0.8596819813633942,-0.3522830092210256,0.06697303604289573,0.01753215542532871,1.3208667104133838,1.9200921271473703,0.17873385593077273,0.3332724773236464,-0.06267277411234318,3.4688947442636504,2.847378545552715,0.4760685147163599,2.1869346719005875,2.533413054097309,1.4639590108552625,-0.015019480759065118,0.6537887302381478,-1.40995764436758,3.3071683523778574,2.397648163352642,2.373884775718352,2.51411955991847,1.1611078091643208,0.414074291817883,1.7170922929426524,2.423201120648173,2.3094816593812766,2.7026971684565524,3.103164143036963,5.152006913484797,6.565026013517809,7.5718459245434815,9.089376848420102,7.423200104821262,7.156728135732692,7.829061117382707,7.326405443920521,8.305474539089289,8.06552870141337,10.109867926213497,8.394763814367195,8.49068373310854,10.17509494261725,9.004211412598579,8.677495606966886,12.517303376324833,12.299908160556868,10.731574823598294,12.797985944705943,10.593343537791895,13.540492135797933,13.634540837331315,14.625205541247226,15.208001564196593,15.265607066950565,16.956547078151857,17.1473529123827,16.887842762789205,16.30556137926675,16.740942447926273,14.299005426666326,18.42650393913516,19.638793694705214,16.405513228067548,18.969400916674488,19.25602430797369,21.229523271223,22.461915388749617,19.07431890313171,19.995253375208904,20.075172493545267,19.90949254678901,22.35705555044609,21.936430532979557,21.986801962927984,22.393738833937164,22.930625323784852,23.09450670095339,25.62324014984671,26.559825809090285,24.75548879404778,25.837696681288207,25.5276340542531,23.391117922380374,24.9737601056255,23.57040714537925,24.209148935265944,23.223584486478217,25.447737635387853,25.392387708508124,25.476697718047035,25.12043848853682,24.989044800745944,25.833428659727133,23.7263074329569,23.007424713162777,23.918407706769358,26.85032589953721,26.732729051401407,27.394395194295953,28.179999345085037,26.105905675724443,23.320158889779577,23.40051909780334,22.24090618770782,21.563850988603292,22.050134058634285,22.59830723706034,21.98323241398697,23.527407159142285,23.446759461118518,20.257721547564074,21.04001675848292,23.412489943262926,22.12792549768085,21.60454126728041,24.193322660202966,23.73353417413614,22.59880068040394,23.60335746994565,23.13147541561733,21.813699885408255,19.347071736894293,18.537180671671933,21.317177933193364,19.7201579795518,17.37802905509136,20.13287199268757,19.30497633663174,18.25970408081855,20.256671880442013,19.569288510038177,14.987562280975965,17.033463659023482,14.525195742052063,17.325301965602023,18.09722763300681,14.705832330694648,18.161603718183414,14.3252782285482,10.734653466985378,8.687535371788044,7.264504686690543,7.149077077689185,10.4075799843298,6.814653119531783,6.788489842956608,4.906218379675465,3.9501969888009967,5.828668448589838,6.336136128606881,8.2045112628158,5.802301131254126,3.457576402492805,6.262536803544322,5.584345094569869,4.810823809867543,4.65755371436353,6.049648783307873,4.098745963695421,3.4027181698215827,3.169606363138712,1.3799121023271823,2.0324776935598834,-1.338362751622185,-1.1656520339100211,-1.9855996358440393,1.0625386386623177,-2.0129513842116467,-1.156085009931303,0.6985112807412293,0.750713419082274,1.2129094735481658,-0.6299112441164993,2.7520524682605583,1.1847811446761511,0.8403854150154189,1.8882597262324339,0.06496763069588951,-1.2439712092234458,-0.2881384560108131,0.2871445900384515,0.37537784057474255,1.424626608221331,0.9197298497044812,-0.847192126571656,0.8573566282460661,-0.027095379865329505,-1.1082609416020546,0.4755688073029205,0.15017009938429737,1.4142866489166863,-1.0570988311703218,1.6739662013272891,2.670261648423093,2.7677911216873667,1.2462835516015502,1.9179077774149391,1.9697104434359858,2.6079335588229924,2.788117031466186,0.016001924478302954,0.3531761901290338,3.1454990193221875,4.489134743425268,2.3884505042559,2.2020000064370038,3.3473882294181863,5.0154132918241885,-0.27564289159977307,2.966561150944017,2.493006094727207,3.1173249062560444,1.1493356054703554,2.0329806564370756,2.8861526036019427,2.641959852565776,4.656789328907848,3.7060035240897378,2.9161607529563867,0.9458318992056434,1.7937059631223065,2.3239198484549206,2.4517272229408604,0.896733328565972,4.432040476596626,4.157319492141539,2.3643489114021463,2.3130770208634885,1.7329037748727956,2.7276490624850567,2.4800815740743474,-0.25137719657834623,3.0159981955185344,2.1815006253971205,4.101637021958368,2.7091164885314356,3.4213889292191766,3.4526569069003017,5.261263267314632,3.609169895701939,3.4711372234411897,5.599085965525944,2.7634911773354816,2.891657188325553,1.1657403465239327,4.166334210793195,3.0870388152188184,2.827813640533691,3.3712289427513724,3.7686718337761818,3.9457966665140702,4.370982026379295,4.054842432330986,3.72466677091802,3.272996208751465,3.593439655210318,3.973099344717866,5.480632328134448,4.627902046119743,5.842573393223404,5.135166025814556,5.341028117566822,4.626256840356376,5.1070220741440835,6.485583324155755,3.3409848632351213,4.60557231762084,4.6463986210546295,1.5540117301195266,2.939894195352224,3.628724212669681,2.1792189906401234,3.5127052382404145,5.7950620588302115,2.870009391022137,2.9764539718523224,2.9528505911995353,2.149448785242555,2.481011955031363,3.5206132231942604,2.378404321680506,4.002228891120126,4.894053259107352,2.8196983334823074,2.530427647914223,3.014153013672683,2.079525735078306,2.9437661509738575,2.7110725416636967,2.9378828833098396,3.821732903428085,2.8835985875035703,-0.38397158517523167,1.215580586085963,1.206194422636031,2.4625323908672385,1.4226571051071915,4.348193555500529,2.250003650473161,3.410494273787805,1.5682183244412613,3.052777554716897,2.9069998784353857,3.167075330897603,1.0537944867825217,2.930052706600634,2.8155293031003055,1.6807394776650995,1.1588721003211617,0.719816312473597,2.728129718742082,1.365386453327119,0.33243222820215124,2.500126046536394,2.94968454427152,2.6809642440552466,4.3863720327465785,5.106794753717395,2.522095862483525,2.929600462084551,1.4637000537409222,2.8752714414162597,0.7855678696182622,3.574036265053934,1.316259950482987,2.808616568995774,2.796626088111367,2.5597590001511605,1.064939741406988,2.301187218757036,2.4796424249685742,2.5862263961274152,2.458742854925646,1.5547615007840818,1.8814123341243771,2.1835876510637604,2.4632138613359587,1.2896457451833498,2.923934003518923,0.10207427665042701,2.140902976945455,0.9906030641811867,-0.7089301915413841,-0.08080210746285843,3.080593851569546,1.400802154438452,-0.7314494442828448,2.3047138866955947,1.1892867688412991,0.8317252630723999,1.117956258643943,0.024162298942940197,1.852484067513899,1.8039727679459645,0.3624095211189342,2.7882323720075135,2.6031097980952893,0.8748983525348706,1.38034715043338,1.1386521188222503,1.910036878729187,-0.49440225994877096,0.35792130019723345,2.7716998812367137,1.6807914188610766,0.7590895823339565,0.7497017400273478,0.8332657019825547,1.176838881004926,0.5395653985655713,1.916596948881363,0.4966886878376897,0.31556518415240475,1.0439302049214234,0.29534332064508817,0.6704855794619107,1.1566346796635116,0.701074966360153,-0.11350283686070384,1.9105363814886402,1.0637853995426667,1.0968587770386193,1.3483836626475068,1.4028977398857307,0.4127943923923567,0.1451061457430285,1.8264907283746652,1.2653319284322322,0.39014579770085334,-0.19728818876296828,1.0749784724654319,-0.09956750715338103,-0.4025768527583864,-0.12089339556698064,-0.08073991585615659,-0.29800474510511776,0.8202807857038579,1.0558852929058844,0.862223428972186,-0.6825038822619547,0.3313556128325672,1.7165828729152963,0.020005759545398405,0.17749767795564253,1.5858847901672846,0.9654109040260295,1.0863227205469173,0.8418679428367568,2.678806738612124,1.239799154781906,-0.027403171715647545,1.8952942896560074,1.0634695560566456,0.1371010898823357,1.06244501817838,-0.8820205608569012,0.30644076758173355,-0.3255415723529893,2.3494647303278953,2.9973092109396475,0.6727800736594816,1.9691097419768084,1.0569155208332575,2.0998641398416,0.9937618103253527,1.4640730419223473,1.4256314465548314,0.9420742006749379,0.8542295002812352,1.1233478104460488,-0.1531739437710229,1.5319579009405544,0.5703006092744545,1.1578546521035662,2.2784774989347767,0.4565462178449877,1.980559658340809,2.405663963141336,1.1791025500542105,1.2637283375316315,2.423518698869316,1.9411047506191323,2.5937920495983064,2.843021395525284,2.4495726231727986,2.7801441672888814,1.385844312879243,0.5024581909584072,1.7442269096792415,0.6419412095659425,0.9222153261536477,0.6106441436737811,3.276065862339607,1.7321077448348774,2.921905698404771,1.8897688579624656,1.0089855584180611,1.5163998539079557,2.472494613685569,0.7289970622005058,2.3187865204027105,1.1931992675923766,-0.1602576893361629,2.1336788848477397,1.1157553793086947,1.7241636485543665,1.556023352997073,2.137142029949274,2.3607052959843315,1.9989802800356244,3.2644499394192508,1.862913681943752,1.591051936628844,0.49469808341004295,2.3187820228051805,1.3485625853545855,2.2818426202086926,1.6032900760365578,1.1963229784987561,1.583153138239453,1.3179060035946293,1.9234644939795373,2.2406053789522957,2.6845452381661232,1.6172472533854432,0.7291502900686169,1.179557492867275,2.719744284592082,3.0241350789847274,0.47824410570308373,0.5298030043937558,1.0277503370940622,1.9281870884466912,0.6455729049678212,1.5165474161361772,2.3894994544513963,0.8565234502700321,1.249322359647124,2.5119647756417294,1.6042433485095273,1.8355293347316604,1.7623709543883876,1.5074478358039585,3.2588309715929142,1.9364408740350711,1.8097536987654337,1.9771028296498798,2.4352284520009277,1.7364354337918257,1.3406135435159854,3.57373361381633,2.2943133403448,2.5260006766143306,2.4183893916283097,2.699129337239384,0.9079466920645487,2.410304364319529,0.740351084511417,1.4568248806910447,1.6746809004776537,1.5344059146069071,1.6768756254674884,2.6557348996344388,2.0363090390224343,0.9866795802169008,1.5376216427935958,1.4866567686564238,2.5851828413084093,-0.5026559749697697,1.094265884519956,1.867482250564791,2.0003717847109215,2.028043308435876,2.0030767566567036,1.3362671935173012,1.5455948466236364,3.0322948148375772,1.5634543984185427,1.0893347276972918,0.750183959276427,0.14652006880356794,0.815899378538461,0.3535793069287081,0.8454482943473351,2.7793417672940066,1.1569080865223214,1.372754929578349,1.4503846642253748,1.224575003128848,2.2329271528317065,1.3913533546457373,1.1499376846952671,1.4268808402233617,1.7362734486449654,1.430821412167461,1.6308848783161238,2.345072295137527,1.2952945598943302,1.2474419801175785,1.3284734593945586,0.7916714765196389,-0.2082648439960053,1.871161852518071,-0.316484106557148,0.8914594720216087,1.1651537948172859,2.754170532225487,1.2744028018470885,-0.09443666888029156,1.26207617633969,2.196529323111008,0.720064707978338,2.380014080792428,1.4045868049442447,1.7700617690071567,1.113015114894445,0.4967615465270683,2.1066173044734455,1.47139680960629,1.6146805074882309,2.2393585415128925,1.1579705518090577,1.8964768224894897,0.842016873676755,2.303994134966679,1.0907438365190387,2.4363097488464405,2.54116619744935,1.2585201133183617,3.7961962458373364,2.097813285920722,1.053827923769461,2.045163711336386,2.2384382175059727,0.9968630449275793,1.9491792049749392,2.003077346884595,2.215066894701579,1.6644231854444342,1.473523599029079,1.8764320554719305,0.8083994612260383,2.924929525823984,2.127447966581258,2.9444554036330643,2.1309727826997573,0.8021567871605271,1.9258860552662327,1.6318891206381032,2.7874164495526657,1.810678885868981,1.2778459790795864,0.7161388096449706,1.7441746620283993,1.2446393525947315,1.6848990805423831,4.317779439038411,6.4268637568125655,7.576162863555965,10.743526286483359,3.3084713437770574,0.2744957550966056,1.5952693335710784,0.7721207851678287,1.0807564792032736,1.820657808489841,1.3843293579350302,1.1547349725192966,1.3329020947520611,1.4219343913907174,0.739668901151731,0.8226391147960079,1.0255966803189267,0.636604625854261,-0.03319329721824715,1.6917856094406716,0.8519715560116801,1.4750077182624146,0.16382595934635447,0.8517527397889921,0.2624053362529253,0.6580838778472184,1.348888531527507,0.5051145583531174,1.3099946302706371,-0.0046279440286411955,0.1265136276487624,0.8838137467898264,-0.4765485145427988,0.9451814956672706,0.23395525542105133,0.18863711206853395,0.3410168046035551,1.4251183213442005,0.876272913259978,0.7844118322411191,0.8154988811000408,0.38198063332902166,1.2759212719103061,0.9691258473896482,-0.34383956310443864,1.2290302143691747,0.2951921372803099,0.6155931067240203,1.5781026016979354,0.4725332464273606,1.7319908880646722,0.15863612082046075,2.513434449934607,0.6018231055061847,0.5696664649722187,0.41029436072426506,1.9639184346423804,0.5444059882606176,1.307743343640027,0.7559365132740936,0.9735852967285687,0.11193217920595089,0.9378764012726037,1.442751091227592,0.4514158949104967,1.2475926185731527,0.9700416662090561,1.2834413239493188,0.654713967322321,1.2773624633245504,0.6139955247356284,0.3691403004420408,1.6579054666756878,0.7569940536232611,0.44910944447991596,0.6869502546637705,1.5094977847843456,0.6420497569295094,2.1759935630989844,0.7544848340051562,0.7504191255831074,1.7435419701993737,1.035172654829239,0.2430041171671764,0.1986440626058652,1.2144178312345275,-0.5711468641442252,0.46199059120658426,-0.06551127471078644,0.11000662262904193,-0.34267894877478966,2.451347378916182,0.12526604666510366,0.4469141564280772,-0.4451970690645908,1.1509439525839866,-0.40297119063387754,0.8790394404882722,0.5581504113515638,0.3748803766993092,0.19733525388039652,1.1432404067030575,0.37155614933510606,0.09196957218404123,-0.23942094795091862,0.26581118071448095,0.14557192523665208,1.5452501362473754,-0.27067431624362825,0.6866683131561331,0.863250364065264,1.7923835086809277,1.0940530694473392,1.3988576310380836,1.7425775534866261,0.0412592465158923,1.3462018981667239,1.3095710101030136,1.8029190038118372,0.7126363885121236,1.4007413923009722,0.1337407355493383,0.6248401410101696,1.425299975044652,1.0984130503801453,-0.04156952009799397,0.991085352835853,2.048499490868437,0.9601591566780048,1.429194283214997,1.106332211075994,1.6677804083240062,1.0531548932772807,1.3376296458327488,1.59863684135337,2.153378457046701,1.324370183547785,1.4770981535022543,1.6053881345749215,1.80765711634956,0.24202384742659433,1.0557302400623598,0.9607593169542952,1.329465775622225,0.6112630096241674,0.7501359653625173,0.7858689742193405,0.8136566776947802,0.8399952515561608,0.8653831324292014,0.8898666313137937,0.9134633624422008,0.9361879900367853,0.9580550869735021,0.9790791325096393,0.999274510096825,1.018655505278673,1.0372363036713068,1.055030989025397,1.0720535413680068,1.088317835222881,1.1038376379083843,1.1186266079111533,1.1326982933339877,1.1460661304173527,1.1587434421314242,1.1707434368400413,1.1820792070325865,1.1927637281240777,1.2028098573217676,1.2122303325563735,1.2210377714774836,1.2292446705117754,1.236863403981829,1.2439062232860465,1.2503852561363828,1.2563125058542823,1.2616998507224366,1.2665590433924763,1.2709017103459814,1.2747393514085275,1.2780833393156854,1.2809449193288742,1.283335208901292,1.285265197391709,1.2867457458255558,1.2877875867015405,1.2884013238439138,1.288597432298161,1.288386258269611,1.2877780191037118,1.2867828033073465,1.2854105706095424,1.2836711520610038,1.2815742501714453,1.2791294390833627,1.2763461647815575,1.2732337453377909,1.269801371189203,1.266058105449531,1.262012884252158,1.257674517124542,1.2530516873930537,1.2481529526163513,1.2429867450477445,1.2375613721251852,1.2318850169878601,1.2259657390191023,1.2198114744134045,1.2134300367689548,1.2068291177026254,1.2000162874884381,1.1929989957173461,1.1857845719788997,1.1783802265622967,1.1707930511788618,1.1630300197014094,1.1550979889235578,1.1470036993360395,1.1387537759194402,1.130354728954103,1.1218129548452112,1.1131347369619675,1.1043262464924055,1.0953935433110473,1.0863425768596926,1.0771791870408833,1.0679091051226806,1.0585379546552076,1.0490712523973684,1.039514409254764,1.0298727312255664,1.0201514203566262,1.0103555757074218,1.0004901943219693,0.9905601722086317,0.9805703053269781,0.9705252905804969,0.9604297268157893,0.9502881158267087,0.9401048633644677,0.9298842801512137,0.9196305828986624,0.909347895330086,0.8990402492057115,0.8887115853511887,0.8783657546877635,0.8680065192656912,0.8576375532982752,0.8472624441983498,0.8368846936148202,0.8265077184703955,0.8161348519990952,0.8057693447843803,0.7954143657958639,0.7850730034264188,0.7747482665273537,0.7644430854429061,0.7541603130423482,0.7439027257505018,0.7336730245761487,0.7234738361377708,0.7133077136864472,0.7031771381259091,0.6930845190291848,0.6830321956516627,0.6730224379402898,0.6630574475386766,0.6531393587882235,0.643270239724302,0.6334520930685699,0.6236868572157164,0.6139764072156026,0.6043225557490359,0.5947270540992804,0.5851915931175995,0.5757178041824318,0.5663072601531098,0.5569614763172694,0.5476819113317788,0.5384699681573011,0.5293269949862065,0.5202542861642314,0.5112530831038953,0.5023245751926879,0.49346990069261665,0.48469014763315954,0.475986354696488,0.46735951209615223,0.4588105624470131,0.45034040162772726,0.44194987963601307,0.43363980143584513,0.4254109277957241,0.41726397612040955,0.40919962127344434,0.4012184963921186,0.3933211936937937,0.38550826527369964,0.37778022389551325,0.37013754377164787,0.3625806613366649,0.3551099760114198,0.34772585095845443,0.34042861382971523,0.33321855750432405,0.3260959408187887,0.31906098928772053,0.31211389581585536,0.3052548214021158,0.2984838958336127,0.29180121837231354,0.2852068584317067,0.2787008562447113,0.2722832235236865,0.2659539441112315,0.2597129746213227,0.2535602450727765,0.24749565951282193,0.2415190966330556,0.23563041037510857,0.22982943052869587,0.2241159633202301,0.21848979199324958,0.2129506773796379,0.2074983584624306,0.2021325529296405,0.19685295771932942,0.19165924955638047,0.1865510854804029,0.18152810336493985,0.17658992242854765,0.17173614373683677,0.16696635069655485,0.1622801095405748,0.15767696980532264,0.15315646479916722,0.14871811206279517,0.14436141382117285,0.14008585742737978,0.13589091579802925,0.13177604784141295,0.12774069887620954,0.12378430104371319,0.11990627371079654,0.11610602386610935,0.11238294650758007,0.10873642502224357,0.10516583155890658,0.10167052739279825,0.0982498632822626,0.0949031798188571,0.0916298077691522,0.08842906840942533,0.08530027385302219,0.08224272737038518,0.07925572370174905,0.07633854936341322,0.07349048294588556,0.07071079540588698,0.06799875035096647,0.06535360431752224,0.06277460704211535,0.06026100172590532,0.05781202529277607,0.05542690864018596,0.05310487688421972,0.050845149598217176,0.04864694104486489,0.04650946040231929,0.04443191198402019,0.042413495452649386,0.040453406027495475,0.03855083468658904,0.03670496836258508,0.03491499013301791,0.033180079404871776,0.031499412093523915,0.029872160796458047,0.028297494961179837,0.0267745810479596,0.025302582687231734,0.02388066083204876,0.022507973905362633,0.021183677941735368,0.01990692672518435,0.018676871921002203,0.017492663203881875,0.016353448380812097,0.015258373509141165,0.014206583011286966,0.013197219783648961,0.012229425302109576,0.011302339722533361,0.010415101977798713,0.009566849870623173,0.008756720161954945,0.007983848656067494,0.00724737028178879,0.006546419169467299,0.005880128724982114,0.005247631699432986,0.004648060255760811,0.004080546032071197,0.0035442202017179625,0.0030382135298623325,0.0025616564275878773,0.0021136790016953455,0.0016934111031332577,0.0012999823713357728,0.0009325222763436614,0.0005901601581399518,0.0002720161250522324,-2.2795557299559732e-05,-0.00029516331591139533,-0.0005459753521677158,-0.0007761169454738592,-0.0009864679698239343,-0.0011779006158008087,-0.0013512773077763995,-0.0015074488088657745,-0.0016472525045969633,-0.0017715108568836513,-0.0018810300195468699,-0.0019765986082802556,-0.002058986616987113,-0.00212894447099643,-0.0021872022117008783,-0.002234468804260814,-0.0022714315604730473,-0.0022987556710063473,-0.0023170838392161386,-0.002327036010910888,-0.00232920919256685,-0.002324177353102641,-0.0023124914020513643,-0.0022946792398101934,-0.002271245872805139,-0.0022426735903309236,-0.0022094221961879157,-0.0021719292919328836,-0.0021306106054908014,-0.002085860363138181,-0.0020380516978661944,-0.001987537092986713,-0.0019346488546148066,-0.0018796996123455756,-0.0018229828426683525,-0.001764773412901377,-0.001705328142804774,-0.0016448863806886038,-0.001583670592594899,-0.0015218869594946227,-0.0014597259843185384,-0.0013973631030808065,-0.0013349593006637406,-0.0012726617274552154,-0.001210604317520847,-0.0011489084058098342,-0.0010876833421207266,-0.0010270271021681765,-0.0009670268936474713,-0.0009077597566715667,-0.0008492931575574403,-0.0007916855760754515,-0.0007349870838879724,-0.000679239914916252,-0.0006244790269533951,-0.0005707326531023682,-0.0005180228442895896,-0.00046636600120564253,-0.0004157733958436438,-0.00036625168348791703,-0.0003178034033339827,-0.0002704274684788288,-0.00022411964613411328,-0.00017887302590224863,-0.00013467847878700923,-9.152510466492458e-05,-4.940067043435192e-05,-8.292933500797517e-06,3.181035344823613e-05,7.09214382936807e-05,0.00010905256596061008,0.00014621597409814058,0.00018242388972566914,0.000217688524969617,0.000252022073993885,0.00028543670913450114,0.0003179445775458589,0.00034955779801748577,0.00038028845744975115,0.00041014860778432194,0.0004391502630483046,0.00046730539611417043,0.000494625935800741,0.0005211237644289213,0.0005468107145816248,0.0005716985667731933,0.0005957990465503826,0.0006191238225028428,0.0006416845034777907,0.0006634926364768035,0.0006845597042115514,0.0007048971231142787,0.0007245162408935357,0.0007434283350562509,0.0007616446104634633,0.0007791761979092371,0.0007960341517332381,0.000812229448342805,0.0008277729845076465,0.0008426755758250692,0.0008569479550146752,0.0008706007702130591,0.0008836445841211571,0.0008960898724694744,0.0009079470225401565,0.000919226331916434,0.0009299380073457542,0.0009400921637165993,0.0009496988228647751,0.0009587679127207593,0.0009673092661728333,0.0009753326199870571,0.0009828476143525222,0.0009898637919718567,0.0009963905974927911,0.0010024373761439165,0.0010080133739620578,0.0010131277363143454,0.0010177895076139976,0.0010220076311497905,0.0010257909485176242,0.0010291481987678708,0.0010320880182348446,0.0010346189404799588,0.0010367493960643515,0.001038487711923608,0.0010398421113677614,0.0010408207137402314,0.0010414315345883551,0.001041682485322326,0.0010415813732151946,0.0010411359010049637,0.0010403536674061797,0.0010392421669394025,0.0010378087897606747,0.0010360608225141732,0.0010340054476500882,0.0010316497439362138,0.0010290006864579482,0.0010260651473004145,0.001022849895662148,0.0010193615977982518,0.0010156068177593625,0.00101159201790324,0.001007323558724238,0.0010028076998764845,0.0009980506001738831,0.0009930583183290764,0.0009878368132376636,0.0009823919443192608,0.0009767294721996223,0.0009708550592790743,0.0009647742700167328,0.0009584925717263104,0.0009520153353719252,0.0009453478358523171,0.0009384952528534996,0.0009314626714171936,0.0009242550828503227,0.0009168773851797596,0.0009093343838912915,0.0009016307928391143,0.000893771235382701,0.0008857602439888979,0.0008776022622782875,0.000869301644627285,0.0008608626577597533,0.0008522894815996551,0.0008435862097257996,0.0008347568504518676,0.0008258053281338107,0.0008167354835109109,0.0008075510746152759,0.0007982557779087074,0.0007888531887374484,0.0007793468229806422,0.0007697401174482366,0.0007600364308473218,0.0007502390450895291,0.0007403511659163087,0.000730375923808424,0.0007203163752933506,0.0007101755039116142,0.0006999562210125987,0.0006896613670619445,0.0006792937126078868,0.0006688559588496901,0.0006583507391155763,0.0006477806200564373,0.0006371481023279557,0.0006264556219548467,0.000615705550956136,0.0006049001988230884,0.0005940418132013292,0.0005831325814256161,0.000572174631543021,0.0005611700329382074,0.0005501207977545164,0.0005390288819739908,0.0005278961865542442,0.0005167245587358593,0.0005055157927245091,0.0004942716311120421,0.0004829937660701944,0.0004716838400327106,0.0004603434472869594,0.00044897413488342863,0.0004375774036589064,0.00042615470965756685,0.000414707465210995,0.00040323703984768144,0.0003917447617141079,0.00038023191876845885,0.00036869975963327306,0.00035714949478915514,0.0003455822981663914,0.00033399930777022746,0.00032240162715879706,0.00031079032640946025,0.0002991664433125152,0.00028753098445122305,0.0002758849265660501,0.0002642292174073191,0.00025256477744051153,0.00024089250041470223,0.00022921325495417477,0.00021752788552475977,0.00020583721340017291,0.00019414203819678733,0.0001824431386694414,0.00017074127435989794,0.0001590371867337126,0.00014733159997604162,0.0001356252225264143,0.0001239187481587578,0.00011221285694773542,0.00010050821663298848,8.880548341494432e-05,7.710530343274513e-05,6.540831395795976e-05,5.371514475882577e-05,4.2026418839213875e-05,3.0342227717028436e-05,1.8662246759504342e-05,6.985850632190704e-06,-4.687770399414148e-06,-1.6359495248252642e-05,-2.803015649988083e-05,-3.970042473611102e-05
16.834213126116936,14.063924985983817,13.945307525710689,13.43395457931183,9.83247396713034,8.402670164160611,7.198949201212258,5.5105185149215,5.431424909920679,5.484395059711687,5.239060612232379,4.3429945615120005,1.4506053151739025,0.30135333677634435,1.4776554877856825,0.9764183456268256,-1.396125488166149,-2.3792147011068323,-1.021156190316674,-2.4191224588478235,-0.7116577362436942,4.052256271483429,3.3679259095923157,1.7474112685064824,0.9928416819352606,0.3287706252530711,1.2495573827530961,1.5288885984295462,0.8230191506959272,1.5121417533582644,1.2626428855767244,0.4771759651411003,1.3878010218581949,3.9848483014889666,4.766185752811396,3.7211054866655218,4.766602994694722,6.462129451119324,6.619760065218088,5.420160708650656,5.720144052038222,3.5749169993763417,-0.28581460563503924,-0.11733062834997554,0.7385135263012899,1.8263992594928595,3.0900557501103094,1.4139468576803438,1.1581220702244082,2.8292066621033882,2.5890992293662975,2.482113856625972,3.8473336566946728,5.9140697656577,6.747326294242157,6.927335033252348,7.943018505010002,9.423984574259748,7.547264627850495,8.45058246960798,12.538232193552915,10.10906881622634,7.434083551517915,7.891902100457173,9.446507086680867,10.012960666901336,9.501746416461174,8.51753025901644,7.699065302814006,7.934981734035432,8.125902377158923,8.251764448711413,10.596947712004294,10.731567189157033,10.16625808282862,12.34689622173994,10.259700656267341,13.336934123972355,20.07720355129021,13.244586943072363,7.705394183168494,7.746282952063552,7.961466312046582,8.248836970700381,8.372802952742063,6.9760978740209225,4.348640792402989,5.8778232126753664,5.161058177417829,1.1150330437711204,3.7170730805048606,5.139297146057288,3.6603911099717834,2.2715952595026465,-0.46608730054140324,-0.653305303839204,1.8198989368349885,2.759046217054731,1.8324196015752818,0.7350047601069036,0.6020642787276529,1.047162671967726,1.8912923726666122,1.6998304745727069,0.7227547123828231,2.1595970941709766,1.6922809131571057,-0.284258058086607,0.1465832642533087,0.6234566765829186,2.2820232379929166,3.525644140541658,0.4077047621465226,-1.7204362390252754,0.5565445981712855,4.562862278919965,4.192555971499701,2.851322102746508,2.8498859771164007,4.134348590496302,6.6874317475338785,6.757420804286085,5.072458846504105,5.547700002946726,6.741730512314803,7.3192151601017486,6.478631534189844,4.793151314759143,5.951485084907176,6.811349296073217,4.597891445173218,2.675052293300041,2.8340182355083243,3.3580408290342803,2.6669069922435256,2.5782914912913384,2.938250173299025,3.1999553267769443,3.5600481846922776,4.902791730328545,6.4196995675278,7.494606587195335,7.770868522642445,5.93810500615723,4.6783054984096,6.346859745165261,9.332360149359488,8.7555151784602,7.84323353857485,8.017918665727507,4.865547430368679,3.405750686314377,5.063432238325049,6.906378851367663,6.3945886981287,6.86739275674995,7.714780545602707,6.598713552568142,5.242920072175139,6.711948051580862,8.28451727693141,6.816312195209889,6.316641913228409,4.3934476686685,3.0612862784843173,5.56817359294223,6.073502109304286,5.346710154734183,7.070809667795743,10.953165079725636,9.59695310296047,8.706057362432944,9.940537281192746,8.63940648980872,8.970412976359057,9.595017243887241,10.088497257770314,11.802497211384207,10.075842906442176,7.769148515188931,8.203842631972975,9.986814500008677,10.42172988587663,10.156369768413015,9.131849045218587,6.302037945913412,5.736772583807806,7.167143324820927,7.416952363537803,5.651004595798895,7.703781910123553,10.290625004931144,9.720990019200372,8.062205598003175,6.559333789312973,8.16190360831979,9.901901910374136,5.921361121354835,5.888130548044273,8.4491238464949,10.14065838082115,12.026089244444165,10.81916114171895,8.278173238454201,7.181809360730085,7.782202213840947,9.343324605212615,8.431638798425979,5.907002118822902,6.036802786863063,5.948596889336727,7.032818327322957,8.217131852353305,6.400514989240037,6.334605573895033,7.632979278740777,7.916718466958173,6.729084914211512,6.111996831055535,6.997203298105433,8.038803858995607,7.727445209202415,7.5695203106347435,8.63813277823806,9.901343966099375,10.177922372305261,10.262587653245191,7.64738510767279,6.348162719020365,8.23794544035718,5.212157492279857,6.547630962996436,9.1411925366873,8.592365996675198,12.38788124341454,10.47345169312257,7.514027804478474,10.61779629350417,13.547667245912521,9.433920291105323,5.962192590436871,6.609319092338183,4.779563348239435,4.056509537702254,5.8482042529561795,7.97223957901781,7.96031834420819,7.1277729507181675,8.536761176581876,9.755970848775178,8.874108471847194,11.922079281781862,12.923280302933335,10.553939398698049,9.435107358894015,12.047330988257954,14.239991597234848,15.208904838411172,15.162641288030954,13.535355938947532,13.794588498218786,14.285990112335867,13.311997657705888,12.345090527449543,12.595417681925483,10.03039003057711,9.794602281899643,14.837762887443319,12.720052952110336,13.18854174546425,14.691713280688646,12.544322224768848,11.882227732550518,10.046365829446813,9.256455532336076,9.641760751897209,8.42352445363258,9.455740103711946,10.592583431421644,10.349178927505136,9.858569945322188,9.474685033783999,8.290404392663277,7.90458871957685,6.921957258101202,1.695458441822666,0.42758835197537337,1.457988896341476,3.061665709475392,6.464552014507717,7.5483424471522085,7.4371016021364085,7.5158796474783,7.467089288735906,6.441221093160493,4.09499046723181,2.813200552213175,3.1456931423695096,3.535925473301404,5.181199680884106,2.964730633337581,-0.1247985692380098,0.20244233772154985,-1.8614934660259905,-2.43491659049846,-1.3936265411475688,-1.183772252906465,-0.6252071255253213,4.709480578560601,4.968717087247569,2.0570927082645767,2.5920268423126345,-0.5229895382724408,-1.76892616957673,0.6902689914727489,2.3003456760997096,0.10403840978176504,0.5380634215555347,3.282362027710519,4.363188967292899,2.493016912830626,1.3368937841274828,3.3200601227782727,4.579853504658217,3.6039529705110454,3.321809564032378,3.840913519304763,6.273637550728381,7.2095268401765225,6.536831996844626,9.290165213663727,8.235461272069301,6.799908907292547,6.8616237653941425,6.471816515567639,7.493891965064222,5.377252809108654,4.489941130256398,7.490892028024405,8.921181266216422,6.960982980641461,3.808414750927568,3.7615690465420357,6.393806510798299,6.324385848353131,6.642841003388639,7.40245040483569,9.681882442340907,11.907827226243512,7.35365358619481,6.260624668875607,8.979683061382502,8.523696994281067,4.07948399548161,4.4042953108355505,5.619212344654329,4.139810689724072,3.513013033161201,7.359472116850384,8.013219237625094,8.733516889965017,11.698144833434299,13.944134883933089,12.830844347703191,10.321510972509714,8.98825794178424,9.962289438056473,10.947318510655691,9.13674227127592,11.027850779848563,10.605115799817327,6.978191097311424,6.811905159196385,9.144498860457247,9.538748527701046,9.266719123865869,9.470225634577218,9.113408778945768,9.370003055621737,10.341720567539824,9.725426289227812,7.821804961822181,7.126425607824558,6.926421408960891,7.812696806971189,8.822993929860104,9.719724534518264,9.908793147880715,6.180380668660746,5.398580578910128,8.390376367643626,10.949364753548593,10.945862807680669,10.016299787409139,9.327987644580617,8.779011255191108,7.980711398376457,7.091608151152968,6.764727628402056,7.579059591314376,8.962348007418882,7.751881984777015,4.230201200059355,5.891453441466524,6.223682558554174,4.754238452358152,3.4633512609203194,2.8341498167812347,4.61294619989593,6.2757274997737795,6.7851136454104335,4.858148987056779,2.835717528483883,6.40318520952286,5.895789512604949,3.460962104061821,4.8261206329117385,8.236687773170502,7.199072044367085,3.8147128806423893,5.568990646620989,8.423115403581392,6.53400588441832,4.453324852761966,5.32505009267004,4.286170417477365,3.007640172466779,3.039350041882244,2.2317275185788503,3.439807945773339,4.293864480619334,6.725653090586661,7.778013298133601,3.8763523125281267,2.1883251003933424,3.4176275004828085,3.7493699276394636,2.998453714709285,3.8404670754606514,5.3383575429574535,2.829913574810462,1.5153193350293463,1.880677894085295,2.2743053056834697,2.904228128820421,1.4344358298283169,-0.44550868491512574,-0.452048511850478,2.177778297883151,4.7133468598329955,3.6101282631749996,3.2540740827814716,4.535499546183701,4.191307690271401,3.0054592038528654,4.435681446449394,4.500004211411692,3.5752825321156934,1.7313336384216882,0.6584578010989617,1.7865791412210683,2.7535379737814765,2.0402835659750735,1.3765442065177922,3.2561471011913454,5.167731329841672,3.792806740449919,3.3396160626617757,2.85096585582653,3.028170646112926,3.8164106413903482,1.8949050533517493,-2.6810591727166866,-0.579614470472336,0.49609908922570867,-0.0022371524702293755,1.5789013577010564,3.6929354353828217,3.6150325645000976,5.655699215152822,6.783156339688162,5.781237117851788,4.613034304980374,4.167238222817673,4.547199376335584,8.027654572532242,5.996835036732591,3.850203857511815,5.4380575081365805,4.000798278024945,5.243305451851825,6.169316556790363,5.785437248027392,5.064245464208739,5.7283796005928025,7.660114997185474,6.730282329357806,7.05119710217275,6.163274733602066,5.150783696263829,5.524261377698622,4.41927516794658,5.105882871418771,5.522293706067728,3.1657068577729888,1.5612750617474376,1.5818375042114212,-0.05287347419573507,2.206067424216144,3.484337729569006,0.3526831107529915,-0.10231248872850074,3.080202417484429,1.6373559634112098,0.9305740707538916,1.2876216088073988,0.6833885979497154,0.9355078497188742,1.9159028787981924,1.5610723016329757,2.739094132921707,0.5650860261775961,1.0182095504576978,1.8376665015131266,0.48162219632138203,0.2910847856713872,-0.15429016687289732,0.18850126181615678,-0.5115589151614017,1.5531526538661637,2.0593744924259454,-2.3117299824423867,-1.798827881901957,-0.41238349934843654,-2.4270339936098253,-1.7061575581049055,-0.2460429289283752,-0.9743584355902613,1.0365461903338655,2.670599173963865,0.4084388418431786,-0.4373570492790577,-0.7457085862321264,-1.2195671705414952,0.37269349128217755,1.5022137195682035,1.4334382407362227,-0.37921644518780795,0.14073633097871152,1.5299310356296019,1.2280477753822652,1.6071395507358375,2.3414137804003303,3.0635738161219024,3.3679011446457707,2.49427631159449,1.520470150800179,1.404288647058138,0.6952734729604231,-0.39776259909547207,-0.024191680692524642,-0.8154681272046673,-2.324127597476604,-1.9951842494843959,0.04888053328431852,2.688656877478536,5.609178264234174,2.520441284727667,2.0412554457804504,2.111230783419728,-0.3580074895936036,0.3281551303314245,2.176928243794123,3.515772883422244,4.864410606338197,2.441781368087277,1.2464572061331864,2.718172023136333,1.6749249779710453,1.3882977213660865,0.22026480296432283,-0.4249630382963687,-2.172563513239197,-0.6625416685219534,2.0533757935140784,0.6985236613303414,1.7732445746917733,3.083545166010822,4.107978277094446,5.495201421863726,5.1249508050045165,7.729195968401427,11.548939144568749,6.016130279429376,5.5943343749496535,9.879104356873768,10.672169349324804,10.437519451406388,12.029768695005032,12.579012245989873,12.135571118034363,14.547586111832516,17.089374793036882,16.21280454207306,17.228841372225645,20.20162350362415,21.151403156170204,23.743022814759115,28.870631931177627,24.137026264550343,26.85666860881406,28.120539119593616,26.10503396801846,27.146733280742637,30.244781712588747,32.34946256112744,34.677138863123616,34.470690195786005,36.8454597096254,36.55069824089594,37.28365098818074,38.573377121946464,37.60145893976323,38.46082131741059,38.154999384193786,36.596521005367435,38.875766675998705,35.831190624080705,34.8517192642488,35.10612161942538,33.55234779767352,36.25738370308494,34.835331025141386,36.9416391459456,32.779575008989184,32.80322583820919,34.23855668310091,32.292486344087195,32.46184718992254,33.66268833081597,30.239522427666884,29.54750940987128,26.199740753185324,24.953439500098852,25.496856346565096,25.894612784209016,24.97322961043875,22.6643580898417,23.140796892026174,26.341058972899077,23.305766790693724,21.801187142193726,23.24391408344991,24.319002625159897,22.308307211442525,19.976681563500847,20.300708128738336,19.47440510103081,17.996933907855293,16.973502613232654,17.43735703227162,16.876209056168136,16.828550082382662,15.81037836567657,14.122541552174994,15.116697474543287,14.420656117646104,12.772791140224967,15.090155178877922,13.373722932767464,10.5807664201659,11.62384807001979,10.690340044215077,7.0526963500652755,7.357759574287343,8.463461686219603,6.692669222158429,5.901847725569837,5.378950107762421,6.243929422282122,5.838875635951354,4.688922524793838,4.351826571961169,4.327635051478353,4.545441433047017,3.568585579777505,2.1721378572668755,4.378757385582276,2.2974678136705506,2.1005858096341967,2.746133378235413,2.071374257536945,1.1731544305196167,0.7889446730270038,2.403865790071279,3.294511896441918,0.7187085559952493,-1.1886743191294045,-1.2031367617105388,-0.020851851103998342,-0.8269333923302042,-0.41263512069537,1.898052053806964,1.9506054175990357,0.9618094403446094,0.9578661212563588,0.2620659864132904,0.7878789094669401,2.152906817940618,4.075276462913337,3.6463748782203425,1.2001729186849843,3.31496480496196,5.396833944329273,2.5026507660843436,2.491836429372256,3.7675740501044857,3.407240830946421,2.777215062649816,0.722115662039414,3.764753406890179,3.338583534015754,0.8870096342230909,1.5941576207109165,5.170703610945566,6.114371902821688,3.8779644021636273,5.333319268592959,4.599863385262836,5.536799713322694,4.716831730498029,3.9599462963815313,5.611581459038575,7.773522526790373,7.722206346409166,9.007048723643493,9.049168793583476,6.27591037655219,6.77208709108038,6.704665248420895,5.040720345898649,6.7229436654505434,5.509211531816163,6.278035583769224,6.053678862286915,6.145895723902754,6.32922263462558,7.777792613844042,7.594510020680502,5.6107025087437705,6.337598095238491,9.078355388642876,9.888665322659676,7.028380520812391,11.161130693929977,8.670790211331223,7.055764796925303,4.104071123948529,5.324275697169924,4.184020538686013,4.423041864728134,4.293557162578736,3.3222280572945806,3.8399454809044755,2.878192074230242,3.5260367640211143,4.507954683347577,4.873005573614023,5.831930854335553,4.754468039758194,5.420449275778765,6.864436457456463,4.612171357727561,3.471774213475328,5.10118779841298,4.657377976575958,1.3046953557876009,2.2114573632893553,4.734488375931562,3.2585666509811517,3.3360114761625255,3.563850065296492,3.040085861102739,3.69399026046284,2.7070316218745347,3.58596479967116,4.25044720951405,8.444965010030728,12.402651395741259,6.18503837487259,1.4481086196832962,1.2546129827562709,1.8330431386606278,1.0811106072068242,0.3434871741201846,1.2206428568584329,1.343961945171543,1.448649407526318,1.3240787791652906,0.8329266731221878,1.614908144241781,0.16267395509157723,0.34411884737357923,-1.4529039573837395,-1.5471757935483765,0.2656076773236009,-1.992118654908495,-1.4116284230400993,-0.09769482500104232,1.587140933978219,0.5497477955334489,-3.6156885628821556,-2.412791356680941,-0.4246462969741174,-0.08804445628516078,0.8307595234230689,-0.9939363703595632,0.11234887224952672,0.7368563452435524,-0.50991847408784,2.030707073718702,2.2740430107726297,2.299553208847101,1.242792620904595,1.0953950715149858,3.2833204328436523,4.207870264391772,-0.2443331577500203,0.6072162990660672,0.14493148326084793,2.2488448114398807,0.9357379532935397,-0.07948752918457558,2.391153328519067,2.528993445813512,1.343887231507665,3.3939371325272987,6.665254494612441,4.89965711121863,4.519290478416735,5.752909709733444,4.314346371063607,7.669048884651602,7.955744049900659,6.788926942278181,6.760112105348867,6.66128337448788,6.174438557496842,4.385871671049017,8.385507706170586,8.13161838326954,8.943772191624817,7.735103701885066,8.383376717274473,9.672970478444483,8.587878866224514,9.25299445234998,13.786861293518484,11.199044249643748,9.930045522656542,10.928331282473891,13.223085700148943,11.986466707417208,13.15454692933082,14.0910100969827,16.585960745151738,14.143064011234628,14.495811254891294,12.243506630459706,13.7795507430871,14.315000444273608,13.655698805220027,15.13989713359615,12.280070225017255,12.464515335718488,14.64100725369343,14.842463563453123,15.229638520173296,16.47482053931452,16.300162236030133,18.045673464709807,18.893678123555276,15.536233413622767,15.682087761835078,15.062723637194892,15.825088249089731,16.26743345297865,17.72014453157749,18.818689369374283,18.95372206712409,21.709345771447204,21.713759633982534,19.930548819027877,20.026909600755516,21.448356572782473,20.605093488144405,22.059207941369095,18.206891911787864,18.62689132515476,20.368348235753388,20.195948489475143,19.436997965689102,20.35742967456008,23.32205163567818,20.678457918827974,19.56186843541684,19.43965434931897,20.064066460018694,21.1677918554567,19.544031974588734,21.064355280216546,19.210588290504347,17.903489743352566,17.509617236852876,18.44282882484174,14.814460058240797,16.993870766735597,17.988724962628282,18.999281394380716,19.032346083847926,17.354458260378635,17.603706763758908,20.89605345418829,19.37260491587068,19.175259100435937,19.531910557409503,21.278575698088048,21.03804266221755,17.20735893629609,16.129858965517258,16.271189927463865,18.113659984389074,15.578754138223871,13.86505518890823,13.782869232022335,12.939162353593929,15.311046966442007,16.702752109391213,13.56340275109892,13.5403948950256,15.347620991025678,15.29137936147663,13.395374020556403,11.550983234554849,12.873643988818344,13.301423949532364,12.853627288486734,13.12112056803204,12.508917014374902,11.26812839512553,8.133477287549397,9.137170493661529,6.553448914238686,5.7854282687623595,5.076036853791152,5.706501947887546,6.224560331776161,2.6175539284219553,4.002706850833988,2.717610381906411,2.858186703090837,3.3098169525935646,2.995296533583428,2.3131285260600976,3.7976799683059426,2.263713175103078,2.641010833418818,4.478160335489747,2.011553985232581,3.4892718711698762,1.2472845056688584,1.6179609779507587,1.2157747446958638,0.5447865031320589,-0.32420122773072535,0.319506594763709,-0.42072209940192806,-1.2576815215704755,-1.2966788077798697,0.09334999955723333,-0.3144589786797951,-2.231588771571637,-0.9199953692736926,-0.6077686750720659,0.8973596367952155,0.11841342071869576,0.44996795502481746,3.9151385452613,1.99535344026026,2.3652778020273786,1.2592384582675322,1.1796894415639372,0.48394305701350504,1.9512780444787268,2.4645497555839597,0.8004732101067589,1.216842282932646,-0.3763580689912942,0.40537481186373725,0.19956854920599199,0.301465569955667,-0.34851959978306013,0.4128974089948656,1.0658073941534667,3.337707118126957,1.6867756098152427,0.13894058778549834,0.39115010973938524,-0.06582453832771762,0.6659534178081685,-0.22987302955982614,1.0488998362819189,0.9400676073992713,-0.8435498149696059,1.5538422299226227,1.4421483164665574,1.4480453246055163,1.4644758592091307,-0.3634050952434791,1.2015830561149698,1.872698724612178,1.8760938781755954,1.938179696876574,3.1738101663414113,1.290719327401689,0.8939492531174267,0.4645794851329015,0.32118337218187776,2.0267342409542835,0.452890688756014,0.453748244008608,0.3697915500007696,0.9434522261307734,1.6512774554038288,0.9851341506983431,2.520598776562082,0.9876971619200106,0.2720792732855557,1.5941117752776393,3.4742406510099784,3.217030376529266,1.325180456434481,2.829130552137201,1.3211030294451405,1.7116793462527653,3.3137693195553197,3.0741784692035026,1.8815454797648101,2.020748962763946,1.3407542556334988,1.8076529585749483,3.169457924433061,1.9650448623967236,0.9422277633418332,3.0225722526944026,3.123508729821822,2.6391671209358094,3.087730994975317,2.4568355612594246,3.0422822242404095,2.1612497061635736,3.1791189396943764,2.671017955826386,2.141395756703872,2.2699482697520352,1.9081699143111734,0.7306139647580778,0.28359864137115665,1.4228598159768637,3.2812024238387494,2.2540045001217095,1.6545819842923493,3.3325817671746734,3.7987528690562726,3.9893200511853024,3.591621586536263,5.303066149932789,5.153551070708318,3.7812647738660985,3.9141015899528497,4.262743557326246,5.192016610043055,5.148884317409426,1.6827267217170458,2.3685886335725,2.324437668942437,1.7324044149424083,2.647482995775647,2.817446903420233,3.379519438348467,4.9989845323735835,4.379501633849287,3.801191483222823,3.3882142999837015,2.277318424478551,2.4343991970999923,1.3049812471103337,3.3612613236131494,1.639980722948394,3.8342066992751143,0.5194678906058812,3.516608103290423,-0.18995468951837324,2.532741445195029,2.0017881286147485,0.16493773939299672,0.5718864257296445,-0.4908685332081575,2.468782267175044,3.497899990487582,3.1554321501390064,2.531392804280216,1.1780149338001138,2.6779725506280556,4.94394137994658,2.9628614055081925,3.3769455541711864,0.9288092885390427,2.4533376309816504,1.5152586506363264,1.0761965336113235,1.4946411592156892,2.8762746819512017,1.5136077201368323,1.559532684542205,3.6170150767636358,3.465411844006667,2.9774633608377883,3.8471529414151178,2.7719578648457173,2.6163929893887143,1.6985404009900833,2.931834096808217,2.9209157898894773,1.5425216266593225,0.7556475932876481,0.4538293166139056,3.175377738537776,3.263993159872939,2.6822110131139993,1.9964482402936596,2.4908033999892325,2.6875798071879444,0.9463760600230557,2.0401510835731074,0.6973995969509019,1.2057591816603122,2.754478677590299,-0.4620662428211517,1.8781701055020221,2.1709684508417695,0.6815551344442383,0.04402224725569681,1.753103291559114,0.628955959571158,0.9872822017919134,0.9039615181304725,2.0849239689474643,0.21382169217611136,0.25294736432749687,1.8552369510774156,0.6618923840179605,0.47593486722504963,2.588392130382431,1.3030634620256194,0.9277609533742748,1.7296929276464255,0.037697864307489226,1.1384082593064875,2.723302796229376,0.7536201766566819,1.6577771745656662,2.0714506204071483,1.1766733800263012,1.4940553826309895,1.941316425113314,3.8516577223424804,1.0148842989624995,2.75096742042804,0.8374282995336415,2.6203303544456986,0.2974367486895204,-0.49402123245373275,0.12725199760824069,0.5638810739927607,-0.625953655810406,0.7539362169761432,-0.9154860251711341,2.4088445704359884,1.6980568293677152,1.7782979520324886,0.2191613191305919,2.3647228605833845,0.7976220219937602,1.064937404582011,1.280886201681426,1.109055312143056,1.252536511612277,1.6691822070163767,-0.42273356704123444,1.6349357988238893,0.4438454325544967,1.2220901179357782,1.08551544886069,-0.46686965083860343,0.7126863098997944,0.5287982698310003,1.4872468679257338,-0.3223555226155952,1.2097601830342342,-0.24934461544270903,-0.2301412931489608,1.2326211529925786,2.6561521812156172,0.31143004739010394,1.5039557520247655,0.5755538118485077,1.260275766046135,0.794210144586998,2.0472496727018665,1.395245553329417,1.567694109390203,0.6783230916631737,1.2693345204272362,1.0027652480313805,1.7306239237192358,0.5352352585673543,1.3128657461563193,0.3125192533009198,1.2801248695333527,0.66342439727444,0.8796800797800586,2.3076027633972416,0.5267622763293502,0.6242736872106889,1.4745597512572601,1.9561935518827482,0.5379198390097741,1.4000233891092932,1.4021178433175407,0.9837422398775288,1.0460367341448489,2.0258622082960187,1.1791178310172086,0.3993368457520603,1.676259043071525,0.3075617956831138,0.8898648745864364,2.080754511724024,2.4054773725127916,0.6423011545287238,2.506886503276462,0.6493422422179549,0.4061859407085535,0.22968827699747862,2.717726883344227,0.9364334583949585,0.42653354523406506,1.4827427666425024,0.14638925157592553,0.7729489299345289,2.080431286315388,0.6522098027278673,0.5082193376107114,-0.38796365322062343,1.9972293006569544,-0.193208713125955,1.397574751443642,0.9517743241411836,1.5519369730117774,1.3186573614504766,0.27276040537350354,0.7738083766243165,0.8941931096140934,1.7978743545371856,0.17469067841850006,1.5733214108784068,1.8176533835995485,1.543821500912827,-0.14067263229182458,1.3182819315635754,1.7060521103526298,1.4512160548668476,2.744055236503442,1.1056538990183356,2.2692465854923114,1.190006815354792,1.2606536574777465,1.076405451380623,1.9542745389355929,0.6295623389444103,0.3222578799572773,2.3799212335250104,2.0786631591875135,1.9196536877698094,1.5642646685978008,0.4225860207506855,0.025908068404774554,1.5041081296104721,0.35776817070643574,0.7033833987336777,2.552949168062014,1.1364058615997408,1.6206709934347998,1.889802161768415,1.756113791260276,1.2214609806269152,1.8327273394970405,0.8345350028141922,2.3317010821614303,1.5526616852579664,2.2519909923169905,0.7570436374163307,2.5346965819250045,1.496483083577857,2.164978169345062,0.8079311245074123,1.767428023463168,1.7346339918975673,1.9603186235283871,0.49729143870774806,1.0899167849491391,1.9683797303006827,2.5577810053032124,1.9707440318430827,1.3961630331575066,1.3066882915126428,2.5106785677225503,1.2641815483289065,1.031553842389549,1.7139767311280707,0.7156030417826855,2.1709435539731317,1.7026834142355938,1.914258589609382,0.8353820375101293,1.952778700441229,0.8967052366843689,0.4988303101710301,1.3628142248983863,1.4486595506543551,1.236586616453458,1.9659785092761766,0.7339147256474874,0.623596696842128,2.1077597773254695,1.3461547926504593,0.44624048747675715,1.1777908405009896,1.2401414007856602,1.7417538813526008,0.9391077545099691,1.2981320864569454,1.0246964927925433,-0.27940974089278825,1.018284178629159,0.927929728223603,1.7715908195484076,0.5867128937830444,1.5478032877018109,1.2410018172494404,1.5370855947622104,1.10866190022427,0.47081375102433753,1.770456176487727,1.9180768517294098,-0.2143460940777402,1.0685142754549304,1.2073597909592593,0.8344204965281392,2.1109523470126987,1.4307513444371978,0.7710712265078712,0.38598672433045067,1.689866071005099,0.2750063855937981,1.7093782937090225,0.3834850472712006,0.9956986847822691,0.8841197525384814,0.08094430883841852,0.4296399910489228,0.7767414450441947,1.4142979526893669,1.791863753575825,0.06157244415612695,1.364475746139675,1.0242425625786211,2.4424606664252906,2.2557564855318972,2.1219544762097655,0.2634311763234223,1.1500223231629718,1.5727229904683853,2.0368225705710117,1.6875143207468284,2.6109588544039113,0.8018706933475812,1.228615984273432,2.4876354396861586,1.3664630940529605,1.7628812987513243,1.8661723600651214,0.8574244382635356,2.2342118656409014,1.7999579640665502,2.325947007525457,1.8514093332931338,0.3912201113578533,1.4071861655562827,1.7099950484251565,2.1556737561330124,1.589030089190885,2.1067904252668974,2.7074448991416737,2.6350164244185805,1.6438406780140156,2.3091206117948424,1.6764474257194308,1.7766167854892707,2.7881521554698168,1.7785042820814567,2.3268614564159407,1.4807135647857024,0.7534239790786614,2.2193166927648917,1.2549693471164574,1.6134661668935735,0.22545396498258796,1.9984756789338292,1.076656026120446,1.0406906452836893,1.5729081393986384,0.6613086992656783,1.2284283386189827,1.166476161800034,1.4184462150047352,2.1843343046125803,0.6129008961837314,0.49396611233311205,2.055525215801648,1.0272976630976416,0.5417508130870488,1.7753201225895623,0.892018432604317,1.2006433339666955,1.5751740604879068,-0.15057903629224256,0.9509499596944124,1.0811893866451499,1.2325049113680713,0.7181239089585745,0.5067778579464175,0.7330974417822631,0.8998468381608653,0.27606746469973586,1.2611412252032892,1.309381636494379,0.8302450641351946,1.1750937180915173,0.362686270714903,0.7001666680826588,0.43917116009146184,0.40490617808620755,0.11718107580313131,2.4183053953698845,0.5213009474691717,0.07147651713966852,0.9075612474461252,0.7238388549940282,0.9206972441972994,1.4228582009432067,1.055111702130489,1.0998701104482507,0.28498025338703137,0.8149524379281559,1.0623763187753639,0.21897999605383056,1.6312327508824467,0.7777916858049156,1.3490780758740453,0.9477035556803628,0.5153289642010463,0.44121922502515076,0.5874299282876354,0.34134334882205053,0.8087960636811431,-0.8069203594976369,1.8706022500036568,0.9093694068831155,1.2898286461152395,1.2754550606630612,1.6370421112111728,1.2705519312526388,1.1673806794191801,0.9288363059273763,0.8333716485281855,1.2538198308121196,0.970630508327929,1.2566257240596599,0.6195288521510331,0.6972949983830858,1.1744948071699657,1.8724261862652174,0.5903189022911874,0.99092029585813,0.9667931316375871,0.7439618366836971,0.9614346357196268,1.2881936628368464,-0.6578702381694654,1.2881259496175232,0.36827646031449035,0.6922176660713433,-0.2468501024284233,0.20259002852054664,-0.0906717724253383,0.6406245680582305,0.23233686085097638,0.11600595060954788,-0.37280703179490615,1.310222155466903,0.3861897479312404,-0.3190308137670854,0.6143040353516369,0.5534345718338614,0.41762013005845233,0.5183547913066491,0.6997854500173446,-0.02541154070823559,1.2882899862860295,-0.41910341721279565,1.0757274692999186,0.7391537296859099,0.3397933876585437,0.5202639886577458,0.9777437054598863,1.204036894776948,0.5606806722969679,1.180350224527329,0.8598852250591733,1.4967397771781634,1.2304810115846276,0.6218356535676435,0.47029029987481863,0.605437075890622,1.954417498446901,1.3576172712684524,1.2802969713028745,1.422739584597025,1.3421243696197394,1.0334365720213992,0.310505621629944,0.4205915166215277,1.0989875187995057,1.3433273935622765,1.2673579822920829,1.221346759250368,0.8352708879417055,1.7060635483470037,0.38414904785733484,1.3514719852933847,1.3500448608191675,0.9517350046615425,0.061238133771070125,0.9918831020416974,0.8874511994125669,0.9587082701074223,2.5081339749393408,1.0254546783193925,0.5396392382909596,1.6925623895084794,0.6271983991493641,0.7988163251566789,0.8321855137058378,0.8538748145255397,0.8739769351657847,0.8932523177657572,0.9117656116530668,0.9295336931141662,0.9465695325618526,0.9628860074554382,0.9784959005973519,0.9934118985011935,1.0076465898312676,1.021212463910615,1.0341219092975393,1.0463872124290674,1.05802055632995,1.069034019386379,1.0794395741822598,1.0892490863983255,1.0984743137713338,1.1071269051128922,1.1152183993872313,1.1227602248456492,1.1297636982176584,1.1362400239566455,1.1422002935396733,1.1476554848198646,1.1526164614302274,1.1570939722383287,1.1610986508498513,1.1646410151613225,1.1677314669592533,1.1703802915660617,1.172597657531071,1.1743936163653643,1.1757781023202085,1.176760932207685,1.177351805261651,1.1775603030400532,1.1773958893656697,1.1768679103051056,1.1759855941853345,1.174758051646279,1.173194275729628,1.1713031420009656,1.1690934087066864,1.1665737169627164,1.1637525909755482,1.160638438294228,1.157239550092413,1.1535641014800149,1.1496201518427824,1.1454156452099085,1.1409584106486932,1.1362561626846173,1.1313165017474205,1.1261469146412537,1.1207547750388187,1.115147343998018,1.1093317705013703,1.1033150920166293,1.0971042350784614,1.0907060158900208,1.084127140943906,1.0773742076622455,1.0704537050542058,1.0633720143915184,1.0561354099005484,1.0487500594705352,1.0412220253770954,1.0335572650208746,1.0257616316802682,1.0178408752779546,1.009800643160446,1.0016464808901162,0.993383833049279,0.9850180440556926,0.9765543589888637,0.9679979244263563,0.9593537892903896,0.9506269057033876,0.9418221298524827,0.932944222862119,0.923997851674585,0.9149875899377946,0.9059179188997746,0.8967932283099458,0.8876178173259177,0.8783958954261379,0.8691315833270892,0.8598289139056021,0.8504918331252611,0.8411242009666466,0.8317297923609885,0.8223122981270024,0.8128753259104542,0.8034224011257436,0.7939569679000442,0.7844823900180984,0.7750019518690863,0.7655188593936941,0.7560362410325752,0.7465571486744125,0.7370845586042378,0.7276213724514946,0.7181704181369639,0.7087344508192928,0.6993161538400727,0.6899181396675829,0.6805429508385714,0.6711930608976218,0.6618708753350688,0.6525787325218744,0.6433189046419159,0.6340935986211207,0.6249049570535874,0.615755059123984,0.6066459215264786,0.5975794993795773,0.5885576871375804,0.5795823194963532,0.5706551722961706,0.5617779634189048,0.5529523536808085,0.544179947720238,0.5354622948800909,0.5268008900855818,0.5181971747155103,0.5096525374685541,0.5011683152237367,0.49274579389495443,0.484386209279279,0.4760907478993488,0.4678605478390523,0.4596966995733567,0.4516002467912017,0.4435721872118279,0.4356134733942838,0.42772501354028236,0.41990767229009407,0.4121622715116757,0.40448959108198324,0.3968903696618895,0.3893653054631727,0.3819150570086265,0.37454024388435414,0.36724144748507115,0.3600192117513359,0.3528740438996181,0.3458064151441249,0.3388167614117492,0.33190548404897413,0.3250729505203651,0.31831949510007007,0.31164541955490677,0.3050509938197763,0.29853645666500483,0.29210201635578414,0.28574785130373925,0.27947411071036754,0.2732809152028892,0.2671683574610597,0.26113650283650713,0.2551853899637706,0.24931503136383526,0.24352541403914074,0.23781650006034738,0.23218822714585485,0.22664050923233958,0.22117323703764669,0.21578627861575228,0.2104794799032561,0.2052526652580866,0.20010563799030479,0.1950381808844952,0.19005005671476738,0.1851410087513159,0.1803107612590793,0.17555901998915147,0.1708854726614959,0.1662897894401283,0.16177162340065365,0.15733061098961798,0.15296637247629974,0.1486785123969412,0.14446661999116372,0.1403302696307378,0.1362690212407074,0.1322824207130111,0.1283700003126853,0.12453127907662065,0.12076576320464483,0.1170729464435567,0.11345231046331605,0.10990332522683843,0.10642544935168985,0.10301813046498864,0.0996808055512588,0.09641290129317781,0.09321383440533282,0.09008301196087132,0.08701983171167171,0.08402368240098212,0.08109394407014747,0.0782299883579185,0.07543117879379224,0.0726968710843039,0.07002641339286697,0.06741914661321857,0.06487440463664029,0.062391514612386345,0.05996979720231366,0.0576085668291455,0.05530713191842551,0.053064795134758924,0.05088085361197159,0.04875459917741409,0.04668531857029734,0.04467229365425851,0.042714801624470056,0.04081211520878014,0.0389635028637656,0.037168228964588934,0.035425553990052094,0.03373473470190902,0.03209502431954547,0.030505672688718732,0.028965926445806645,0.02747502917659972,0.026032221570119418,0.024636741568087928,0.02328782450896938,0.021984703267321493,0.02072660838902607,0.01951276822131831,0.018342409038666574,0.017214755164275175,0.016129029086897617,0.015084451573784463,0.014080241779225844,0.013115617348944397,0.012189794520736541,0.011301988220907333,0.010451412156669448,0.009637278904790492,0.008858799997057076,0.008115186001560915,0.007405646600318505,0.006729390663906543,0.006085626322260396,0.005473561032431462,0.004892401642933919,0.00434135445487982,0.0038196252801014907,0.003326419496318067,0.002860942099175645,0.0024223977519568507,0.0020099908314819004,0.001622925472560155,0.001260405608917381,0.0009216350118776973,0.0006058173270844236,0.000312156107725059,3.9848909409556654e-05,-0.0002119098024024879,-0.0004439259568016496,-0.0006570033847879131,-0.0008519415225407556,-0.001029533301760921,-0.0011905632199216143,-0.0013358055819594483,-0.0014660229062712915,-0.001581964486774723,-0.0016843651036992924,-0.001773943875804207,-0.0018514032465475339,-0.0019174280975562397,-0.0019726849814105663,-0.002017821468314196,-0.0020534655988342365,-0.0020802254369698403,-0.002098688717353525,-0.002109422580389264,-0.002112973389415629,-0.002109866624607548,-0.0021006068476197015,-0.0020856777323388087,-0.0020655421567710164,-0.0020406423506926785,-0.0020114000949718047,-0.001978216968154811,-0.0019414746357142576,-0.0019015351790301338,-0.001858741459045632,-0.0018134175113573292,-0.0017658689698976104,-0.0017163835157418816,-0.0016652313478573433,-0.0016126656730648392,-0.001558923212485297,-0.001504224721600167,-0.0014487755226753052,-0.0013927660459671642,-0.0013363723790007498,-0.001279756820736111,-0.0012230684401970393,-0.0011664436366061182,-0.0011100067008840142,-0.0010538703761540091,-0.0009981364163706985,-0.0009428961422770499,-0.000888230993155048,-0.0008342130736878062,-0.0007809056949952264,-0.0007283639095589933,-0.0006766350387579223,-0.0006257591930136641,-0.0005757697838930653,-0.0005266940281956067,-0.00047855344237746067,-0.00043136432867640906,-0.00038513825160180204,-0.00033988250507377415,-0.0002956005700980313,-0.00025229256280567824,-0.0002099556729717733,-0.00016858459275681525,-0.0001281719356143185,-8.870864610344142e-05,-5.018439978243805e-05,-1.2587994035584416e-05,2.4091778698220878e-05,5.986612706010419e-05,9.474625738903342e-05,0.00012874336997015234,0.00016186865570944065,0.0001941332925810002,0.0002255484422732934,0.0002561252468638031,0.0002858748261189703,0.00031480827416885404,0.00034293665672180396,0.0003702710078243854,0.00039682232716131693,0.00042260157769646867,0.0004476196826033174,0.00047188752290594493,0.0004954159348073972,0.0005182157071317306,0.0005402975793344922,0.0005616722388310791,0.0005823503193198576,0.0006023423982242093,0.000621658994560903,0.0006403105672916354,0.0006583075129071858,0.0006756601638073789,0.0006923787866526254,0.000708473580516511,0.0007239546752089154,0.0007388321296275535,0.0007531159302800461,0.0007668159898344129,0.0007799421453000832,0.0007925041573741964,0.0008045117086226128,0.00081597440242831,0.0008269017616271412,0.0008373032273993886,0.0008471881582181595,0.0008565658288262057,0.000865445429326428,0.0008738360639597431,0.0008817467503661192,0.0008891864189308762,0.0008961639116478182,0.0009026879815792199,0.0009087672922305501,0.0009144104164136024,0.0009196258363886045,0.0009244219426136624,0.0009288070336879173,0.0009327893157831113,0.0009363769021604185,0.0009395778128293841,0.0009423999740931777,0.0009448512182927971,0.0009469392834375867,0.0009486718131199723,0.0009500563562596653,0.0009511003669047113,0.0009518112040609594,0.0009521961316636407,0.0009522623183215728,0.0009520168374024252,0.0009514666669758753,0.0009506186899841396,0.0009494796942703942,0.0009480563726071978,0.000946355322838599,0.0009443830478801374,0.0009421459561167467,0.0009396503615732854,0.0009369024841419105,0.0009339084496104988,0.0009306742903163467,0.000927205944861953,0.0009235092589676697,0.000919589985443281,0.000915453784756437,0.0009111062254021363,0.0009065527844995813,0.0009017988479058658,0.0008968497108696738,0.000891710578571292,0.0008863865664920922,0.0008808827008408571,0.0008752039192643224,0.0008693550711598164,0.0008633409183573804,0.0008571661358871552,0.0008508353123772849,0.000844352950650773,0.0008377234686633983,0.0008309511996742458,0.0008240403932404661,0.0008169952155867577,0.0008098197506285487,0.000802518000426744,0.0007950938861540635,0.0007875512486634761,0.0007798938493124297,0.0007721253707302367,0.0007642494173296654,0.0007562695165290734,0.0007481891192355761,0.0007400116006124335,0.00073174026107381,0.0007233783268247862,0.0007149289509698065,0.0007063952140242691,0.0006977801250513949,0.0006890866223159264,0.00068031757447784,0.0006714757811892014,0.0006625639740320821,0.0006535848174564762,0.0006445409097182164,0.00063543478347583,0.0006262689069558292,0.0006170456848622052,0.0006077674593427673,0.0005984365106996847,0.0005890550585263554,0.0005796252624747922,0.0005701492232503824,0.0005606289834645395,0.0005510665287999927,0.0005414637886929086,0.0005318226375550239,0.000522144895484189,0.0005124323293728139,0.0005026866538457853,0.0004929095322836474,0.00048310257781736254,0.00047326735415254007,0.00046340537650735314,0.0004535181127209853,0.0004436069845041857,0.0004336733677519078,0.00042371859424861213,0.00041374395226512206,0.00040375068772391387,0.00039374000516545493,0.0003837130684587464,0.00037367100210872195,0.0003636148921657423,0.0003535457871066683,0.0003434646991138379,0.0003333726049561392,0.00032327044701219165,0.00031315913426510633,0.0003030395433825106,0.0002929125195123561,0.0002827788776471607,0.00027263940347665994,0.00026249485446783183,0.0002523459608880785,0.0002421934265157688,0.00023203792997605888,0.00022188012567880833,0.00021172064481334019,0.00020156009625793558,0.00019139906760301528,0.00018123812631642977,0.00017107782053926712,0.0001609186802511431,0.0001507612182081175,0.0001406059312500929,0.00013045330081240536,0.00012030379457428353,0.0001101578669704395,0.0001000159605268891,8.987850685571175e-05,7.974592745085829e-05,6.961863462606743e-05,5.949703299279463e-05,4.938151988653772e-05,3.927248684476581e-05,2.9169836324172138e-05,1.9073081887199805e-05,8.981448416989224e-06,-1.1060280087349383e-06,-1.1190400414307078e-05,-2.1272710711173204e-05,-3.135389019348622e-05,-4.143465943684532e-05
23.63368779226903,22.09252365190264,19.182216523167085,17.14586486078565,17.12158473250895,13.606865491501821,10.029919876426789,7.882802038697264,5.147555361109653,4.848214625680157,6.318689587950416,6.244757194422618,2.9785755956667117,1.182116770902212,1.4436219327404842,-0.44175864473015736,-1.4101980739725377,-1.1110608948189338,-1.4085414361411495,-2.324598906214078,-1.0054461468777163,0.7131518182441141,-1.7629218969605063,-0.27528180851368234,2.5267967978334127,0.7040022991192245,-0.1075987623283936,-0.1482216528634126,-0.3354487376742554,0.27117131200782296,-0.06649572129401804,0.5854740232953191,3.642267271990022,4.536709852612603,4.619534943603185,4.367634937699336,1.968656160216824,1.3278348317387554,2.727054925201287,3.289020593257419,1.257773606479077,-0.09780328486931467,0.16909002416741714,-0.2437688307023791,0.21607306228884227,1.1245695633764399,1.4415856440010657,1.943026202209012,2.6179917926692724,2.4561320921542347,1.365004230480963,2.994352591853385,4.678735877099939,4.448696374332599,6.154722192852319,7.749779024433906,7.504947179755163,6.872214397640732,9.316995400795804,10.961808716891255,10.569125555180449,12.656237806079162,12.014789330434951,9.211386102378128,8.796824789091374,10.502809339743862,11.21271518710364,10.256999233188708,9.82701813765243,9.617362397728812,9.712208930294537,10.237420702208283,10.674389494264233,11.404164266639782,12.25951410347966,12.37386612820012,11.198395261703126,9.62452176953525,8.076806887247699,6.263624364501538,6.221228002652651,6.636139531381673,6.590693046527804,9.245346980316754,9.552368187935372,6.915255510192537,6.303180660785301,7.715954310322672,7.053288842845632,3.7275911832998645,3.526267551301771,9.083342446052484,10.3792145258451,2.5961858375131897,2.3478318040317845,4.689377979382016,3.5848021241678225,0.8163188347435835,-0.539179916642297,0.8466626043771157,2.990318821611936,2.301205410144121,0.6139096444608185,0.7709531392415556,2.922840846212125,3.6509858431279554,3.392574841241867,1.8346721163951543,-0.08272870732787396,3.722821865377341,4.42276340664182,-0.21130619227915304,-0.8991835253755198,-0.6191469814248194,0.9632780933378626,4.021195529107217,4.500047926937896,2.9990250443588593,2.710211696706665,4.6201259931656296,4.854018682055084,5.337188877806966,6.9120494672638415,8.137809678549388,9.208748849363928,8.0006640583141,6.651314353756675,9.337520483982189,8.326129387618266,6.356887460165694,6.354598858262079,3.4095334114502975,0.972250841156665,0.5826659966046464,1.4951711688554497,3.399095114140664,3.426332357144247,3.0182863599836764,5.316128308550333,8.147552524406478,9.522503774064717,10.089170638188648,10.73579201472262,8.506550616912591,9.157359041456743,12.871436163304224,12.234099551043414,10.658912556431574,9.11790898750337,7.86962060984024,8.285005035044605,7.801974654163587,8.168804799275108,10.167522463665705,9.830947280772875,9.629886148531796,7.991138634126855,5.64045353706706,10.204823974934015,10.560876290327087,7.879669399113254,10.473374442321756,12.525926909733471,7.826668958636219,2.8099610249744273,4.987189129213789,4.124743893636264,5.371339660554668,9.618915457463686,10.804270614568168,10.931708382993634,11.25144157797024,11.391184362963031,11.195751827074218,12.464486728881297,12.545986078480723,12.4770170262384,14.519443124172085,9.613776578941952,6.632046699951047,10.335991307881045,12.52378554849065,12.233593768313995,10.453591268537593,8.376786111364027,7.2945129503552835,8.586301402175764,10.802639826694985,11.092282326715122,8.588356924773962,7.537271784181826,6.515573369569211,5.932021747308454,8.682314808776937,7.004435008399923,4.960521647214932,6.608318794566458,8.018143265933759,8.176815122214634,7.835374813898966,8.229481114419968,9.917667990236168,11.572848467669928,10.590529796120563,8.298591114578358,8.574776225636697,8.474806617655076,10.059590909796839,12.392783455776453,10.745618169755062,8.480209074272352,7.381459644650249,5.541401414439633,2.433290764982985,5.109668191451419,5.687405000374838,3.055466713878104,5.317478929877552,8.97294096417977,7.559681678969014,3.2603044297602537,2.514980175475216,2.8164308185366735,3.4037769356505123,5.486292630473486,9.07452119753475,10.609120128827726,8.327376868269084,7.275354654332432,10.508149095878139,11.120222750012886,10.103437025372045,8.747992062318872,7.696748123685325,8.33420278109827,9.363822563072063,8.111326582670017,6.882474520478809,10.278130226421808,8.22764807311205,4.70701226472454,4.800299444388315,5.429537444687639,6.3343195361455855,5.157009442425306,3.6298140037577014,5.41127011107892,6.855654038438161,7.141765444538009,7.413918439234749,8.921162746332811,11.808970688088948,14.091405003237128,14.328608792583395,14.057530388417945,17.016471670639135,22.092536824329727,23.35507930948802,21.2831183456085,22.85963810183398,22.898187025245534,21.83078051524126,20.032913126713538,16.693248618195526,16.32405714336653,16.90440406158109,16.407005443538196,15.74750779840258,16.73981038917009,19.38061119705435,20.301250083975674,19.090401399574944,19.4459903930549,16.945579076453896,13.047159646117052,11.850751412425439,12.907055974794503,10.171131657720593,9.61512533874452,13.11340455798154,14.168936968253092,8.686605414946712,7.4077781429621155,9.829987079319267,9.355792707135492,6.0714703468418065,4.321778270008508,3.981503437933725,5.984331305519504,9.562469878735783,6.046087990900787,5.275302249554898,7.7226749466919955,7.296803003025502,5.917818211533358,3.7487105222312493,4.582230035540761,5.629461437949772,1.775378117879427,3.7344206742421875,3.269979723725328,-0.5216687482386533,-0.1875596300893676,2.9245571394095577,2.781813849428545,2.0476315591827188,2.5874574168933577,2.0349878777374215,4.559624704552448,2.345112718395967,-1.4212636765739717,0.7071180681950864,1.9293970131728884,1.7640480856168779,1.3183521721887246,0.612920061270529,-0.6684295827783444,-1.5244953443904024,-2.751310401482897,-1.7114211597815938,1.1520257715548041,-0.8616065977821563,-0.4455701193966206,4.04838358423126,6.338087379890567,3.198624706094506,3.447436765985003,4.317247645966518,4.58527571660602,6.384818018308806,8.955799550920801,7.495725242213325,5.381054202502355,5.2610719409691455,6.0928637216590005,7.428973266884782,6.9138015998292985,7.949683571090418,9.323780000042007,5.800851008746008,4.340968286885982,4.312650209685444,4.147158858896546,5.310606959224742,7.344729379253749,1.7309577221312793,3.124612016689184,9.146588290537693,6.598629426795128,5.865973487670772,7.852778773949012,6.864203976378917,3.56850514496341,3.1924093229720256,2.2307706382307515,0.7959355751052044,1.8675599651966195,5.357672607388054,6.620196645056012,3.76650097487277,3.6847482650847496,6.4424220963508105,9.076976383979854,11.954111469351346,9.242322196303235,10.961847818731599,12.420829498331386,6.88578132405064,7.712632646660268,6.592578241635238,3.2846221717804838,4.573463641424496,10.159511975652322,9.810314714077776,8.051841231925891,8.371546739796486,9.554065818886102,9.480406724955628,8.951132422422234,10.144368404224338,9.104450205687385,5.143961859419051,3.596543616488134,5.860227303410966,7.21286616439329,8.195679556836922,9.539461312169465,9.979093797719088,11.402351493274182,10.755418525245432,6.712505223558082,5.458563030095775,9.716689688147653,6.749350070928131,4.229347435451473,5.55555858254661,8.307218776826744,9.762110090630813,7.210648042919047,4.2815650475349685,4.743973656632079,7.466534334050948,8.465429041891412,7.911380011224992,10.356639388298731,6.576786164941041,2.461228863722681,7.462912947191626,3.880486756773621,3.536279528227851,4.820979484264626,4.448760822091572,4.854317276349548,4.966604832115536,5.618265512472817,7.302768480562577,8.458833802543381,7.259860990078209,4.884131521446534,5.192055055191645,5.81662376925658,5.523641822378522,5.510431346320388,5.689279740792699,4.416199440400987,3.1874000647285357,4.692633272208013,6.483161633001032,4.977312677693021,5.31320088620987,6.555209771996488,5.675376125770981,5.600020750699969,7.478486343349687,3.873506153566268,1.8327369997527967,2.3012352153060647,2.7288176925367225,2.558098945194274,2.5343665539901394,2.3147120430444375,5.727247190853404,4.763657763192214,1.6804604960796041,5.428812762450207,1.5475182515674533,-0.20599196049909096,0.6121144147562063,2.0458914317214294,3.91222023201135,3.0893220846821805,2.8902933558503037,3.83214855973074,4.896074284790643,3.3552489237822556,-0.8988634873368255,-0.6507025684468317,0.9355402171330525,0.92968863710189,0.1345985921667534,-0.11208407087110572,0.3465613836731336,3.166480238616714,5.033769109307855,2.6728543725721465,0.9695998901391931,4.6625914244224305,5.550351164312815,4.71741157462975,1.8682386471886048,0.4267192887825786,3.8008710787560176,6.399138799875118,0.6928941009130085,0.4078414868224627,3.966462737017082,3.466898769813497,1.4049341498509875,3.6506817083602527,3.85440550326598,3.5371578016433887,3.2065017155964597,3.7055102574192915,5.612180435162259,4.833061132418493,5.021404773125369,5.125446208070002,6.601659531993391,6.9703000653728395,3.1363270583640315,5.3490594156544375,8.460171685330579,8.951220693072855,7.218679410731966,4.480125872067674,2.7908449085035727,4.598088676887755,5.5361207737339555,5.6247634177784676,3.904712297582819,2.631262148607334,5.71986356584091,4.306425865521646,0.3148216590888069,1.724953400776485,1.9981077906807059,-0.29688469828533925,3.82012212494908,0.6911548320199472,1.522985706300915,2.9416374503314273,2.7437258760710392,1.9296628880342723,-0.16139476644912065,3.6763476505775543,5.050419873317196,2.040580272243915,2.1299680604460036,4.179957110235023,2.8624069207695584,6.448236631805912,4.5267244718601205,3.4296407004053435,1.738572018773766,0.38263896502144235,2.5991894424089423,-1.168679172347538,-0.7388560905757231,-2.091694539617265,-2.3893031274508303,-2.586616433966583,-3.4909623771416136,2.3636111270811853,2.1325438482864456,2.600791921260452,1.6996735722225367,1.9629847946564496,2.6206273691099113,-1.5099727061051453,1.4928583521356131,3.3683751936547424,5.029355268207951,3.4149428762132175,0.4751460729655719,2.294494056640815,3.1097376575876297,-0.9148212537635345,-0.7989631492058606,1.1019692671353596,0.03707235321417102,-2.0932514908688518,-1.2917370757515982,1.9121681126803196,1.2987217595506308,-0.9925657115459217,-0.12217179985566418,2.1922458803694553,2.0247179360969767,1.689387059757678,3.6841725967789216,1.9220938213056797,2.0712965921908335,2.6247556776401098,0.8801331387298887,1.1350297389045636,2.9505959582830883,0.8766906595749333,3.067786668242661,2.952953890048775,1.7256051856957129,2.2227688432469677,1.8973787399244202,3.8918216556725156,3.087619922885324,2.7323843519617412,1.6551463429767637,0.5900273547979396,1.4410705557781966,2.456069055268017,2.2261385724166303,1.801806201860586,-1.126325500784219,-1.5574124608635884,-0.024046718725571736,-0.3460973768040958,0.13300713021703814,3.4115165987057026,2.9169410656351147,6.623482121358165,6.226776611408468,5.98288552365932,7.298748129555634,6.01526306319181,6.730591412380932,4.039231554035041,7.809057656850541,4.5779263957571175,5.146022766341048,10.113274958739794,7.3589075234887105,4.572996050576762,8.285886390196197,7.538971298520664,11.813156863291624,13.949028594134575,14.26678507717179,15.614150359091468,17.41208924740306,23.28401860148233,23.34694484809006,21.433387222303736,21.406197097162476,23.065418526585745,21.68948697856058,23.667248212188497,31.54898380590396,28.41622297141612,29.353787663973662,30.03530314954685,31.246574375914406,33.57528317013737,34.13376643774461,33.768854797048675,34.97324947642335,33.84072254610692,29.095596778231197,28.942416170231354,26.886442024825897,25.792307750492228,26.705491235032127,26.61531544326624,27.1802901225916,27.543114253404724,31.667956266041983,28.531433008403383,27.46141548581204,29.598577026228895,28.89614924662976,27.583422815851577,27.827673794365865,25.683504585864853,25.042001627679042,22.12621900363274,20.860380168350048,23.128240055238848,22.833815183544516,21.44325354875059,22.796663265302982,21.943012608009553,21.66655809935571,22.742826040181853,19.64143236154746,15.578450681167396,18.174798844018937,20.21057282473464,16.567063069529922,13.21253310121881,10.79957095778434,12.880726734862492,13.508244272351249,12.609183016606721,13.649297352223357,11.165507395064992,12.653289024971514,16.565941712263907,11.500562490059224,11.311265777848803,13.732596973974637,11.592728275339027,12.125226013397764,9.498286707989678,6.134805373462427,7.584690234491177,9.193259058520539,7.573345944369976,6.955765028564429,6.282450295763056,3.9805034920798334,4.3233392119459495,3.480733956430413,3.667996020830742,4.311614992995942,4.326544449444214,4.778433336313583,4.027729971775784,2.157111200064719,1.0298320759229682,3.9868696063509788,3.3106679805222257,3.7460122975164722,3.3841839073784286,1.9129603675833096,1.2908708503121034,0.7637978520754132,2.4785636817032355,4.752339692739042,0.9729757018077407,-1.0341789496995943,1.552196661997641,0.19698838655165218,0.08908094183300364,1.7689215260128321,1.1029460978858197,1.9628394627915213,3.9146832884325704,1.6346664681009315,2.1829496715905634,3.431460983352963,0.6224285625135053,2.104769678176808,5.6798551504859915,2.204719651606297,0.6441853716561354,1.836670471687171,0.11485574364587592,2.0581869325293383,2.8773963929437514,2.1948373674266577,-0.6823227360997635,0.7117136418971768,0.9280169292271694,0.8808166622148974,1.5915810539155473,2.6056429753957673,4.988293634658135,7.448195561172724,7.318766644954621,5.94630244916857,6.9221539574458575,11.153894703319565,11.655481805450222,8.9004659936719,7.629974957270974,8.841971432986156,13.32427335159025,11.98676807215952,8.903648261967646,10.465938885704986,8.099209916134896,6.252833990364138,7.323936841828527,7.005786156805243,8.039683557146532,5.990599397719961,6.694682428643432,10.182721914256376,8.509188090054977,6.50888464591867,8.742383463778424,8.34270450514407,7.1473956658817315,9.530503031023954,7.653181345864596,5.90839592608404,6.371606439232437,6.433701649520572,8.603550641029074,3.4888988075949783,2.791057577229708,6.104953751712628,3.5712291857476544,5.30983420557493,8.6011191709365,3.831574047309857,1.6566088384980162,4.629643419053082,5.638753259584689,6.682120789613066,7.284966449002184,4.638647704716163,6.562389947566089,8.699697889655226,8.602889063409862,4.8637698773800935,5.825397100531063,1.8837444959191316,1.211305019451629,5.8500782745990705,3.9612654038577944,3.596905587763274,4.396958753302556,2.955943793944016,7.646699475960247,6.432823547373005,5.429493802081254,4.71313006648279,5.567060803713616,6.573594718487243,1.7573312185767236,1.3086100211925782,2.432876868984067,3.0545104792080906,2.6848949410683645,-0.4469651120729736,-1.0827989579215682,2.218896089834004,3.075902968465016,2.1447311999936574,2.5070608972893638,1.5103495466390768,1.876993348467522,0.7692382056800398,-3.9797412114389203,-2.1894497528884926,-3.646302332120001,0.06936250046720716,-0.8175819258825072,-0.5481436365179775,0.5876662068046699,-0.6487360119079995,-0.8401112135102267,0.13934323253704406,1.8425622973110194,2.215577861782947,0.2860561441519849,0.21548272113773237,1.2888782971040769,0.9455604298666458,0.06561192921304837,-1.77670114001603,-0.6854269285254304,2.1976537581807065,2.01442778899667,1.3104073013328161,2.573822737016201,1.138577014254622,2.010203653249164,3.37941672440553,2.2707618842182455,2.3079665801465126,3.561016577495252,7.755537059209985,4.6145588579941546,3.5934728708411967,5.230128029382286,4.6716258355890545,7.623752571154569,7.7076382888907915,3.486154222593484,2.517165952482344,2.826769911333372,4.506339379815586,6.986969035608297,6.08793669950694,5.267862755328736,6.48960892145675,6.331698010581476,7.445131434479379,10.148787169022796,7.486151820570967,5.924600140760617,7.1412839646446855,7.407348675440801,7.446148414894708,9.04719869339226,8.47984215756378,11.875297990726153,10.969032575086885,9.350362423683123,9.199636888195755,12.194244180191276,10.30655450142882,11.658472967055559,15.487199071719601,12.830346183284234,14.870789792767823,15.755881647216768,14.139991049567016,14.890254281854027,12.608150694535937,9.121079779905017,10.321594798735418,10.45811357820861,12.558410823503095,15.391684754532946,16.376393809980186,17.429774186233885,17.042974016262235,19.008866984977885,18.208368285886934,16.201132666686533,19.30667023197151,20.72705782559865,19.266177001382516,17.487550795119432,18.524341429269498,19.84872915292806,19.209747831506718,21.77198720687204,23.73607635968159,21.8427422910504,23.62653287067343,24.58882117654923,21.961385638867398,22.080647004325556,20.12128065942045,35.132013737662305,63.48160920222995,34.83216146403856,19.026178507717134,21.718939492881816,23.607042477312007,23.357237155487155,21.365549425635436,22.959735027995862,22.53789058383029,21.107424383271223,21.003928497818038,19.811192351118677,21.651333344552768,20.774213480412413,21.45633444155942,21.5045608236685,17.849778514281127,19.917011875482444,19.428646765630162,20.496166172474204,20.470827752228104,18.746459132973087,16.39483389375465,18.9855875085035,18.001897512838696,16.23238998327406,17.789877428555144,18.62844881036068,18.217724758647307,18.744395573729832,20.355690505635152,19.40360987916938,18.356790167163012,17.519955989976552,17.338272026822438,18.040470540855097,17.288814776245488,15.116598887961345,17.525224432948164,17.688698878366495,16.29216685487046,16.06450291369714,12.864676412413985,16.067890453700613,15.114715506112532,17.104320284932328,17.079994308423693,16.844211175434168,16.38321963228043,15.28397474867063,14.211921166928335,14.103406541995525,13.467805672074746,12.073525148153408,11.328771239828711,9.302027329657903,5.608253938805547,5.526076429717818,8.29484348096861,7.82709047438351,8.136121005272798,5.44883041553436,1.9297047861886085,3.0448653955602936,4.130672586816161,5.645922922074021,3.1415756363218748,3.6620891558149538,4.106902061400547,5.720850516936139,3.5229707150421063,4.174510190316141,4.348648498105888,3.5353372372453578,2.879465315844527,3.3786129388702193,1.4208019178738027,0.4308579257644283,0.9448735832145303,0.18439679007656196,-1.9425622459408487,0.7925938226345579,1.0259827953443619,0.6060637010644996,-0.20159027611492775,-2.2150852119287947,-2.228263711759041,1.6627464194498316,1.2158128252359575,3.6492522016128532,5.066818134731363,0.8401776641767356,0.010156258399092621,0.06756099128398318,-1.5085198142986656,-1.813826943797494,2.7023676091068864,1.2484941337924056,0.9881218095567306,2.511485950613462,1.126808832911081,2.863107158983837,3.0985796475912366,2.186705492900842,0.14798628430048666,2.0055784218042163,2.0269315035180853,2.6329983449591055,1.1534229652010595,4.060640868064979,3.169738809216881,3.8354149546651115,2.561964321412745,2.123945214796265,2.5204640237996045,1.2032026086058067,-0.29223408280466856,1.4107316776190828,3.6362207942482883,0.5633650167093833,0.8490484165533871,2.0783166300886933,2.9354888903594656,0.7109328065625391,1.101692940439591,2.048618714279769,0.9616451335621718,-0.816187532345964,2.4707585460081987,3.063572393568279,3.4176982569521783,3.979852049076726,2.799685132104571,3.9919729819318945,2.604748851127056,0.4220685422797601,2.495199511567364,0.764538811632292,1.1347776791906767,0.09019711825482091,2.8570824138905664,1.2660889593313414,2.7679890496025905,2.6002064644488883,5.031262118925213,1.9076490801753039,5.550499804794924,1.7362383066616758,3.551590778978266,3.5985420303859996,4.299053321007818,4.806927592127977,5.356625314109806,4.0040176094365165,3.4303412758660556,1.9420768513797952,2.425599550456184,3.326488494928469,-0.00498383241455258,1.4037996892705564,4.340916435244708,3.8757851931239315,2.0189559082286905,2.937472278926464,4.893287469657707,3.5008934136157563,3.2398023066181736,3.852770623299193,4.3255354713448355,4.363590653241317,3.047063327984347,3.8688304623509566,3.2804784352086926,3.85392404908913,3.083386024569677,3.870889093319363,2.282855872028506,4.737057467251191,3.263142198662365,4.207499855590697,4.295975467456827,3.032703437853172,2.512699088431077,2.447020528391306,2.776446685001247,2.673537246685356,2.2665095832076645,1.8865379502989867,2.5097243555546243,5.039706628658308,3.7744399752745608,1.5711594926050338,3.4135952617354235,3.1375279878856475,2.1542690407753753,4.400382772269893,2.378412322714013,3.019901246906187,2.6196893705928517,2.4443111638192363,3.8386089401304844,2.76395614071086,2.117089592414942,1.6895212363268968,1.30634739654829,2.6195685251035457,0.892177375023067,1.0799307196067218,1.8977099987962731,1.9434531851652252,0.6204416894457552,1.9809893207981304,1.6321431027057827,2.82313125703746,3.1063739811195035,1.53552715187908,1.9400489479106682,2.9874253483575046,2.2183721188269203,2.2527673238396915,1.1811766722904622,1.6562689192815014,1.1981596012115858,2.6986681904147645,3.2774277601126016,1.9357392044798871,0.8218147110424923,2.1456948870336987,2.6485787047706424,2.680353276493406,2.924462578490278,1.9320718766315395,2.323849928520872,3.220541592500183,2.1531698148388045,1.2442336601815782,2.303289472973603,0.31459134921300347,0.521182217068997,1.022870720322004,0.8889326137199305,0.2537222850754972,2.74983927256568,0.8202926348938604,4.618265716326249,1.9456081609357625,2.783276816984255,3.404952947547798,1.8308995686247158,2.325947226811877,0.8524360512410851,1.1763558407933772,1.3035797319574556,0.48192410296169896,0.2821269546059568,-1.00751394604913,0.8487326115240137,0.5075520261081294,2.326816745401743,0.8782053186918972,0.7662024590683529,0.425645575003216,3.813008961239092,1.7595532469070179,2.3251458575715844,3.834226186396762,0.8086973832896831,1.537811457898954,0.48072695521423725,2.099455659998796,0.9558933421462541,-0.255068832926554,2.060248656756187,0.6885667987814088,1.1543077907268753,1.2363493277197222,1.288611714065695,0.8927830747714438,1.1271792135995895,2.2973039553858996,1.0187348647873478,0.992010214230362,0.007084678174152259,0.6728062644939996,1.5954595037941033,-0.7393986796642764,0.7139081077402807,0.7477676812386562,-0.8268927866179467,0.8306084406166576,-0.004132708513395755,0.19812646206116824,-0.17890964075476745,0.23631737403727016,2.2555074391489995,5.259437001746278,3.196463460202011,-0.3974403462578948,0.6238665589775678,0.13812698756919417,0.04974079328351877,0.7349248326758584,1.0038254006867362,-1.0302954365091068,-0.054789116439678764,1.736106150635493,0.9562123892519878,1.148550669084699,0.7783068811794465,-0.1773703076480615,1.7454840978371635,0.5765869709063622,2.080274150907428,2.107169871678053,-0.4163724708545544,-0.11789373444850071,1.4537741792095176,0.6494129623388005,1.2735089957653543,0.4226781119754719,1.9981777397372582,0.7872897406487454,1.9892449342048764,0.7285059947652996,0.6620900242300252,0.8018800794805259,0.3264232747244762,0.5436459164424292,1.284888890289011,2.05255168233937,-0.18709153292573433,0.33193871909031714,1.6198254253465052,2.0084144424400705,0.0835950440872324,1.208920487733252,0.35150542383112793,1.7625906636800721,0.6927761142883071,1.0885156934167526,1.8575898486698463,1.014079272804338,-0.24646274886178787,0.6608602293002548,-0.11727007018572522,-0.03298790885054359,0.4020643354047593,1.5270746893844773,0.8416544184950681,0.5625090568221225,1.451319335047529,0.7162380955711711,1.3184621640788237,1.8777042248085536,2.5634128531014966,1.4722291245165593,1.0923267562208139,3.0808704070255857,1.6657720019977091,2.3473888368278466,2.6269630503949486,-0.4441078135125167,1.8135108430919615,1.6596862741396023,0.3621285697887231,1.2978616190725916,0.6525564305733269,1.207617525664972,2.205310566520467,0.9488752156447333,1.694195263156061,0.48958146727355256,0.7717797805661633,1.7917374616251465,2.052263264129465,0.2724056917834048,2.289956939549157,1.4999448929220023,1.0652957679716764,2.5541404037224993,1.1818187001497904,1.4385955337481704,3.405151617420387,2.900090188666482,2.181314681580801,3.080626555678407,1.6938956558583413,1.7155709256951752,1.4465922282410872,1.2707544796004981,0.24381900395275125,0.30494696178055847,0.21929588811033796,0.1999374110089036,0.9659856170820831,1.4663595656177506,2.269874154363805,1.9409267149983123,1.5247874601222122,0.9410702803140225,1.0430665870133566,2.211342783001953,1.1388202082588634,1.9189403063360828,1.5815152565128585,2.3920595608228155,0.7307344747690365,1.8076799575196958,2.162297674954658,1.4950761483183612,1.5906177573325806,1.2038311286958674,1.2419532212558693,0.23980723822322147,0.6674045520702236,3.1671503101165115,0.6760891803436948,2.231286876323054,1.8390168076887505,1.4652308108484817,1.0974335778588227,1.5642322543511398,1.7265291032641699,2.573125401035412,0.1925155497895048,2.147818328127613,1.319397978797781,2.1268641352348965,6.504482365828494,9.933614278722956,5.679975995188727,1.8222022598341,1.2862554353047244,0.4703877410887003,5.129578868145927,9.095575428171117,4.08738395691266,1.211362070307473,2.0700446488939406,1.2563953766348916,1.1029445334670527,0.39956251416595023,1.9782758226951955,1.0554340431791616,1.15343590883856,1.7060570004755462,0.7062692557165064,1.0714943622365354,1.4173389041249038,2.1288261674034175,0.29816313425056507,0.2997869511594331,-0.25797091704850317,1.5616282520669031,1.2686327722113333,1.0535259815920384,0.24777848779286415,1.145266951492836,1.1721464509756743,0.9043102617660637,0.949923881041002,1.786854101044753,1.323475278941089,-0.12144564556092519,1.9579995533570198,1.3452319005049844,0.958296706093904,1.0719133401473755,0.8699197292031045,2.0881060546679464,0.7351353357614201,1.887118045245984,0.19676751816143678,0.5911346693905557,0.28261737900232475,1.1610045201986736,0.6856383131639063,0.7383843605169318,0.8944141655512681,1.8687497741768198,1.1652086140534834,1.707876938417428,1.0433384425776921,1.2595088959287182,2.1625580528865385,-0.022540289382504852,1.2511478992509524,1.8895504023383864,1.480136321187615,0.010944483922855852,1.1608438013677187,1.2357593050773517,2.7165808153077364,1.0073089906530939,1.4797100261547484,1.207736600595922,1.4479508028941268,1.3120362137420898,1.713991027338352,0.5810274180055899,1.5221544162554324,2.0117717720845647,1.058069671653186,2.3619146441337264,0.9508752308114481,1.8811299662726242,0.6911456506112472,1.8973742778887868,1.4901180232961337,0.728782876193236,1.0358148380607304,1.9266659715343124,1.3101293001208774,2.91831995080355,2.0862848958709606,1.2936745450277272,1.4801915895841944,2.148618425467987,2.4463295857436265,1.0465821095611432,1.5290391940254224,2.005239541934543,0.9080603567469439,1.8787564795321714,0.23543584048513821,1.9969202932533108,1.2656193144251802,1.4239638483775252,1.485215477696098,1.3831564250402835,1.3115804375219646,1.5383015096790622,0.8466173610927967,0.48267994289022553,0.8822353903354951,2.886776250385651,0.42620822029960337,0.234853365152901,1.6584762733180582,-0.0825189792093397,1.311579073871087,0.31099586887393116,1.8866757813901813,-0.25694303915707906,1.025218771186129,0.22356286803471903,1.9109931695937803,0.2873323644365655,0.3718094594366903,0.8605218714548073,0.5431930025097778,0.4559813339733978,0.7619450121365503,0.528856722042633,1.1671118294983671,-0.057492359777143065,0.7533524821395226,0.16877167385518987,0.8993813949209652,0.7921751426051138,0.49822728737257194,0.6990457752556836,-0.24210833896665918,0.9380903979638333,0.5959206571006916,-0.22213054925321885,0.2811752269744794,1.448368626234526,0.40117604638282955,0.8650110268150684,1.0145706666634169,0.7076707987491204,1.1998474913506243,0.8047174151968726,0.21714940985026487,1.2077759367938938,0.8376556900685728,1.0402341753102746,1.605848446469622,1.2790857891671408,0.8976310152062865,1.4828064275004067,1.1187661178620374,0.8087314126350975,0.6747151064876107,1.270786340215924,1.041602947521028,0.8676079286043432,1.0474570701320012,0.027319461596901462,1.4600615517351834,-0.026920947091296554,0.22146604831863215,1.377186432666747,0.18001509077623723,1.345664613074403,1.2717866970480145,0.977071342507088,1.1141319526614684,0.6831627427430931,1.0495569056207614,-0.055415282663886956,1.6326994468145148,0.7787092969687706,0.6266993460158119,0.7361175245997629,0.9664834170033014,0.5072268122174819,0.8609506966523668,0.8618543805071113,0.5529421721138874,0.6038242811683876,1.1616823494984487,0.18302889879583795,0.6696777719620286,0.14725508760193406,-0.06325825950767694,-0.1027000843836845,0.23275890523154885,-0.7720420705402393,0.3903733616601244,1.1766068789308424,-0.07719752989817152,0.10226907592238099,0.7854443158261688,-0.004569825674707317,0.47412910212619863,0.3690260231549587,0.28665503877817855,1.0783345686232906,-0.3949171748754452,0.4946196111858967,0.36510519334632363,0.07092682420534402,0.6173801900058038,-0.28253925440662897,0.534587124737584,1.1651431759490833,0.4623152531787582,1.392933240103389,0.6283348019271671,0.172034626731147,1.8448824685470413,0.6576666094302936,0.21832022751402747,0.12312444236698639,0.7675194017138551,-0.32106051159655635,0.3441819922362015,1.7056767302664202,1.6868829956285936,0.19680697662409052,0.43275329973863563,0.9272173447874366,1.8971894205393482,-0.272398686676695,0.16834815124326497,0.19415743291733634,1.356681917838614,1.1249494338227937,1.3150326177799911,1.367240100998231,1.0546917388529096,-0.07440634711139094,0.5731805457040764,0.953180417861347,1.5453137510561419,0.6517639672496767,0.5703360150852177,1.8476436388083926,0.6869491614956473,1.2912610440906747,0.8095725192353029,1.3785561719516295,0.1810142098261167,1.030119796339818,1.0433254042648628,1.0690156390788843,1.0958361751752346,1.1218033838788415,1.1467846087787166,1.1707872714081304,1.193827261690899,1.215921306146413,1.2370860119114013,1.257337864530598,1.2766932258401766,1.2951683319421932,1.3127792912695782,1.3295420827381577,1.3454725539859282,1.3605864196964603,1.374899260006373,1.3884265189931853,1.4011835032444537,1.413185380504899,1.424447178400726,1.434983783239602,1.4448099388843048,1.4539402456992434,1.4623891595676923,1.4701709909788292,1.477299904182928,1.4837899164132295,1.4896548971728407,1.49490856758581,1.4995644998108446,1.5036361165152243,1.507136690410107,1.510079343842051,1.5124770484441115,1.514342624841447,1.5156887424114984,1.5165279190973706,1.5168725212732284,1.516734763660395,1.5161267092930757,1.5150602695316024,1.5135472041239382,1.5115991213115763,1.5092274779817103,1.5064435798613545,1.5032585817547215,1.499683487821585,1.4957291518958868,1.4914062778431116,1.4867254199560307,1.4816969833864277,1.476331224613773,1.4706382519474914,1.4646280260641902,1.4583103605763768,1.451694922634033,1.4447912335560318,1.4376086694917944,1.4301564621117677,1.4224436993252425,1.4144793260260258,1.4062721448636921,1.3978308170393348,1.3891638631271803,1.3802796639181452,1.3711864612868112,1.3618923590796612,1.352405324024403,1.3427331866597,1.3328836422836616,1.3228642519210325,1.3126824433082334,1.3023455118952825,1.2918606218639184,1.28123480716107,1.2704749725476177,1.2595878946608536,1.248580223090471,1.2374584814677974,1.2262290685658286,1.2148982594119957,1.203472206410595,1.191956940475734,1.1803583721745667,1.1686822928781453,1.1569343759218214,1.1451201777725828,1.1332451392039502,1.1213145864772969,1.1093337325295352,1.097307678165805,1.0852414132578474,1.0731398179469238,1.0610076638496935,1.048849615268864,1.0366702304064574,1.0244739625794637,1.0122651614378242,1.0000480741837805,0.9878268467932116,0.9756055252371425,0.9633880567037636,0.9511782908213036,0.9389799808788553,0.9267967850477135,0.9146322676011778,0.9024899001329345,0.8903730627732216,0.8782850454033451,0.8662290488672397,0.8542081861806423,0.8422254837359446,0.8302838825050003,0.8183862392369292,0.8065353276527958,0.794733839634489,0.7829843864105897,0.7712894997359854,0.7596516330675627,0.7480731627330215,0.7365563890951989,0.7251035377094013,0.7137167604752221,0.7023981367816532,0.6911496746462831,0.6799733118468794,0.6688709170460925,0.657844290909452,0.646895167215007,0.6360252139567137,0.6252360344386716,0.61452916836231,0.603906092905504,0.5933682237933908,0.5829169163600909,0.5725534666030967,0.5622791122279409,0.552095033684509,0.5420023551951658,0.5320021457722532,0.5220954202280836,0.5122831401744747,0.5025662150137009,0.4929455029197811,0.48342181181010346,0.4739959003073295,0.4646684786919195,0.45544020984465305,0.4463117101795433,0.4372835505665762,0.4283562572447295,0.4195303127243619,0.4108061566802803,0.40218418683429036,0.39366475982728844,0.38524819208174677,0.37693476065390996,0.3687247040747934,0.36061822318202985,0.3526154819407452,0.34471660825414574,0.336921694763646,0.3292307996391628,0.32164394735821134,0.3141611294753375,0.3067823053805796,0.2995074030478122,0.29233631977268715,0.2852689229000589,0.27830505054095056,0.27144451227945865,0.26468708986931233,0.2580325379199735,0.2514805845722208,0.24503093216304705,0.23868325788185984,0.23243721441463094,0.22629243057906478,0.22024851194919393,0.21430504146962903,0.20846158006020232,0.2027176672104929,0.19707282156366546,0.19152654149115733,0.18607830565713357,0.1807275735731082,0.1754737861425042,0.17031636619611845,0.16525471901712763,0.16028823285716953,0.1554162794424201,0.1506382144701206,0.14595337809572584,0.14136109541072983,0.13686067691111248,0.13245141895686174,0.12813260422183248,0.12390350213468082,0.11976336931093101,0.1157114499754357,0.11174697637676445,0.10786916919238365,0.10407723792485513,0.100370381289963,0.09674778759551828,0.09320863511260313,0.08975209243715199,0.0863773188445407,0.08308346463468297,0.0798696714698508,0.07673507270385471,0.07367879370360697,0.07069995216266989,0.06779765840650498,0.0649710156906167,0.06221912049079492,0.05954106278574045,0.05693592633218714,0.05440278893269124,0.05194072269631533,0.049548794291411014,0.047226065192035094,0.04497159191743094,0.04278442626400647,0.04066361553094566,0.038608202738771524,0.036617226841769934,0.03468972293319439,0.032824722444672716,0.03102125333867889,0.02927834029543419,0.027595004892702946,0.025970265780642876,0.02440313884966372,0.02289263739328362,0.021437772264391697,0.020037552026792582,0.018690983100611902,0.017397069902358453,0.01615481497918836,0.014963219138337536,0.013821281571892996,0.012727999975595594,0.011682370662924768,0.01068338867435159,0.009730047881873816,0.008821341089401358,0.0079562601276848,0.007133795945435395,0.0063529386955565315,0.005612677817509848,0.00491200211541809,0.004249899832529991,0.003625358720512395,0.0030373661062412793,0.002484908953874765,0.001966944157572925,0.0014824040110852366,0.0010302013353680195,0.0006092342758279301,0.00021839077885488223,-0.00014344724064585535,-0.0004774000298652936,-0.0007845864157616234,-0.0010661204992175044,-0.0013231086134624093,-0.0015566465374377003,-0.0017678169509736108,-0.00195768712313793,-0.0021273068214782143,-0.002277706432323612,-0.0024098952814597396,-0.0025248601455132302,-0.002623563942677265,-0.002706944595274763,-0.002775914052108419,-0.0028313574633216376,-0.0028741324974248528,-0.0029050687926996943,-0.002924967533317613,-0.002934601143465443,-0.0029347130899850526,-0.002926017787217461,-0.0029092005955817513,-0.0028849179079770693,-0.0028537973162201524,-0.002816437850924558,-0.002773410290501488,-0.002725257530357794,-0.002672495009164777,-0.0026156111857176256,-0.0025550680608716902,-0.0024913017413155103,-0.002424723038245702,-0.0023557180990110282,-0.0022846490660981544,-0.0022118547606737593,-0.0021376513855670964,-0.002062333246101389,-0.001986173484851861,-0.0019094248273177072,-0.0018323203358932005,-0.0017550741695799843,-0.001677882347735249,-0.001600923514445185,-0.0015243597028984368,-0.001448337096803698,-0.001372986788851449,-0.0012984255333208239,-0.0012247564917515774,-0.0011520699713400973,-0.001080444154183624,-0.0010099458168042474,-0.0009406310392705564,-0.0008725459031211358,-0.0008057271775783192,-0.0007402029938248234,-0.0006759935060927091,-0.0006131115407015386,-0.0005515632313972674,-0.000491348642185585,-0.0004324623765796787,-0.00037489417371716627,-0.00031862949157357434,-0.00026365375060777296,-0.00020995233944631764,-0.00015751062045410436,-0.00010631393479343387,-5.6347608278883854e-05,-7.596955867938959e-06,3.99527130525712e-05,8.631608994846829e-05,0.000131507862079161,0.00017554270795017146,0.0002184352928793487,0.0002602002645630819,0.00030085224886988726,0.00034040584569083876,0.0003788756246763114,0.00041627612159800265,0.00045262183397198896,0.0004879272178186511,0.0005222066836836348,0.0005554745933977756,0.0005877452566664942,0.0006190329274886608,0.0006493518011438937,0.0006787160111798585,0.0007071396258311324,0.000734636645631781,0.0007612210004026565,0.000786906546636601,0.0008117070646562752,0.0008356362561698916,0.0008587077417132605,0.0008809350580349928,0.0009023316562206674,0.0009229108989643464,0.0009426860591474906,0.0009616703170536312,0.0009798767588335977,0.0009973183743454683,0.0010140080551650499,0.0010299585931079491,0.0010451826790927043,0.0010596929007533618,0.0010735017411889203,0.0010866215773717158,0.001099064679010553,0.0011108432071296193,0.0011219692126474001,0.0011324546354671838,0.001142311302885446,0.0011515509293644755,0.0011601851150544462,0.0011682253448270785,0.0011756829876503616,0.0011825692955085287,0.0011888954028904664,0.0011946723260507497,0.0011999109623843651,0.00120462209025618,0.0012088163676935437,0.0012125043323294449,0.00121569640089092,0.0012184028689148363,0.0012206339104636754,0.0012223995777276286,0.0012237098009677538,0.001224574388061228,0.0012250030245013477,0.001225005273397528,0.001224590575361617,0.0012237682484510515,0.0012225474882825438,0.0012209373680889257,0.0012189468388896785,0.001216584729661463,0.0012138597472812762,0.0012107804771517294,0.001207355382859987,0.001203592807030418,0.0011995009713245963,0.0011950879774644818,0.001190361807005047,0.001185330322016398,0.0011800012655953651,0.0011743822623202504,0.0011684808187624185,0.0011623043237705133,0.0011558600496641702,0.0011491551523477028,0.0011421966721059107,0.0011349915341725136,0.0011275465494691161,0.0011198684156852323,0.0011119637175056596,0.0011038389275199734,0.0010955004071888652,0.001086954407412577,0.0010782070695540824,0.0010692644260075213,0.0010601324016761282,0.0010508168144269803,0.0010413233760573348,0.0010316576932041244,0.0010218252683102946,0.001011831500647986,0.0010016816872848722,0.0009913810238231235,0.0009809346058773372,0.0009703474296429704,0.000959624393658487,0.0009487702989190439,0.0009377898509228544,0.0009266876600122487,0.0009154682426810723,0.0009041360225410244,0.0008926953317995867,0.0008811504122263614,0.0008695054161194093,0.0008577644080673963,0.0008459313651769662,0.0008340101790622612,0.0008220046567544159,0.0008099185215542093,0.0007977554148510535,0.0007855188965208981,0.0007732124470294366,0.0007608394680005404,0.0007484032838647181,0.0007359071428254538,0.0007233542185645092,0.0007107476109240451,0.000698090347782454,0.0006853853859070114,0.0006726356121475874,0.0006598438451419497,0.0006470128360547278,0.0006341452701690287,0.0006212437680801486,0.0006083108870029719,0.0005953491217951523,0.0005823609066624158,0.000569348616068055,0.0005563145662108582,0.0005432610164461948,0.0005301901703091971,0.0005171041768221585,0.0005040051316882455,0.0004908950792810174,0.00047777601315601714,0.0004646498778129171,0.00045151857005976126,0.0004383839398656164,0.0004252477922364051,0.0004121118879538699,0.0003989779454514064,0.0003858476417235579,0.0003727226137471007,0.00035960445961791265,0.0003464947405973362,0.0003333949816237691,0.00032030667313165395,0.0003072312723020332,0.00029417020419941764,0.00028112486336340226,0.00026809661454763045,0.0002550867945387836,0.0002420967130092322,0.00022912765433602544,0.0002161808785103858,0.0002032576227293248,0.00019035910270304157,0.00017748651396232162,0.00016464103310909195,0.00015182381861222893,0.00013903601274023458,0.0001262787423570444,0.00011355312062732992,0.0001008602480396803,8.820121348662724e-05,7.55761075765804e-05,6.298414757566206e-05,5.04238023495418e-05,3.7892917646331625e-05,2.5388839958395693e-05,1.2908540441003424e-05,4.4873911519971443e-07,-1.1993972066193237e-05,-2.4423005356766225e-05,-3.684165449158172e-05,-4.925297133695494e-05,-6.165964322235595e-05,-7.406386959019073e-05,-8.646723995298089e-05
18.80532410698811,16.73720929908984,11.336359456362288,9.761096219864669,13.17779673764528,10.31527614648644,6.894657835703583,6.82077998339696,6.531072851638498,4.7667685106565045,3.346582508431368,3.3373378264228677,2.164926935651124,0.9403921198868943,0.05361455773652324,-1.5288645099831228,-1.5458871485977284,-0.8530710591587649,-0.5924871442942958,1.5491549219744911,1.7670177863268464,0.4216081788079009,2.5338940785425734,2.448634926400473,0.01953156025314229,-1.0751915011109077,-0.8634559810899418,-0.8649332125932006,-0.6217164002375171,1.4911020016991188,1.639603906821435,0.12155442923369719,-0.03597239888927106,1.8542842100502526,4.423921337276511,4.672516835616875,1.4877096389436701,2.7344636533310904,4.344148886082166,0.949093323006764,0.5748435096406865,1.1847815899694751,1.2078047872135471,2.8331251475210593,3.624130621650579,2.813154189548186,1.4424039570280343,0.6224471235888132,0.42341495347346836,1.48651408813339,3.8524872594909993,3.8743329101922654,3.3918044687280258,5.1399796831869935,7.494652515212181,7.110394488620045,6.351493174637312,8.309774495950819,6.526496113145413,6.436744201531269,9.41881107087886,7.351537703690042,8.516596171835772,12.005167089377153,11.352949261683932,8.954679600250131,7.166580697680786,6.509302962050583,6.070268545713759,5.450631860250155,6.875570147712779,9.397378025013495,7.335897028928741,8.474560285794041,10.966825823120871,7.509821475261674,6.415694731838926,7.567087936962196,7.567803681843088,6.1843940451256,5.931335153360578,7.3284430908313425,8.2758434072814,6.552078888360029,7.31191219525715,7.719199572236107,2.2267064444783955,3.07516133243314,5.371717094426003,3.4120333613442426,2.8228849495599206,3.7059303674448074,3.5929731047539235,1.6808858607275852,1.0373905846834077,1.5800930910538682,2.1974853210011815,1.9696178955690584,0.2114655324588739,-0.7822914370428293,0.3391491233758188,1.5774149658057581,0.5465300486570186,-0.49522523560438003,0.25403906997479453,-0.41458539757849167,0.4173428268746875,1.6115981702902218,0.1094533089055858,0.3409197714701122,0.6310896421941834,0.72866947314958,2.666942169314666,0.37515613897244293,0.2865268088683024,4.0531721561224,0.07086247295217163,0.5317848825859528,4.270887731634389,3.0967521260300828,2.863246830553635,4.8344881030453735,6.769800655255153,6.175182299468133,3.483387983490161,3.28299479151417,6.131878775801056,7.66604066031266,8.429592128087506,6.732635306498537,3.2710136674593286,2.5241393455565913,0.8140144803080602,0.016473966629860115,1.9710367000668612,1.052438859674453,0.08072892740312909,1.1847321354290443,3.2869748797298826,4.908005898748684,5.202773016292554,5.0096952450556955,5.552017737611891,5.6823796768148895,5.524720959848196,5.694863239875758,6.21860076212181,6.398155424979109,6.635174774512507,6.311042045096656,3.906138831025828,2.4428382829902375,3.276765114190539,5.867608734950977,8.610971313855657,7.440906581165564,5.585290648232331,6.3315691948164385,5.1634764046496,5.248888894712536,5.062262355482744,3.039782909579685,5.760519474178068,5.228833631224006,2.6422016209866115,5.056985879602053,6.104804926642146,5.807291424418054,5.801678010698083,6.5801161761148705,8.998953608476995,11.833787825862942,11.704880973799504,7.728282588653428,7.419333028491224,9.93521758167526,10.637283392292375,8.19943764606262,7.788933632947305,8.071558979213478,7.450588325203967,7.71515976191904,8.937735830611246,7.087873027580827,4.3735913108220075,7.364299089698989,8.310495644810544,7.847689285950196,8.185117960611933,7.3896848471462135,6.285982735079756,7.565730139813468,10.19920940127588,9.132043899697237,4.246196327417465,2.4422441862292317,5.949988186117594,8.463706331905428,7.340090584199174,5.319315943952347,6.399857459360305,10.131764353717244,8.55330542517629,7.6174823454317675,9.615369661316663,7.896818013384859,7.593903643152771,7.447039404798716,5.574139834517268,4.0611363019241935,4.331300927814482,4.629011383901343,4.632177623611824,5.98275943044041,7.417442687163657,6.726745686094773,4.611586368428448,3.886102217527082,4.778614825907766,6.435047936540286,6.574322861406813,4.377274331486433,3.8719043890741887,5.2075525293644205,5.755115477547179,4.492423031808812,6.558193086697656,20.585161642208504,25.572213944859982,9.763411405311444,8.109966197312701,8.29111686202316,7.281450250698299,10.085642717514702,10.272456802564989,9.112680404565822,7.939112113738361,7.070938769190889,6.8098903614341,6.288872931697028,4.9165486761572765,3.866715880854599,4.292847633143197,3.4229405594873015,4.706426403940668,5.986291255763376,3.38146067497928,6.346430912045548,8.72229455896047,7.329391619954322,6.936730660622061,9.983607599556308,10.2633826030833,9.762469038387621,11.27379780100307,9.9689609195907,11.580157205589103,13.253769043852117,12.912911059656722,14.540877216964873,13.260120344697157,12.86997170049915,14.355369126161463,13.984696442101495,14.306853611325323,10.54420111243212,8.098419282398368,12.20749111471764,11.970055531323169,13.724740467774154,14.583854303248813,11.754430606951814,12.077412622514885,9.97534642203243,8.081042983139696,8.402861602342455,8.00995178366793,8.521877229919596,10.601657874155421,10.425984672246386,7.055702793334717,7.881063102245207,8.394488609795644,6.048179370728576,3.0550767878372653,2.1506436317538373,2.8052056488526205,5.411390616537005,6.890329449659816,4.705327814901693,5.205188736787136,6.004034593525489,6.2444906607765915,6.930021457546786,6.315494686986881,3.6301425936210308,2.4184433724550445,3.078695656261175,2.831036214874416,4.24374604150978,0.28458094393533884,-2.7236011553929984,1.2009931843974755,-1.018226276699579,-1.142054000352573,-0.18981928966525174,-1.1406790085937928,0.15676605733574434,4.2635943840687105,5.392617830311906,3.0477244885692016,0.6679215409889139,-1.373518998334589,0.1958447397769305,1.56900044890142,0.10574488506404123,-0.8437689072977719,0.03277030880440179,1.5323622994518473,2.4298510657305314,2.2787669789278198,1.5487168275017211,2.589556195472028,4.053325570579659,4.104638423797496,2.8036766684226677,0.8322648736940437,0.7456404144210182,3.770671441561376,6.8925268127583195,6.119446297651393,6.235120636782881,7.05802999781406,7.218726678799385,6.8002769204283595,5.464115382142836,3.2154260433567288,3.612676028478745,6.058692491936995,5.776736797205217,5.141925170638501,5.7139435734175095,6.659472081437457,6.099108656230328,4.020760163692671,4.486856785592522,6.499464532089405,9.217265175595912,10.42827333467119,5.390961690523341,4.894258424502027,8.392130241359837,8.337078512674339,4.096520762997329,3.911775050360802,2.875050136424761,2.7658712862050834,5.736138965491705,6.430307074426423,3.848785970787276,5.055706072445446,7.6180050295820365,7.435017447745281,8.969858908963033,10.041235072074755,7.751969351277353,5.394947633206925,7.167901220708586,9.853155603695654,8.624637117790257,6.899252070332068,7.0077853007270505,7.373550255331224,8.037382873081924,9.363848824311276,9.688643346706726,8.686480516961637,8.257354204624107,9.24660042817186,9.658032163550956,7.506539342906649,4.972233100549602,4.966241886543116,5.002690479899229,7.093536414958521,7.460758698449467,7.065593440246403,9.996595340085378,9.16086087161193,8.239685948265048,6.81097201270984,6.318281304737411,9.249395353744319,7.8258291881585365,4.034630358734148,3.5155555945796664,6.972417617825272,8.848774892795518,5.4283951475107415,4.93986944386387,5.1068139356739835,5.286236616757321,7.948029491733564,5.780223685035708,4.819879067309785,5.792562011257473,5.249460966186518,3.119113655664023,2.82395376268596,2.742408310680844,3.762791735994142,3.822307360886896,3.217288990716156,7.875448222436148,6.634622063694337,4.951695806858936,5.80137634646087,5.41020113654946,4.7065808303327685,5.218656985311384,6.1309122410618215,6.878347514123277,7.219235813021669,6.639327485792251,5.639447842140271,4.379692768072573,5.014084587604657,5.651173995376098,3.292028274462041,3.468384308835766,2.9024998935024087,1.3368961485035697,1.7808480540216465,4.345894860846329,4.812429401448071,2.8893413881611423,1.2221045247333109,2.1334383197278726,3.629503321606933,1.7323290061140142,0.04652505244820304,2.3501628806383223,2.131183290826641,-0.3004516674862998,1.830094109660081,1.0700290854636023,1.2522976240969683,1.0426992073394672,-0.15355640786913227,0.6097255385635094,2.726342645296995,1.468937664862608,2.2697294931726333,3.0132684222147645,2.595487573644391,4.64294110568062,2.9875051826186905,2.259242760319353,1.1744591716739592,1.2798733420089548,3.030773415142221,0.3544322701859528,0.9703282937218205,2.6191190361070085,1.7747078002752232,1.0583059768579233,2.9605705797968085,2.9466458218906837,3.3318648288657187,1.2068900216271459,-0.10437066249642157,1.8362484056344215,0.6416880583502689,-2.134009981424242,-0.5105040061049522,0.855758515856337,1.5095070449978039,4.6053647551099175,4.788128008876299,3.008684017037922,4.369408769335564,5.912680396047904,4.948881961606446,4.36609369308087,4.460812070699831,3.6978375814417177,4.34687138925085,5.639131622272259,5.837177526697985,6.184952062150842,7.5103514619580665,8.335729348763664,6.4920933793328,5.354059995998568,6.444377316103328,6.090266798536618,6.457053505797319,8.55603967456068,8.5564248450155,7.047817857996847,6.110824013149909,4.3305034717446915,3.053542981234557,2.443004588444296,4.457512778985233,3.496365622292899,0.47494350572389976,3.607546144732396,2.23878326587203,2.9524304947074143,3.8386414067531405,2.363942573296356,1.839098463010032,2.8012221851259937,0.34293813957572183,1.9088296746838864,0.9291978779190799,0.2201773861011702,2.693270174770987,2.0802601798734486,1.1157081676358303,-2.0916492783498484,1.104064206515602,2.179464688300186,-0.9404676195222237,0.8376127570917333,0.8638355051584767,2.7248109408237724,0.9419942645531592,-1.097772632778515,-1.059070073636292,-0.48863914339568737,0.9425524968150967,-2.1415055840271293,2.0439732079403257,1.9741348022507736,-1.7678428493969705,0.3707919818916139,2.087522882124233,-0.4826360821925846,3.1814983802893835,3.3904820147965893,0.2529964691088935,-0.48671786601062195,0.036184843651312804,-0.19235099918523701,-2.0302530657308466,0.9721090294223131,0.7011228317344376,-0.7595280679672669,1.4190485912669146,2.484057033073668,4.808586348950598,3.521096475739739,1.5091411077057728,0.3839979522382464,-0.29929933067211323,-0.3977959768560595,-0.6993814270497296,-1.8872964084186492,0.5090949046541482,0.7735573735824914,-0.5609986833169387,-1.0967948610204985,-0.35300887053972474,3.243019827961291,2.226693306215452,2.7626552550133283,2.0969395233353225,1.6863340784276488,3.990525847764502,4.234429861671003,0.9783184174352186,1.4310839943708515,5.500227372397205,2.8088558777781714,1.0704083180052066,3.4492204364806867,1.8746120004258273,2.2452017485460942,-0.6370104202581501,-0.9418571069971904,0.6185380304405612,0.8318470355050636,1.0327999952612004,2.801579794448571,3.7678687262454105,3.4100121337503424,2.480769045775105,2.575091753645893,5.2073048592059195,7.221688761476685,6.86300551648344,7.504098733473597,7.074451960394015,8.306404440094184,8.219129424775247,8.181134052794732,8.957347980441,9.80317856151396,11.192995877125554,10.92544881322624,10.054464677482542,13.047665974078427,15.024926399017374,13.91449847048932,14.987498194425825,18.89443471655852,20.808337656525737,23.854657840225002,24.53698732326734,26.566862553141505,25.882685199418972,24.398653835531775,26.453921722033783,27.377935089770006,26.58375568825568,30.528021630775186,31.279917200362092,32.01741879326357,31.94056388671936,32.05837723474292,33.519193141431856,32.791929863249266,32.227551865285875,31.368518136173634,31.285574236711284,29.352166448267724,29.58370569709183,30.564874876559884,28.582715982224272,28.178509896509922,29.835429174819865,27.985618164081302,25.47857662611625,26.767958018325203,27.96589103345451,29.342643777298292,29.47078868796791,25.579786138450913,25.257888720671872,25.297966829904567,22.835112456727927,20.837483909580385,22.232618316904848,24.26225970777074,23.990201889938817,22.095958901193853,20.60282289787864,21.482020838458766,22.087162875023807,21.574469316148793,20.286010312473763,19.45261728492619,18.597813717629265,19.078830866241333,19.42828264812374,15.071084539551464,14.586660572018218,15.36366788905002,16.96163009542846,15.783208908005918,13.54145863458126,13.196319211663535,11.93267428997558,9.490734569748668,11.06536043685287,13.081605419881953,12.554304655737269,10.931061748550292,9.015893841944262,8.761132416123473,8.001828996968527,7.723913140497075,8.819319461918724,7.257893181004988,7.799120969579917,3.0466355021936806,5.5350379117656985,4.937204173036207,4.925887636929019,5.890943211428976,5.301998261150743,4.951799678802047,3.48703669798482,2.039291855948818,0.13620447014670845,1.2599424626955624,0.4281656854519724,2.9487865498247174,3.1602655201093057,1.6791999727539064,1.9546149466956422,1.497669102014072,1.1487445361398159,1.8277214877525125,3.4574097681570493,-1.7913646366915827,3.0428428099048688,2.737107172123558,-0.3541652471739667,0.7770570694444814,1.600875796037485,0.22765131802077576,-0.9041616568559903,-0.3141467736860477,1.9575524259812482,3.394080422758975,3.480961872598982,-0.3103169938925703,1.7196654968099097,2.2115267173235225,2.03388069447044,5.0644049546234555,5.591268764126539,5.434897962961372,5.892768613232761,5.096401643711715,4.274912608736372,4.375769824488998,5.377233415988712,2.518549398802577,1.5839766785088614,3.225968488909018,3.5866324464224704,3.637574135887121,4.25396323660317,4.745325753565908,4.485854014421648,5.7937095988463625,4.200310473868171,3.308912406050638,6.682579091535615,7.952977411198617,8.077792864766934,8.334137646904367,7.69559531246432,8.646490770386492,8.035619595598007,5.235275033533071,8.364270522158165,3.354956573568188,2.962925050931119,4.023815089340928,3.578404687755949,6.65007642322098,5.9566705227536545,5.272697690941641,7.145830878502579,7.477166581149959,7.234328900326545,6.8812790803835355,7.159412944973667,7.094854633527859,6.217786407426672,6.904489672080558,6.5746412072152225,4.802275012263522,2.4927232573191986,4.553240239670458,3.823819265145744,3.5001965924524256,3.4653029221348675,2.5352045910459537,4.688656798492502,3.6606400761984332,2.531074672569048,4.302579444554851,5.6402180643580095,3.778084535641824,3.95228645820373,1.7761893548137095,3.8139945346542845,5.938985160538778,5.4777216017715205,3.9548837509462373,3.618081861087319,4.269460701840217,4.102186409557817,5.011481578412713,4.905477327905487,2.4253365029513816,4.69351418252711,2.315558464794549,2.1719498398922497,3.5314437128873806,3.4189903400115327,2.2268186770862144,1.8460587052215942,2.9869014621427254,2.9384867755782125,2.003076733160583,1.8260422595327555,1.1481825458269554,1.79541012596178,2.721048307709566,0.8201926802390744,0.686913169989225,1.0116846506765569,0.5393947691233052,4.2216266276237775,-0.24214243835797333,0.37997415244842614,0.34894863047645686,-1.9039587258999973,-1.7276695579679995,1.0177133910053158,-0.5928979597250645,-2.3131745563470645,1.2149738957347154,-0.7414343791593865,-1.82843669812803,0.7659142568522839,0.7109447451720143,-0.23515186286965672,0.7313194409161952,2.8429805532688306,-0.0640615947824017,-3.847486977600056,0.8566742345848866,4.512039336662667,1.357951856215493,2.3821374379810436,2.1548106045735267,2.520569185315651,1.5791377471738315,3.3191261031045656,3.390826037056968,0.4601234834892125,3.7561974948084753,3.1425349387374695,2.4485341726137904,2.519248757099433,2.937311353706434,2.286666627881118,2.490980631026332,3.2727167933001056,3.478300698106125,2.5201976406388553,3.6136069432627664,5.171573135306858,3.8992241249734434,6.743050828698529,6.481117259323241,4.804389587415471,6.860406821759,4.861770967261691,6.423701750993359,6.518382525175298,5.831313870752126,7.039908558627133,7.7447355148535735,7.850928391181185,8.28733222308938,9.076632813699064,8.383543945991619,11.797766288253854,11.693118322761904,7.684628289515558,9.413995622483753,12.995331096547943,11.616139320580317,11.21612086954508,8.525685606011052,11.391422690857326,13.679238059347085,12.521058236117256,11.903025907177607,11.572787633385303,13.934269302873247,13.161537248057812,10.378332921600531,11.289756323290362,13.107925458051739,13.876103442068029,12.752755938151608,13.47438066877055,16.145607626038952,15.73275979057047,15.969370442480397,16.281628759311275,14.785205964246757,14.330238205041951,15.303908490775257,16.84956294828237,15.15363699432055,15.629981352878474,17.85919327945595,17.658410214601645,19.898234609819895,19.739519836320824,19.051796474709818,19.243136832812183,18.623192123820445,19.438928531144597,17.603539623922472,16.937748765680283,16.57297702248087,20.099414518565425,19.615214808767973,18.36791298290325,17.074829766920516,17.78012731169656,16.655895748125204,16.296922403696783,18.86311745203102,17.26225320658648,16.03564501638499,18.877499570629368,17.488125470582872,18.599506675852467,19.211630768326586,14.49202497384897,16.441649655694164,13.812470808012392,14.187721091335561,14.3029755349487,14.505502085302112,15.287861448001763,16.901707116384614,17.31191737336087,16.27365201479506,15.138199476453622,15.301829476894227,15.596753824370126,15.938434750076567,15.225914468502253,15.269763141308033,15.634638763032058,14.944768113736188,14.112798040877692,14.746594844702713,15.362379127068266,12.178304829625006,13.673205510129435,14.261002619835722,13.267573029786945,12.508172067738315,12.677295678047187,13.291673661675645,12.017967413184351,11.085581138591522,12.94092834016567,11.671992456539044,11.506861833422874,11.737466422766602,11.89435196919294,12.017615045530988,14.503124960956143,10.222763006475759,9.219612636066188,9.118848566583608,5.570607971829247,6.163381605906864,6.214419431484487,6.361008636688894,4.177661130001809,4.744900146694704,0.48620504724163993,2.532604766454938,1.0948401045888545,1.4705961887151489,4.653755546187369,3.547654903002524,3.452908351813278,2.4907473062881422,1.4059074734766455,2.3604827097911425,2.4341387525375353,1.893980067817381,2.266266151755758,2.2878581177204182,2.062468659093099,1.4557426135166907,2.1965143096525708,-0.14766746980234302,-0.13251465984996003,-1.2819078995992754,-0.3870910182178591,-1.051764636406574,0.30515839288165125,1.8411306096322733,-0.25548117004416326,-0.6113432731346506,0.15060364716850927,1.0378266012998552,2.324760358070762,0.46619846922880015,1.0680573009207706,0.1446394031417526,-0.9355962867776384,0.4984519762945183,0.24756438934662128,-0.6812105899312542,0.13986028584753285,1.4062782385233277,1.1577827572004935,1.0569159247303332,-0.31721535040747995,1.5759215158248026,0.05173407406888941,0.6798411431556133,1.4845581920157827,1.8257261342914717,1.8356466726688723,0.7118373917147949,1.7814543643063132,1.530863797214863,1.903050981761794,1.551679156767932,1.5932562193819138,-0.23664575736086135,-1.5306866712741396,0.45703793434014983,-0.727091514592189,2.0947293123461748,2.689774224051945,1.3112176988551312,1.3122705672022619,1.7689981426755992,1.2691690988415587,1.2528621130306874,2.4518122297972127,1.2269047590342552,1.7013691258051722,1.6062837535766334,1.0407078527097156,1.2060106536009982,1.775836062849919,2.2928311623531954,3.5065672949004636,-0.2656964377203508,1.9948673191373132,0.6457268561790102,1.172249434545364,3.1865570115465403,2.3094536782442674,3.047103924818117,2.7149829235880816,3.235148183765318,1.7576690280238552,0.15107453853045172,-0.46062847304145293,2.059124773272515,2.2074840619945633,0.023942111382865505,3.312731409181481,1.1011069016778947,1.9220757673629123,0.18031865860106677,0.5723556351586581,1.3040908940436964,2.9659805769814227,2.866177838843072,1.715850674620242,1.9369211872182461,1.858446317722752,1.6643259531759043,4.306785600439241,3.113828798183846,1.8169925899491375,2.428209215704186,3.669631070632704,0.7966439496759108,3.3234528608898017,0.13814884106440672,3.008705407144646,2.8058334890181698,2.8077449364052995,3.86213984383366,1.320059699860991,5.398726026753025,4.3337165380116005,3.7944310391020224,3.0930301325865344,4.285295867756304,4.26416818772438,3.8662358990664245,3.6806050821365943,3.356287436524809,3.4376952947370683,4.274996268884962,1.4433332132479961,3.477092329020195,2.165649297085622,3.6848082836269214,2.9731906210744796,3.115352331971337,3.8542353720104074,1.9973718394508637,2.923429921737778,3.740615570446181,4.33345585594094,2.6899320643690885,2.9597682125946108,0.3488403922382872,2.492879745623725,2.527922555971628,2.450066502722734,4.853935013501939,2.441176417411839,5.8085496421458345,1.1220577560453364,1.2001538081202057,1.8326957644713957,1.5662553383720308,2.275284919200516,2.4635092006473087,2.9451995238744075,2.5188036194350047,2.2221793237529255,2.156096208676388,3.6353281404371387,2.5323422511026763,3.835755211551401,3.9294776288805906,2.5307021973151222,3.574806642936778,1.4918278625852963,1.5060986602682078,1.2488120423727764,2.3628490970983194,0.9425830973332268,2.0093432564388536,2.5659345235961837,4.434375514239548,2.5367669846706065,2.4334996530268995,1.4591186468552166,2.752841091563255,1.7724722234827937,2.638185778075524,1.5141616612122277,1.0092358870153362,1.6313226873317603,1.3294220085144275,2.011350162104236,2.652473985879624,1.2680618498823435,1.3799126206255892,1.9609816540272789,3.1425646221156853,2.9989196473052573,3.530558810214899,2.486498530243466,5.003236563186988,1.4126134337698772,2.0467590833848988,0.5138500650933224,1.043782087631996,-0.020237424069222243,-0.6333867695756794,1.9303082956476771,1.3826986479932089,1.5850795509004456,1.0883213248516768,0.9782977939303521,2.3868421460442164,1.1185779986148532,1.4688971629969103,1.9243534480618791,-0.2097738982704982,0.4117569480385157,1.1391489942346311,0.7765084046302206,1.6184350040365416,0.9772897700827627,1.18833696093742,-0.15249336940532032,2.257347976910424,2.1422867074249012,2.2586849494513785,2.516537733750198,0.9107702851350723,1.2514473472737961,1.7951667758819525,2.4536929275070065,1.153041688164123,2.047095824963833,1.7710612319000347,2.3943629586085677,0.6412262926582315,-0.5569856562951117,0.5457263877505909,0.5920041778458938,-0.2690637491523802,-0.11875085406435915,2.0707571490286085,2.624562708983447,0.8812415783234115,0.854318893111639,1.4713364249198264,0.5819092241455763,0.758613619834108,1.816343082546723,1.3692540074717243,-0.03417121996199057,0.70717721222573,1.3948565368295647,1.1697641258875677,1.2010793774793882,-0.35138732377600945,0.11192495801887503,-0.6541077780312037,-1.0867024395218579,0.9746478267745147,-0.126906921271285,0.7869349491099058,0.6160720912261013,2.281025333109767,2.148230663354184,1.9721319601258358,2.0630582017093673,0.3098751564810982,0.755119651159788,1.1892303979807082,0.982251136206159,1.8535983499449742,1.1786408786941251,1.884001649051612,1.2950461455326803,1.7950849157171547,2.4283475671334713,0.06771495602419009,1.8334126665001946,0.9753507241430555,2.4964602114274044,1.0494829043083485,1.7431234638605986,1.2138803304879815,1.6195301516296468,0.284490688688237,-0.168045739648349,0.2743724952375999,1.6329496011439346,1.41613341077516,1.5450455437361654,1.1281472607330443,2.420612924803521,1.1440932266000061,1.0396249062176537,0.5844124970570022,-0.026337252107879294,1.0041143314774956,0.828234330720619,1.5479907657149283,3.0193341176759247,1.116510001105837,1.580150142147886,0.747542954610509,1.5908186132325852,2.2927319128227737,2.347301527193821,1.1039536157290684,1.8728990151910807,0.5679174827086513,0.5414482560893532,1.6709091540443524,1.0562902678001365,1.2789963164140943,2.049208463607499,1.0963567076043148,1.1101674725670705,1.4049856032960122,1.6674855454887734,1.767393667332641,-0.4418373282688606,2.1503556805514847,0.5660086957099963,1.5388503141460603,-0.16618670016916326,1.5512871109951334,1.1084047944774795,0.6090286731401022,0.8899921504108477,1.3878447553382216,0.24632739525657144,1.2050365516064119,0.7724056562931452,1.8866928498201503,1.3805043399812007,1.0977605379908084,2.0131571686730467,2.131426773345453,1.798045710564594,0.3146516247677056,1.1689400250209303,0.5583689621674353,0.769599251015677,0.8704500978028591,0.14137948678680345,0.5828389064888881,0.40554975927116743,2.5596819365751173,2.138677689189521,1.525655678194795,0.7958882814675121,0.9188966867209203,-0.058294793574674486,1.3473350704385894,-0.1149794508839932,1.6361529130891697,0.779235319577225,1.298759073951608,0.6634301863749101,1.1101201255127862,2.2927039252795396,1.0199942527180212,0.7151605402298173,1.3061099722206677,2.3023727389730553,1.8379639160273484,0.48524902617708676,1.7026026247278025,1.4380842770539743,0.8756008514143545,2.1845594079525767,0.7544291751113974,0.924653222936314,1.7927807777194005,0.20803944008420672,1.746207687284432,0.9891865648810025,2.5160616972320895,1.1518597718865635,2.0101127789863256,0.9857246637997648,2.6827819098417933,1.8578023900918765,2.256790403587246,1.5911965357528288,1.275058274020239,1.426480176926141,1.669471826868545,1.0745682373280943,1.4043284857951335,-0.05581934758910734,0.3388742711219379,1.8307317551466724,1.9172520280054073,1.2269763106140203,1.286646620932629,0.7096518879151574,2.411012839341055,1.0979483131769712,0.9020467182999141,2.0001539221515188,0.7321024573398347,1.6667667096801395,0.8658684344042697,0.4296729212394723,1.6585605771835503,1.4766376573802233,0.7665597506289146,0.8060018293153348,0.7807503614347411,0.7920351547923872,1.7464562699288138,0.9783404337866273,2.2608455280084456,1.1885595427015119,1.4190928554139148,1.0772912900235099,1.4387649938307447,0.932413801328984,1.713394727353574,-0.23754326548589688,1.9340401729187136,0.9729151979670974,1.1881675675533643,2.0607617569773424,0.9904014415697588,0.9491129360441164,0.5619604809761825,1.2214947942960421,1.1982076693295198,0.6229614132394659,2.145409412098303,1.576066958676563,1.1110730630886962,0.9803571662213244,0.19950838789287673,2.020008999397703,0.7815370528605925,0.5779207890302658,0.3571639381287639,1.5102785954377183,0.6164901689106728,1.5282363483349286,1.1328516124344787,0.9865011586917092,7.438925358169115,-0.27259088476293414,2.1875222654222455,2.5870921341608266,1.6708592802851214,0.7723186578489845,1.319947201036971,0.8989028275929627,1.7198449559563471,1.7850073928256656,1.3603414242821579,1.1120514538047779,1.31802845538121,1.109598808151219,1.9025164022741592,1.7265429667785384,0.9702237623652081,1.3604808759818887,1.4726345061721418,2.2760553135758244,0.7551246453097349,1.1300272250109344,2.0024307788069677,3.1086636406479045,2.0013648268090662,2.3972546161858226,1.212655214612056,2.397894706970675,1.784642991083107,2.483315376226386,1.6985690891606566,2.0011824004286325,1.6935770874742353,0.9058381492538707,2.224648697226854,0.7686341198221704,1.1285398680380752,0.897342913909597,0.8226088159588301,2.5057982303515054,1.3044008600207313,1.2689126728225801,0.632112907662389,1.7545367953284803,0.6717168331096239,1.4232727909613345,1.4850903171018501,0.9460920267974338,1.113208428186823,1.5750605323339641,1.2953913092944447,1.509471815636374,1.0135070451609671,0.8126614201903486,0.5822881655044831,0.28794542644834564,1.045259573219198,0.7285525496365928,1.6605257115958523,0.5779046951642499,0.026325340229647054,0.76562440240005,1.0804170007398568,1.3090806136640367,1.4926197935529046,0.8595084443003351,1.9113049610413668,1.521348048467754,1.2389939813712658,0.4879446618277825,0.462203686861411,1.0538966292379577,1.4429488507077508,0.2648939755515869,0.9041420554104569,1.258612865802295,0.7434837822604266,0.34956414979365036,1.2605724797850257,0.5599016642495656,-0.4898420069903562,1.5518937905955887,1.5894189775557948,0.29460713913434233,0.962857321140234,0.3076822484180184,0.5795675490990391,2.2802786514790796,1.2726343926939876,0.006504773453345436,0.8176286933872632,0.8304194060284242,0.44117023298809954,1.0049670992976854,0.9009837917554382,0.5789687570998581,0.48038482951011474,0.33846667400129427,0.8100910660583054,1.6100580642751368,1.140348165340555,0.961109543988071,0.860066516714765,1.329788732373343,1.0651916018933605,0.8261632807278545,1.3006266002204256,1.074892218033682,1.1498576826417946,0.5226868000810043,0.8152371319462457,-0.9435045247165306,1.46099446694069,0.2165875087160316,-0.04594764418001773,1.487158723310472,0.5839662174672924,0.9294044130420804,0.4875547428935363,0.11028922687151521,0.9248485265612185,-0.15459948427553805,0.5225612636020003,0.7198615016833401,0.4107594681008493,0.3279715992640888,0.7171146429847131,0.45772121546127664,0.10238809305317886,-0.13460205004872705,0.233936892490334,0.0038252102126818954,1.5173223401040996,-0.09055047855855491,-0.43856682833572513,0.6446417103137208,1.06751035296611,0.10103738397359052,0.6920327485151461,0.04630811353862896,0.9224523671327631,1.1704335584047385,0.5335940872708136,-0.06890436642376585,2.134841065262094,0.9112283705938466,0.7357379278074916,0.5678235271288372,1.1595137677173284,0.4914243425234037,1.5889773089539574,1.114713014812052,1.4883051328898205,0.17951849114021456,0.8780951475308427,1.6488887219724404,1.2767148666222,0.3914827958603846,1.329413775961143,1.021855186088743,1.7032777465871618,0.4203354557418777,0.9872373783270518,1.6084150865215463,1.7260548755578498,-0.010562927668189559,0.674299045488965,8.573415659910522,2.098973181553532,1.5568867057704363,-0.1770483964491243,0.0025968983319728522,1.7860664843106804,2.1119315106732603,1.180216576539209,-0.5756907786146712,0.49851885992251166,0.40641664486588436,0.8550825329912195,1.1286070719936845,1.1971487820743212,0.8978037079025958,0.9818366091194823,1.0087592449714293,1.0298335168472192,1.0497032404878723,1.0687263162732563,1.0869405818795883,1.1043623104384324,1.1210057590385532,1.136885074332298,1.152014290871648,1.1664073295196147,1.1800779959379781,1.193039979147727,1.2053068501621453,1.2168920606904408,1.227808941911377,1.2380707033144063,1.2476904316081345,1.2566810896941547,1.2650555157048302,1.2728264221042878,1.280006394851199,1.2866078926215607,1.2926432460907336,1.2981246572733767,1.3030641989198273,1.3074738139679596,1.311365315049187,1.3147503840474712,1.3176405717101716,1.3200472973097135,1.3219818483543122,1.323455380347383,1.3244789165942166,1.3250633480546128,1.3252194332405054,1.3249577981574703,1.3242889362890082,1.3232232086228919,1.3217708437179283,1.3199419378107962,1.3177464549610534,1.315194227234059,1.3122949549205885,1.3090582067919172,1.3054934203896948,1.3016099023498953,1.2974168287589691,1.2929232455426245,1.2881380688847912,1.2830700856769113,1.2777279539967878,1.2721202036150032,1.2662552365293323,1.2601413275253321,1.253786624762995,1.2471991503880133,1.2403868011675172,1.233357349148946,1.2261184423408054,1.218677605416019,1.2110422404356882,1.203219627592972,1.1952169259769505,1.1870411743545048,1.1786992919710713,1.1701980793677649,1.1615442192158696,1.152744277166704,1.1438047027173184,1.1347318300903453,1.125531879127891,1.1162109561988416,1.1067750551187885,1.0972300580822036,1.087581736606353,1.0778357524852709,1.0679976587547344,1.0580729006668719,1.048066816674151,1.0379846394217225,1.0278314967479787,1.0176124126929267,1.0073323085134405,0.9969960037050782,0.9866082170300956,0.9761735675511432,0.9656965756700231,0.9551816641713344,0.9446331592698698,0.9340552916624176,0.9234521975821508,0.9128279198568805,0.902186408968987,0.8915315241180224,0.8808670342849325,0.8701966192972463,0.8595238708959982,0.848852293802139,0.8381853067843679,0.8275262437260551,0.8168783546919656,0.8062448069943855,0.795628686257686,0.7850329974818919,0.7744606661040621,0.7639145390580211,0.7533973858312493,0.7429118995199815,0.7324606978805548,0.7220463243780273,0.7116712492314718,0.7013378704551485,0.6910485148964938,0.6808054392688803,0.6706108311809089,0.6604668101605,0.650375428674522,0.6403386731430771,0.6303584649490119,0.6204366614410048,0.6105750569319355,0.6007753836910297,0.5910393129298654,0.5813684557826093,0.5717643642793462,0.5622285323133838,0.5527623966014801,0.5433673376377328,0.5340446806398802,0.5247956964888658,0.5156216026612697,0.5065235641538948,0.4975026944015042,0.4885600561864294,0.47969666254059007,0.47091347764012426,0.46221141769146357,0.4535913518095356,0.4450541028885482,0.4366004484633095,0.4282311215635275,0.41994681155861713,0.4117481649949468,0.4036357864240472,0.3956102392226626,0.38767204640390673,0.3798216914198065,0.37205961895520545,0.36438623571280004,0.35680191118922266,0.3493069784425984,0.3419017348506941,0.33458644286039885,0.32736133072862117,0.3202265932535511,0.31318239249699786,0.3062288584982582,0.29936608997826397,0.2925941550352036,0.2859130918306221,0.27932290926659675,0.27282358765404524,0.26641507937131337,0.260097309514407,0.2538701765379301,0.2477335528864728,0.24168728561778607,0.235731197016122,0.22986508519693416,0.22408872470253982,0.2184018670887724,0.2128042415025675,0.2072955552507949,0.20187549435982532,0.19654372412654197,0.19129988966011524,0.18614361641559185,0.18107451071770697,0.17609216027685193,0.1711961346961175,0.16638598596921383,0.16166124897029022,0.15702144193494405,0.1524660669328739,0.14799461033152284,0.14360654325193423,0.1393013220156547,0.1350783885834801,0.13093717098607272,0.1268770837461375,0.12289752829275358,0.11899789336703748,0.1151775554205301,0.1114358790048584,0.10777221715395058,0.10418591175829306,0.10067629393117272,0.09724268436721673,0.09388439369342905,0.0906007228123542,0.08739096323810713,0.08425439742461549,0.08119029908669972,0.07819793351384874,0.07527655787640697,0.07242542152496867,0.06964376628241098,0.06693082672907735,0.06428583048122505,0.06170799846188402,0.0591965451654346,0.05675067891547769,0.05436960211611108,0.05205251149627088,0.0497985983479623,0.04760704875803867,0.04547704383338669,0.043407759920086164,0.04139836881640235,0.03944803797983809,0.037555930728132125,0.03572120643403309,0.0339430207148439,0.032220525615713314,0.030552869787555892,0.028939198658946452,0.027378654603239738,0.025870377099863617,0.024413502890496375,0.023007166129929146,0.02165049853169876,0.02034262950860466,0.01908268630825205,0.017869794143848594,0.016703076320425225,0.015581654355969476,0.014504648098210282,0.013471175836627935,0.012480354410428163,0.011531299311485554,0.010623124783705862,0.009754943917783976,0.008925868742409193,0.008135010310610369,0.007381478782860995,0.006664383506318927,0.005982833090172335,0.0053359354770350365,0.004722798011329132,0.004142527503859128,0.0035942302930322967,0.0030770123028958096,0.002589979097962214,0.0021322359350222087,0.0017028878117741897,0.0013010395126400454,0.0009257956519945765,0.0005762607140127329,0.0002515300173513424,-4.9306824081440936e-05,-0.0003271626865739563,-0.0005829499582148401,-0.0008175777882115653,-0.0010319495544592883,-0.001226960540947175,-0.001403495815225142,-0.0015624282978876636,-0.0017046170149512818,-0.0018309055242582417,-0.001942120508061862,-0.0020390705226134287,-0.002122544897105172,-0.00219331277389756,-0.0022521222823570497,-0.002299699837891467,-0.0023367495599870836,-0.0023639528008914112,-0.0023819677790584137,-0.002391429309824389,-0.0023929486269764766,-0.002387113289245235,-0.0023744871649853394,-0.0023556104902127117,-0.0023309999934610914,-0.0023011490826263525,-0.0022665280888247707,-0.002227584561723006,-0.002184743612360762,-0.002138408298748118,-0.0020889600498605887,-0.0020367591245360472,-0.001982145100640764,-0.0019254373922024115,-0.0018669357900193972,-0.0018069210228759403,-0.0017456553368617733,-0.0016833830896700874,-0.0016203313566904853,-0.0015567105481864019,-0.0014927150328105654,-0.0014285237679700913,-0.0013643009331758549,-0.001300196565779288,-0.0012363471962544281,-0.0011728764833947025,-0.001109895846013842,-0.001047505091179346,-0.0009857930382111135,-0.0009248381359441282,-0.0008647090740225849,-0.0008054653859801419,-0.0007471580449873727,-0.0006898300500779442,-0.0006335170033935356,-0.0005782476776801104,-0.0005240445738934341,-0.00047092446823171485,-0.0004188989488511652,-0.00036797494186657786,-0.0003181552260969056,-0.0002694389374084949,-0.000221822061888588,-0.00017529791830384056,-0.0001298576291048903,-8.549058145490562e-05,-4.2184876974715735e-05,7.222925546557235e-08,4.1293486304994076e-05,8.149164332849068e-05,0.00012067944544469356,0.00015886962950162342,0.0001960749202680745,0.0002323080265966837,0.00026758163770068677,0.00030190841934540913,0.0003353010107787213,0.00036777202095095163,0.0003993340254737632,0.00042999956312428367,0.00045978113300293444,0.0004886911909522951,0.000516742146857041,0.000543946361858616,0.0005703161452288441,0.000595863751698289,0.0006206013791540954,0.000644541165740975,0.0006676951875874693,0.0006900754563332612,0.000711693916770173,0.0007325624445684298,0.0007526928442587177,0.000772096846731074,0.0007907861076148492,0.0008087722052891877,0.0008260666390356164,0.0008426808273611641,0.0008586261060941069,0.0008739137266218222,0.0008885548546118116,0.0009025605682495552,0.0009159418568458477,0.0009287096193872912,0.0009408746633141618,0.0009524477030140588,0.0009634393587418799,0.0009738601554261095,0.000983720521816167,0.000993030789260274,0.0010018011907391156,0.0010100418597573935,0.0010177628295764407,0.0010249740325605217,0.001031685298926277,0.0010379063567711455,0.0010436468309933389,0.001048916242808673,0.001053724009011603,0.0010580794416057415,0.0010619917469796292,0.0010654700257362038,0.0010685232724085836,0.0010711603747495246,0.0010733901138451074,0.001075221163318929,0.0010766620895878987,0.0010777213515780204,0.0010784073004970196,0.0010787281796922343,0.0010786921249916759,0.0010783071641640163,0.0010775812170606969,0.001076522095729615,0.0010751375045003897,0.001073435040041204,0.0010714221913303845,0.0010691063400543044,0.0010664947608631792,0.00106359462125738,0.001060412982184289,0.001056956798123565,0.0010532329174566257,0.0010492480830066597,0.0010450089322091571,0.001040521997651922,0.0010357937074445545,0.0010308303853605594,0.0010256382518605278,0.001020223424092137,0.0010145919166859585,0.0010087496423238917,0.001002702412108647,0.000996455936217444,0.000990015824669399,0.000983387587695006,0.00097657663644668,0.0009695882838229863,0.0009624277449518104,0.0009551001380998514,0.0009476104852410572,0.0009399637127955884,0.0009321646524256266,0.0009242180418880253,0.0009161285255174789,0.0009079006553633917,0.0008995388917298897,0.0008910476040568938,0.0008824310718580364,0.0008736934854880474,0.0008648389471943574,0.0008558714717139537,0.0008467949875239356,0.0008376133371825745,0.0008283302787219782,0.0008189494863017899,0.0008094745512323698,0.0007999089828274464,0.000790256209427298,0.0007805195793082476,0.0007707023618763742,0.0007608077481791042,0.0007508388522694531,0.0007407987121155202,0.0007306902905952484,0.0007205164766617145,0.0007102800861389369,0.0006999838627450572,0.0006896304791439434,0.0006792225379399497,0.0006687625727579416,0.0006582530491243688,0.0006476963658030854,0.000637094855704845,0.000626450786995747,0.0006157663641772615,0.0006050437290241462,0.0005942849618634227,0.0005834920824838719,0.0005726670511876364,0.0005618117698702463,0.000550928083157487,0.0005400177793717376,0.0005290825917256825,0.0005181241996012886,0.0005071442293171913,0.0004961442554929363,0.0004851258019868965,0.0004740903430047183,0.0004630393041225034,0.00045197406345209856,0.0004408959526358558,0.00042980625821087415,0.00041870622249007283,0.00040759704492643323,0.00039647988293722847,0.00038535585321142207,0.0003742260328181146,0.00036309146014446014,0.0003519531361746431,0.0003408120255414815,0.0003296690578338257,0.00031852512847763137,0.00030738110007177966,0.00029623780312704184,0.00028509603762927327,0.0002739565738352212,0.00026282015366518863,0.0002516874916125289,0.00024055927602262273,0.00022943617005921624,0.0002183188128697111,0.0002072078206651895,0.0001961037877151739,0.00018500728754133888,0.00017391887396911443,0.0001628390821792891,0.00015176843004383045,0.0001407074188648494,0.00012965653496621599,0.00011861625068831927,0.00010758702512703167,9.656930564005961e-05,8.556352867117312e-05,7.457012091549586e-05,6.35895005416387e-05,5.2622078214881185e-05,4.166763523016925e-05,3.072543185567156e-05,1.979431601739634e-05,8.872831472217513e-06,-2.0406741043643706e-06,-1.2947940831509186e-05,-2.3850688648963114e-05,-3.475050922929768e-05,-4.5648758259630995e-05,-5.654644743913195e-05
17.5134558333541,15.06970311968621,14.435488449594686,13.32372970734184,10.75261066762522,10.871630911441798,9.816433964058604,6.911718660063912,5.572942129746423,3.33918752120735,3.1645154525973,5.999171510882547,3.648259365015349,-0.3656496542505465,-1.7251542587217727,-1.1425431437888847,-1.2171118515966555,-2.343676839675254,-2.3676345571631146,1.1848250988115296,2.891570094530607,0.8639765785746931,-0.19218872049157198,0.2121965523890026,1.0204497701767536,1.287155374456006,1.1564057614065177,1.7450104836490254,2.8672582262104243,3.09387670860076,3.2340577190732347,1.8929522091495414,-0.3046358727418692,3.0381919590947746,6.131752733594112,5.776878312590441,6.073197552164515,5.73007994164675,4.551834548594854,3.8819849554489565,4.419523039465901,3.7100894596259195,2.42481271420678,3.543902961727383,3.1365288584596556,2.2886128566760817,2.629717231714835,0.9493161394278786,0.31761467386718323,1.3824545529035959,1.3073940153808508,0.8623144040845432,2.420093757232735,5.130007731890828,4.34430415522354,4.329659052333,5.602870084202777,5.3698213929142184,6.2249463649482095,8.043500603710413,8.955743972923642,7.866044418680531,6.710507272747918,6.01117458028898,5.5512571490099845,6.37183872065566,6.627283731844955,5.818269458575742,5.819007670366204,6.982896566627346,8.176151147681367,8.398835813217033,8.386976059370909,10.451730819739396,11.701133189221082,8.766408576917343,8.110873506971302,8.050077513605515,6.449496077766526,5.369061883205973,3.3481381210704058,2.5930796330986823,3.9932243246551025,2.384931326169749,3.52301640000087,5.6201808122009425,1.8111835819894395,0.5311371704744943,2.2597705568648507,2.7693541711610123,1.217778334574973,5.118890122633161,6.973536000801914,0.8122860437532609,1.9895011327118937,3.2072593528293964,1.2844598793699333,1.8965079145284562,1.473752379709822,1.5927212058870737,3.670274207908278,4.735697799161699,2.9593302721018517,1.9532819065507283,3.2111324129602963,1.1842860134854618,2.9682506130736783,5.392970033400843,1.38317539697357,2.4337266815330167,2.631219566346772,-0.38428371581562715,0.5374716757879696,-1.2158898910356584,-0.21041841863348054,5.639032209989409,4.920906093406984,3.701491004571153,5.40528955637501,6.919511511093333,4.987140016253306,4.435691218836951,6.7421558647690745,8.059732752498803,6.528009166416268,6.461742483375701,8.98458835321162,9.837450314740408,9.01745659425751,7.315435606188203,6.237791035086957,7.054902884746298,6.138407859398285,3.724688051534713,3.2130888069939374,5.594629903833265,3.7968542363009874,2.1923724985572335,7.633470298046291,9.7486781401617,8.246786997419576,7.440773879186281,9.204528056087383,9.978222234358327,9.094423219313512,9.349686076257399,12.313575214958405,11.206349910997687,10.683204732036643,13.477213984476407,12.824624734522786,10.44788875534789,9.449644525942745,10.214450867228038,10.120762139535259,8.585361759875695,6.909126371465959,6.9788692589863786,9.25165448104815,10.194555164000803,9.314438430903692,8.546087865829122,7.926642078436998,6.684278862840756,6.7162426033025895,8.709022621125087,7.019334616767992,5.389452501819505,7.5463296617163,11.218078610918155,10.61199812097152,11.549704689270357,12.735931427790888,8.762006973226107,12.162251852738564,14.522987670414977,13.043938134429709,15.686361145189267,13.65272423620695,12.180344446578488,13.427618993095848,11.311671901860564,11.472465211681083,12.155306509885804,10.201022256088436,7.215818553747113,6.596061619029683,7.161334719959996,7.900959234486663,9.25139937911274,7.383859791182431,7.0338752375882905,9.274076914804937,8.28537168310811,8.279549264427146,6.72560070059194,4.543993256258545,7.773906902429303,9.123100257269357,8.51740977483496,8.789287207809593,9.658146347760749,9.756547079983534,10.31452146848983,11.544156265699144,11.663701743360207,11.250171667243876,10.541894554719192,9.360632856731627,7.741343770818958,6.591236976424057,8.10792665229269,9.869519482109695,7.595417725485845,5.782549510548847,4.8585062683846445,5.083520453386882,7.259144834879407,8.522869173834351,8.15176990765326,4.496897230825198,-0.34820680155598893,3.9587176776324213,6.405685935885458,5.736938430764326,8.852903944104924,9.674579531705831,7.896704039856104,6.785121304419022,7.991660699711815,9.247679730133655,10.407765081386401,10.036951733154183,8.796892276687913,10.308283709700163,9.633411505682147,9.27871293932867,10.7766252985557,9.442665998095435,9.56207793751787,8.04827690025104,4.429179666640721,4.587804751267413,6.936589171106334,5.84585522653947,4.014476770383681,7.031097578682875,7.210618350252389,8.318866815172441,9.305019591836185,7.066067408156641,8.456275452169848,11.033765627179719,13.782074029925525,16.271405575644508,15.897159113866905,16.960859796669638,17.14214397938281,15.954264485313502,17.595408946991483,15.966094944489555,14.05936759521444,14.932662509807415,15.243450514067149,11.291534924900816,10.46704956612075,13.723603694886151,15.179539408369806,13.369457197009297,10.812208962975546,12.038974373056476,15.90240418078838,15.258504869403396,12.60640877329979,9.443354611181576,10.15970728251807,15.921282402599445,12.006626504339465,7.087045758991962,8.679670332460773,11.386895795226565,7.309102689646579,4.786843759231942,6.120326778302342,6.995806405774147,5.612415106500293,6.065463844971873,6.212286950219209,7.650452519726969,12.254566603969238,9.611392691500328,6.011489432136159,6.853324670803659,9.181239674718313,7.50649397107577,4.39662058301019,3.986046314255873,4.924883564041465,3.395592965803644,3.240180558927932,2.061272160428416,-0.33330654138626414,0.6282469864465838,6.117714162561924,2.266776245113533,-2.3148587757657424,0.8252903008788053,3.3497495657607033,2.0131470778455878,1.7408869283112836,4.1441640226460095,3.84119213521808,-2.7107040458960228,-1.3878794159574,2.4487188251175667,0.059983389293734035,-3.219523822742076,0.2728230485424774,2.4881949195591915,2.54316795287491,3.070248238018621,-0.3817375890166659,1.1885514491748381,6.985646144357588,7.675197774908838,1.3378959831418342,2.590928667287244,6.2217716777238365,6.279375215112168,5.966497451685996,9.687617123147447,8.021223599017503,5.643522565212606,6.390814120369782,7.431856294867885,7.7610900737549855,6.354156870768179,6.2490752532233955,8.094580926458093,8.0763962755899,5.6060119192467255,2.789436711385747,3.5612922266132045,5.79907085434138,3.169082987228535,4.994498789587851,6.826088206481245,8.805318925707525,12.020557366519824,6.2721441652956855,4.9632019594814665,5.967861060090627,5.321139953691727,5.859142955848029,3.4404958226657527,1.6618608337115575,2.2217065651274197,4.637898399525739,7.5457331379732295,6.48370535993422,6.354261527018934,8.261019327466329,9.444131458621314,9.6414914909451,9.086902695017102,9.773994037424131,9.717633810437746,7.546641965649087,7.2959043774170595,6.637269056061314,7.244353301842352,8.707643868481568,9.350292800889747,11.129179300557325,9.664145501132793,8.078023146003261,10.380911078547683,13.03945030309228,9.941179223372387,11.348207693084532,10.083679728057291,4.177342213204724,4.066716903979113,7.288812442785911,7.7530125536402466,6.578783239488644,7.927826056101367,11.037769635745462,10.106874142124184,8.266320998444712,7.016248136758691,7.920391295297804,10.873357092700417,9.191321179784836,8.440824330970827,7.056143217952126,5.523982867559198,8.22814232757014,9.399465991803027,6.401060614854941,3.8981560348140647,4.146191410600068,5.374421429285803,8.072781515668566,6.586736342259883,5.028656512574116,4.466356307389447,1.805051848368521,1.5413894746004644,2.690814172794717,4.836519798958875,5.111443592363457,3.3988274844080024,5.393314262535341,4.332881335243087,5.195495806072472,8.137957353089178,7.960619822309013,6.442351870952507,6.798239621896755,6.223043846752262,5.016016824806002,6.014496150539799,7.6572593465219825,4.592128744027036,2.245795537510162,4.650663352838251,5.809350435048714,2.081713333644757,5.532380966412575,6.535186144529803,6.454988957966748,6.770174233801072,4.599018731735896,3.3637536125821725,1.7906256905301916,3.031540623082492,1.9023443183664313,-2.30479925926943,0.4146760080383274,1.5622462626980678,2.6517777423681537,2.759331352701679,1.0289608982365053,0.9492023294520777,3.0557106345570446,3.379929281057912,1.6191339504222242,0.8210638533122392,1.9266465150382146,1.817178031148842,0.12096358187170608,0.9771724235287138,1.949900558158106,1.0138884213315578,1.0282146325362191,0.6531051708080895,0.14632009204899532,-0.0838679178360735,1.528650726487058,3.2412095851764207,1.5261689209942233,4.756462403050023,5.81033360643039,4.093369380575609,3.668382556392885,4.162821785921096,4.745456155141937,4.844942029067738,5.2712829544152555,6.071115294188303,5.860654962387571,4.442213457308185,3.99023303883655,0.47542017107502943,0.3789789659771259,3.528182823892962,3.356567314304698,3.3922111109085336,5.217391770493464,5.326678991096173,3.0629695857331853,2.3362985066273723,4.391905477830392,4.44707588820097,4.774636679595346,3.4280539975989086,2.7888574751781334,4.049733629055481,3.6425654744125495,3.1859421644250006,4.44579135520064,6.776724466282872,5.831081964824307,2.9603613551486205,3.973701160034352,4.113100934347813,4.314468526992982,4.405251902906343,4.783272130734645,5.75162327609894,5.418208496606439,2.8752443395452474,0.6735954920233098,0.98695960557734,1.1009117057906224,-0.21139393474624057,0.7015842976380213,3.4103049043363285,5.668331785333407,3.3802294761463827,0.38076824428640066,0.3787414567423184,0.27242608500421284,0.6704262111255161,0.6258649328857473,2.276673630631308,2.5868639443880284,1.0364384974515133,1.9499736290408123,1.7669747739496984,-1.1771482870097998,-0.35167344972308,-1.3345095344324136,-2.888589955984969,2.153157758198006,3.2650551367200933,1.1891236881816667,0.28741022944325323,-1.1535085122501414,-3.3917640903475785,-2.0874541776263413,2.4633402858977433,2.7416586353800767,3.9065795104233985,2.5696654073240097,-0.26649983976426483,-1.1580484739664598,-1.6447526781843749,-0.24644519212415616,-0.07242001150308397,0.8764907804250015,1.7400808173646851,1.2603164969339105,0.724848857195866,0.4132111344007967,0.07652462707949326,0.11767450845769645,2.411195114030079,1.721788003852339,-1.0468989699361373,2.13756605231265,4.8654561050935285,4.807213686878981,2.579295213893147,0.562438848200884,0.8253707751878778,2.1940192724330814,1.418079624822326,-0.39124187169170455,1.7983119624259416,2.248311262036509,1.6776624079508906,1.8442730209926594,1.5727619800006778,3.53610613368312,4.867883980112424,3.9537488590635803,3.1283282328977293,2.9958719713358164,3.0732883226718855,3.7176036438164033,3.8672648827883904,2.4557442506122698,3.180734762992472,0.6280517486526378,-0.7654460805850931,0.44573639890552386,0.45554549218240936,4.618327850354831,1.6279991707743875,-2.672446941899466,-1.1991112840881897,0.711033367511277,-0.8734563144711274,-1.1650906230401574,1.087068737423408,1.8287347805294303,2.137486866259337,4.727714474455183,6.674402574335659,6.580154070551032,6.31963540929587,6.119196949061802,7.538226746455166,8.8539772363971,8.72971694568895,6.948098281359421,8.386926586059303,9.84716324591085,7.444313486077874,13.59374726966422,13.845050123935948,13.528995181628432,16.284612247612415,17.423170984796855,18.7254218495043,22.48725027449052,23.534019800438102,26.590749922428927,25.44639210831565,29.519961084843715,28.68737821380762,28.60221083078676,33.50646334402887,31.30925155937365,31.77186078357613,34.60582954012273,34.22386505031437,35.40158611393025,37.61822138961429,37.8210135739763,38.25444281274139,39.73360314531453,38.79410480518857,38.85674692358833,35.25779106092318,32.29986452083335,33.136054948368155,33.882215313277186,33.06252046701792,34.112335720482065,35.88407630096617,35.01054953234495,34.55821393524229,36.11329991985167,36.341624284295335,34.83978634817845,32.52054390631827,30.12740078127274,30.439685180263496,29.924527473554008,28.340375788220285,25.938290004979194,26.787808615823167,28.202852284540086,27.14614270707483,26.807144364555256,27.7047257617769,26.685694617351487,25.785576582543683,25.524879991610987,24.083168217440914,24.809679814807907,23.812439992669738,21.034401898938086,21.6379987221556,20.996721117737366,21.00291744057961,16.685408555281583,19.146926800369442,18.828978480594458,16.02630895281169,16.282440987853533,17.112544923843416,17.39461295698868,17.231550123023226,14.522097120563842,14.821395512962567,11.987594444565048,11.998287378358668,11.30512663716496,11.27519913499259,12.466508624087396,10.31196617644082,10.298345142784228,10.396274043824121,9.078150389963866,6.12139384533873,8.992693185800363,7.284530032092334,4.751677586157484,6.643262569532624,6.093451511789965,4.848196166847345,5.748448899980588,3.349303437349249,3.5972103521426106,3.363882333791878,4.796483372163152,5.45965758948455,3.7403447709137936,1.0310078372837097,0.24556319281418837,2.3068382714373,0.6030840665127926,-2.9418041280329703,-0.014069018035627323,0.8616663907022257,1.195813411348695,0.7742044134833463,0.5176814127295302,1.851541913696508,2.0994598340687958,0.9764052930960929,0.946005426644092,0.571771306141386,1.5876240646661017,2.3107367312440488,2.786889353873221,3.448000665493396,0.4564883879337458,2.0525592048639965,2.6827796175865046,-2.3863988239461946,0.49050348225290463,2.24271168734748,1.7845277977476712,1.6870529119986486,1.1831311142555592,0.7915865445774557,1.5409478145542153,1.1066245601326727,13.284021380352328,15.10914334952787,2.8225230221655693,6.873126500451235,5.971882494943088,7.622962437090109,8.20196660451245,10.592184942221138,8.681606282062262,10.936251843928858,8.765379284240908,7.332761767355578,8.408159129920534,7.016274322963454,8.062455208648998,9.618034054936686,5.974282509086777,4.934190006556662,4.925623315062921,7.178176003824717,5.753136706139969,8.256623659754382,8.846634409912724,7.479139309009497,9.457336828682458,8.748273569608102,7.487177559776342,9.38932355977164,8.574770737710537,9.352420096214757,8.498823147616463,7.761416699474523,6.391085195793721,2.9472145017026037,5.496575097127732,5.930308505164817,4.491484410189628,5.087936307843961,6.203058768058781,4.169580568768197,1.5427640472881876,1.935885039992229,3.750396719211892,5.974513538299561,4.901930532599181,5.3538995130504645,5.326201829696515,6.177655406565748,6.424090574519596,8.37271888259113,7.5990923018578656,7.728047854797126,6.191825368430159,3.1640274223642564,3.777545527805273,5.597460820962738,6.180797419666817,5.371901880048085,5.782698265157819,9.588342522731978,3.1549690261429646,4.156572518054077,5.022274378756492,5.04438527014986,5.214189961281363,2.325920714806557,3.620495062977568,3.735925032017235,2.848338741176917,3.1363053423654605,1.5637025405486042,0.0038315551863661312,1.9971382247595102,2.382133572912153,0.396162652090311,0.3509110968390132,-0.9911908690065729,4.124169267515981,0.6156815079403941,3.023464884742566,-0.3225056741383696,-3.8729257091252975,-1.9476587104134069,-0.8352798262330907,-2.277805616352964,-1.8914509142401812,-0.5591621534769615,1.3255128405311325,1.659681192146195,-0.41742364197727966,-0.5402805293559254,0.6807141641282897,1.1138376342612446,0.9037647138353577,0.6659648019940505,1.2777175102381761,-0.28652964777768375,2.1256492294542113,0.9379536320383863,1.708634839467095,2.7676725530629938,2.8400658345346415,1.030818351636242,2.008959367021248,2.07648312815229,3.000563124955079,3.2822288408791565,4.5983212268957345,4.648050290518881,3.1970928645865797,3.5449387936944845,2.422413051947899,3.314948413255024,4.816436881938898,4.151598988249759,1.936634272981621,4.270529947705654,7.315902180720627,4.124038588272128,5.517374736656052,5.086992019999059,3.525625333424614,5.047127227419537,6.182000290533097,6.491447290195538,7.590625453762357,7.92278584186613,5.792140670139361,7.7919028267799035,3.632441603193172,6.232011253782048,8.464676216580301,9.409181702904789,8.990646589323717,11.225772063440274,11.273195669652296,9.380817745796207,10.171873195748333,9.322818641553113,9.093788887286735,11.907271320368068,10.80849411805616,11.903139589148623,12.092177047530924,13.911401276930917,13.012420060843397,13.260218697872801,13.876867367022385,12.35125010682026,11.401345027092248,12.287670506445409,13.992087777492998,13.82781670736233,14.883527424128431,17.480798829334276,16.88414046507677,15.085446599981879,16.02262421855869,18.715945740131076,19.231092138010126,16.842879476803205,16.52537116558659,17.66296828461725,18.353967966693176,17.897318654487492,17.379747716995325,20.307231221761185,21.88584725812035,22.625871103435202,21.33344376640497,21.2397833388452,18.523554509695714,18.62739689469913,19.788076675211528,19.425402603442876,19.163313532873815,20.61472952874152,22.82512489229555,20.871221863312712,19.590879315072698,19.883294365764527,17.22227765300471,20.95218225967409,21.712495044472576,21.24417171814764,20.11476494129073,16.95987944929516,19.02284501685898,17.786094947301592,20.11911508501737,18.08645785516626,18.699389979590364,17.592772562892378,17.031317134657797,18.865457342148204,15.876655402930965,16.86443805427757,17.40481970360679,18.1111665875182,18.22098870994222,18.91991438087996,18.537307881202423,19.858342146664143,17.2077085229609,17.507722102375965,16.559816129468743,16.036393777713897,16.50862975796383,16.080503573915962,15.494787023717322,14.435198783792487,14.99521550257191,14.798768927934873,16.586274903942126,14.590182706887163,12.571656995451406,14.571005256407432,13.02770364123694,13.738190955649657,11.806766030709582,11.361163823661855,11.286045601309297,13.533576377150723,12.666027457955636,12.498445896745181,11.866019081500212,11.163289839810204,10.234812019693834,9.059751389950236,7.827386221288066,7.090366681175055,2.960759878949773,3.4793736699923556,5.884861072591264,2.2224238293631515,3.8651744713918106,3.4971689110342936,2.8368865022550835,3.6993028313331138,3.0307103395305717,1.7370873774762003,2.685471563040096,2.023265330618244,1.6424692347312089,1.0871832369480217,2.352160210762804,2.2793819248574323,1.3795921197290681,-0.2819002623757001,1.7224267175960222,1.1389149281815207,-0.7241737683088445,-0.2189474965031195,-1.9803441257716372,-1.2532236743106182,0.7014906814186475,0.5226379277284536,1.1455657698447794,-0.9872370259892591,-0.5605706264461219,0.08550113794797198,0.16722491795678707,0.05529681868466696,0.4412442273414854,1.150841351779377,-0.551081247789682,-0.15616285280020747,0.38833526961138887,1.572470292852131,-0.09230782623893674,-0.6949826376789474,2.4170708883777934,1.4888308535115584,0.9647990433766722,0.9232356396663022,0.7163570264217469,1.7402637727046226,-0.3964192099967363,0.4191442415607298,0.4734697522796978,1.0628080125702581,0.8843190893236397,0.40231382205655564,0.3891779130256623,2.4209774441781065,0.20823890776199505,0.9570024699433475,1.5957509030174606,2.417346766391688,4.007041375914184,-0.02073938961427757,2.9394272623562756,1.7132402086016327,2.5209597995334434,0.8512788314265549,3.01393477033497,0.49514815148143043,1.7877615231488448,2.099155958323479,2.994897165668874,1.5185169525266815,0.019882275967688656,0.17780891582003733,1.3438726596897936,-0.14643348627043906,1.5411931641584147,3.103544539855477,1.8857278452681498,-0.5555716563704891,0.1377227111631214,-1.591498526139219,0.6556793138640273,1.4041327140717783,1.4602322324398926,2.676063618542088,3.777156079444808,1.7511540331236688,3.271141583315,2.5169623021947416,2.338854332285308,0.8978465800382196,3.8336817072770373,3.23693846768154,3.972349894649085,1.5659646158520957,3.4049911400481676,3.579289796937644,3.0665837349014,2.0038669846255175,4.191158172481721,2.2616056072674553,4.972075440382923,2.0345117220679754,2.247711032698618,3.0819480206839103,5.293736733685506,2.489215544959137,4.736085408738404,3.3141594570932114,2.671005475438051,3.9334816892558138,4.547827770795976,3.126496988217724,2.663457657827024,2.7676680176553248,2.855443827473948,4.13870909079543,4.433482984572208,2.751279877354534,5.079901536141335,5.099791664717486,4.800185573135593,5.493148261664487,3.744970935124627,3.459316075193584,4.080342615223628,4.081399206112053,3.5028812098625224,3.4843351916668723,2.0386441584209933,4.276163913118495,4.57191375117759,2.9265534095407304,3.3135662646388084,2.671279150247159,4.75132728460494,4.234987342456208,3.360221924779381,3.8028289024136086,4.677280736933682,2.964031565295528,3.4023851543831825,3.7076428994822663,5.344785421069645,2.989669433701607,3.5573173772215227,3.6160411874276406,2.446997293019308,4.406430262068227,3.2833847109152146,2.430686553539118,3.4501390367132103,3.6372707500795514,0.8250092302583596,-0.2719892238804107,1.9440645386023618,3.672311238292167,2.491606367188467,3.227158199473564,2.8028380902473202,4.149139386346889,2.4131994414347844,2.9853345155488853,3.8424542553367473,1.4953120030530158,4.347528758699042,1.7431550602450159,2.1126210157910634,2.069355216348214,3.427790069985747,2.8289721577202727,3.03600277150025,3.1708238627597893,5.343124271715567,2.5834604414237106,5.458841527698212,4.1281801145304655,3.0874396316293087,3.2171198390495874,3.6674192847818006,2.5016679089717115,1.4901960174450437,1.11822319222793,2.95669274328003,1.9545080738167542,2.640406275759176,1.92994980710111,-0.22547150148557193,3.1872080130668223,1.188151582907949,2.266287380255875,1.775838868669581,3.4326931034387655,1.2655879144176083,3.1029128878004144,2.7272658572460386,1.0429026713173926,1.7098467281163607,1.168760969892162,1.4958672499404315,-1.1613083740301136,2.4830961877430866,2.355533745608227,-0.20128337277117225,3.4604564120199086,2.194773947492365,1.3430554577678038,1.4083080412403888,0.9603111229362753,1.7163812184961103,1.86311880514657,0.5426295595699742,1.3530584008474875,-1.0700199966324817,2.2149381444939706,0.23901051021849185,1.1517285445309255,0.7570120952546233,2.0428476675008653,0.49868653442993605,1.0073818645266215,1.0196273525789081,0.8881246492773016,0.3099661724899363,0.7356927376009139,1.6569370479428756,0.12433747058375388,2.480112407093202,1.2532173071539319,1.3749663812264714,0.27172986679337896,1.1031847486062816,0.545060230337441,0.10154609870008358,0.9350733578740744,1.8454936561815316,0.34850174912085663,0.8393851031489419,1.8322818578801758,0.10780956117797302,0.9741200625407345,2.2158666655297594,0.4521065679935248,-0.11251670595459018,-0.7162231417675002,1.9748432791541433,0.7309394038117034,1.0920286077963226,0.76230454028493,1.3703915884195652,1.1472852789320314,-0.8199856732895512,0.3212094437307087,0.30360589537384897,0.7205422474194734,1.8393606363607091,1.097912465015341,1.4202702657417206,0.5759501866930634,0.08696304600709936,1.7938315671172518,2.541915500893424,1.076240251341801,0.29747824610903706,1.1072020737726405,0.3748187658184463,0.5629511853949936,1.5504514062157,0.8588029764604528,0.37851547334605584,0.38957897902938043,1.0270403005110325,-0.3455686867444854,1.0701287607265328,0.5046722313457508,0.2775523173619945,0.6512908715919536,0.6520205589406771,0.20129786834439756,1.9077824950215785,0.6457743728498713,1.555015139459897,0.1695945124362055,1.034138247709393,0.8136715593483359,0.8477648460939236,0.5886059179956789,0.9786702810883412,0.22872867063199465,-0.12104916709364488,1.2327663790136256,1.8410426418800512,-0.3019937938448152,1.2436079596886884,0.6948861306548082,0.5379141622223074,1.1381447005322798,1.6542813755320935,-0.21610816090324647,1.613375669958316,1.1659097938392051,2.748316605007119,1.7946156467637024,1.9511217198056272,1.844618195367815,1.3007484180301958,2.958906768614014,1.8592748513811728,1.3075216456013266,1.232812953894097,0.2238832347478592,2.0508327901665666,1.618565671738537,0.6066668172774143,0.6235540105525672,1.149890763240876,1.7743346042535109,0.44735172436810444,1.4168400827295784,2.1513549423806353,0.5219630213594542,1.320484301572776,1.0024578899770802,0.7130055861874212,1.6827517140847874,3.0700930482221622,1.4463366563029751,1.2323605270487121,2.6209541256408215,1.6730861153137653,1.9225566232807978,1.4859369107161058,0.6403281368701244,2.9744386732393195,2.744434407853703,0.6374425401860151,2.384642119288941,1.484279086037219,2.366720419696918,0.49637530950467124,1.8411774882984844,1.9682275093959447,0.7872847385791744,2.670373359455894,0.4161379603038142,1.0927541123632238,0.8477125308074989,1.6085560065931332,2.305215246393516,2.430075019659199,1.4054515059443418,2.4716690646471164,1.3706884197473812,1.8009214640738662,0.6307247165698868,1.6083716608621614,-0.01668554104023201,2.3321115878647447,-0.5350204733199746,1.335029266170352,2.4831303897017847,2.347090671111914,2.268621597107,1.658835207037754,2.1316707670060566,1.201484705111227,2.1742477687561177,2.866760510732412,1.2721233152350564,2.2965451054665493,1.441098569018493,0.5339168632910187,1.7075649168576206,2.1255486144217173,1.764911267586541,2.4097524024023755,2.247419201680117,1.5790624707810252,0.9310830344650469,0.7670077192538258,1.5053650896153385,2.3952462248695383,0.8792158697178252,1.8490534646397023,2.185155305552371,1.5364645615732968,1.627569630081723,2.007784859546746,-0.16865613072570795,0.6208158016687548,3.1352140347480884,1.9364884384037353,1.0609957650506203,2.4038839247732824,1.9572207349843609,1.9607468073760685,2.1859141362876926,1.6928517355600263,2.085042434866125,2.1267621990372163,2.510135600318314,1.4794567980825661,1.5055020920472373,0.4013518637201514,2.4949865515785064,2.028849597177185,0.5267257453067486,1.301599366974358,2.7878804091766938,0.3531337485649715,0.748430757904714,1.8516204235737916,1.8051962799098362,1.0129241065083079,-0.13183699169556462,2.0468723917728937,1.4144622788775507,1.6013037295705317,1.3572668689008367,1.3920452701855766,0.28851657511657436,2.6691662878900786,2.2605562693487684,1.296099309707671,1.3564522358216777,1.134416215150651,0.912311780241545,1.6331305843305017,1.743781883514373,0.8997051966021559,1.7774694761789078,1.9858220821736836,2.155791843496985,2.124839733006553,2.8082081852268814,1.4550246150695614,1.469250903939674,1.2566340660601085,2.0116706635529056,1.9382336587555926,1.073295178072918,1.5297243708833435,1.5930282186887368,1.9603308290711539,1.511285599772748,0.3367426319167386,2.568731532480058,1.4008644400731818,2.457367707868798,1.3317706800568203,1.7483340377320609,1.7759743194129385,1.9442974334621361,2.083083823779699,1.6705493324872727,2.209459077650987,1.6969532391638324,1.4380712510705678,1.9930365513047263,3.4584760899984097,1.4755169689323964,0.9951976719448474,1.7302047134228324,2.988288671441669,1.8181533964904872,3.132317747846912,1.5797525056341613,1.369309347070839,1.7886953059264954,1.2530911102165838,1.5810147877245129,0.48340024129095127,2.391172899614844,1.4232025552865366,1.910501706115042,1.2413737384728165,-0.5018569273424021,1.709062578438278,1.4394250823706898,1.4916848764569046,2.054456005607168,0.9566912632682509,1.41442247633287,1.4376190591302418,0.8603984626476802,0.5802458377385165,0.8251973966772539,1.2571519798707946,1.6499410997227812,1.2473878268816634,0.18390573472635197,0.26052852641373647,1.4552231752840044,-0.274993688758002,1.0859096927180758,0.9176629452335838,0.9245710099129951,0.9673432313539934,0.7334863470485402,1.3373411041994245,0.19753894814544992,1.2523626034548556,1.0224483668609992,-0.25608487834699645,1.5645866659646686,0.2689050863439775,1.149389934340089,1.6396949966967327,1.0405145793735642,0.35313295802779976,1.0313623041428173,0.6492807145825736,0.798754116423936,1.5192039138079885,0.23692849093703217,1.0337264920802944,0.4031473312709881,0.6987390221729015,1.252977150439623,0.6244553196193579,0.5380248662391978,2.2072303016853425,0.6461064628750268,0.5083650137320888,1.746711617900477,1.7009130072675607,0.6551336653798217,1.6110261945718793,0.47387338831777015,1.0653006142796926,0.5266076846146461,1.530776319414997,1.0049738626871072,0.7687157948493564,0.6119154450414044,1.008269596719913,-0.22832460365526863,0.6781718802101295,1.363822889884716,0.3530560373158078,0.7729046177706795,0.7116960654050803,1.1891771096432535,0.690274805773015,0.5875112668614992,1.896944150962101,0.5513695675086865,0.2868156292340114,1.4156052927207288,0.5506338811944715,1.1205323932761075,1.185767710023244,1.1984215143807546,1.1196457671400708,0.40385746122814226,0.966668469672415,0.33934652416246536,0.9332766761028211,0.37768127664242,-0.9107485061800844,1.0571987139481394,0.2523259813517029,1.0327119304359957,0.362562909326698,0.008848148107745146,-0.35223960287487444,-0.09222278123252181,-0.26180811206262433,0.18288782594123631,0.5675112617452669,0.6711233230189464,-0.22738371967307103,0.5062471366209138,0.14238831276048813,-0.008983634007620367,0.054920758941022996,0.38444505928191575,0.8918064559076129,0.07467322536473375,0.26096143404737404,0.8945711038947479,0.6571808943853625,1.3157335814730118,0.8716527332429109,1.2275344241460857,0.0431834656258161,1.1743178611915255,1.3232971505612436,1.6701342594394077,0.9213188412466593,0.5533322570854597,0.6912916401838061,0.27687481367593136,0.7491006875724224,0.8377472308055189,0.7525050952705783,0.2365264198284649,0.5043301504134661,1.2313517284721343,1.290039446324215,1.1262267118015643,0.18788875624693357,0.8806890299838397,0.2136482796107657,0.656068535727683,1.1133222497690536,1.5268335577457037,0.7595462406530942,0.9976651877897211,1.291256296483823,0.37721063971827107,0.07544080212784454,0.5523845228871096,1.2702778353232684,0.5717354406694426,1.0228712112268,1.0456987729138518,0.23811589618804962,0.84760549397663,0.6118996123473721,0.7727838052891229,0.8009077585633113,0.8210944548293355,0.8400075025271008,0.8581520760890271,0.8755750254376835,0.8922911665907804,0.9083128438228982,0.9236523121792857,0.93832173587424,0.9523331867568459,0.9656986428440177,0.9784299869193092,0.9905390051964105,1.002037386045913,1.0129367187846583,1.0232484925256244,1.0329840950880111,1.0421548119660429,1.0507718253554685,1.058846213236734,1.066388948512838,1.0734108982022121,1.0799228226844093,1.0859353749976322,1.0914591001881035,1.0965044347082085,1.1010817058645443,1.1052011313131516,1.1088728186015828,1.1121067647571863,1.114912855919954,1.1173008670191962,1.119280461492906,1.120861191048789,1.1220524954661641,1.1228637024385648,1.123304027453969,1.1233825737141387,1.123108332090169,1.1224901811149834,1.1215368870105067,1.1202571037497364,1.1186593731516723,1.1167521250094978,1.1145436772507082,1.1120422361274223,1.1092558964376167,1.106192641774669,1.1028603448068566,1.099266767582833,1.0954195618655262,1.0913262694913328,1.0869943227544354,1.082431044816758,1.0776436501406579,1.072639244945492,1.0674248276857838,1.0620072895521844,1.0563934149929537,1.0505898822553945,1.044603263947522,1.0384400276182646,1.032106536356423,1.0256090494065688,1.0189537228028485,1.0121466100183625,1.0051936626309725,0.9981007310036603,0.9908735649803475,0.9835178145949612,0.9760390307937996,0.9684426661717112,0.9607340757193015,0.9529185175829298,0.9450011538355625,0.9369870512581997,0.928881182131704,0.9206884250382927,0.9124135656718977,0.9040612976577336,0.895636223379654,0.8871428548155791,0.878585614379574,0.8699688357715445,0.8612967648326162,0.8525735604069951,0.8438032952093408,0.8349899566967451,0.8261374479458254,0.8172495885343665,0.8083301154263154,0.7993826838607561,0.7904108682434412,0.7814181630420194,0.7724079836830242,0.7633836674510803,0.7543484743900422,0.7453055882054969,0.73625811716812,0.7272090950180541,0.7181614818695721,0.7091181651161946,0.7000819603353534,0.6910556121926561,0.6820417953455262,0.6730431153456493,0.6640621095405663,0.655101247973505,0.6461629342813922,0.6372495065912176,0.628363238413499,0.6195063395335865,0.610680956900751,0.6018891755135769,0.5931330193023996,0.5844144520085024,0.5757353780599033,0.5670976434428212,0.5585030365702437,0.5499532891452645,0.5414500770208406,0.5329950210543757,0.5245896879582119,0.5162355911452892,0.5079341915694044,0.4996868985609808,0.4914950706568675,0.48336001642530846,0.47528299528534035,0.46726521831971013,0.4593078490828475,0.4514120044029255,0.4435787551769863,0.43580912716100784,0.4281041017529219,0.4204646167697774,0.4128915672179687,0.40538580605732477,0.39794814495888886,0.3905793550549106,0.38328016768286943,0.37605127512250647,0.36889333132546653,0.36180695263800544,0.3547927185171602,0.34785117223901807,0.34098282160056215,0.3341881396135591,0.3274675651913981,0.3208215038285971,0.31425032827280575,0.3077543791895323,0.30133396581913985,0.29498936662673714,0.2887208299438839,0.282528574603532,0.2764127905663827,0.27037363953996874,0.2644112555907441,0.2585257457478747,0.2527171905990713,0.24698564487965768,0.24133113805305584,0.2357536748843927,0.23025323600523961,0.22482977847221264,0.21948323631642097,0.21421352108592373,0.20902052238028546,0.20390410837813988,0.19886412635565875,0.19390040319882473,0.18901274590689354,0.1842009420892623,0.17946476045409554,0.17480395128922055,0.1702182469362583,0.16570736225634164,0.1612709950886142,0.1569088267016241,0.15262052223675937,0.14840573114446443,0.14426408761323728,0.14019521099078247,0.1361987061986838,0.1322741641388916,0.12842116209344567,0.12463926411697912,0.12092802142217352,0.11728697275748345,0.11371564477883567,0.11021355241337005,0.10678019921658688,0.10341507772250225,0.10011766978715286,0.09688744692510909,0.09372387063905308,0.09062639274338835,0.08759445567983448,0.08462749282750792,0.08172492880618165,0.07888617977266676,0.07611065371139603,0.07339775071801569,0.0707468632773498,0.06815737653437282,0.06562866855927041,0.06316011060681603,0.06075106736852831,0.05840089721999675,0.056108952461443096,0.05387457955322361,0.05169711934462384,0.04957590729742378,0.04751027370349448,0.0454995438975061,0.043543038462871664,0.04164007343354115,0.03978996048903127,0.03799200714473727,0.03624551693741296,0.03454978960428434,0.03290412125795683,0.03130780455603599,0.02976012886551871,0.028260380422693743,0.02680784248747159,0.025401795493735335,0.024041517194461903,0.0227262828025232,0.02145536512665558,0.020228034702938658,0.01904355992184037,0.017901207151339804,0.01680024085482046,0.015739923705552883,0.01471951669691407,0.013738279247945684,0.012795469305842744,0.011890343444008522,0.011022156956244089,0.010190163947413566,0.009393617420187184,0.0086317693582032,0.007903870805705537,0.0072091719434297374,0.0065469221617036055,0.0059163701297393345,0.005316763862140306,0.00474735078176991,0.004207377780005572,0.003696091273241109,0.0032127372573427238,0.0027565613580691206,0.002326808880184217,0.0019227248524202878,0.0015435540709631823,0.0011885411396974632,0.0008569153811777142,0.0005478943516550316,0.00026068712384130777,-5.502653664279933e-06,-0.00025147391312430045,-0.00047802553189058017,-0.0006859538979711033,-0.0008760506666476431,-0.0010491007026303123,-0.001205880197460374,-0.0013471549566475005,-0.001473678847617066,-0.0015861924010778239,-0.0016854215581361132,-0.001772076556733282,-0.0018468509491640361,-0.001910420744025032,-0.0019634436659998755,-0.002006558526829849,-0.002040384699967035,-0.002065521693964456,-0.0020825488174409656,-0.0020920249303344463,-0.002094488275247386,-0.002090456383768924,-0.002080426052089024,-0.0020648733810730846,-0.0020442538752263317,-0.002019002596739483,-0.0019895343694429357,-0.0019562440292020256,-0.001919506715182706,-0.001879678199884438,-0.0018370952524833228,-0.0017920760334391161,-0.0017449205161597092,-0.0016959109323124721,-0.0016453122388497832,-0.0015933726029970785,-0.0015403239034981198,-0.0014863822451047781,-0.0014317484825596694,-0.001376608756004316,-0.0013211350313326875,-0.001265485646115394,-0.0012098058585365834,-0.0011542283980929824,-0.0010988740173729639,-0.0010438520420166242,-0.000989260918686341,-0.0009351887597972564,-0.0008817138840413463,-0.0008289053517387401,-0.0007768234943341668,-0.0007255204371290347,-0.000675040614567024,-0.0006254212786984681,-0.0005766929984361013,-0.0005288801511369456,-0.0004820014047481891,-0.00043607019125602164,-0.00039109517081215017,-0.0003470806864243059,-0.0003040272090970575,-0.000261931773991364,-0.00022078840635231245,-0.0001805885385124384,-0.00014132141654954467,-0.00010297626869260057,-6.554230895972069e-05,-2.900874102351736e-05,6.635237809859973e-06,4.140043341749333e-05,7.529765110803055e-05,0.00010833769152895911,0.00014053134822233915,0.00017188940370260752,0.00020242262644387665,0.0002321417675830162,0.00026105755790695184,0.0002891807048968076,0.00031652188994257813,0.00034309176567148825,0.00036890095287844815,0.00039396003830916015,0.0004182795717042609,0.00044187006324136746,0.0004647419813181841,0.00048690575022192206,0.0005083717479124061,0.000529150303464121,0.0005492516953040649,0.0005686861487106398,0.0005874638340515048,0.0006055948646803699,0.0006230892950611633,0.0006399571191764153,0.0006562082685377391,0.0006718526107079015,0.0006868999472544601,0.000701360012897112,0.0007152424734613305,0.0007285569244572798,0.0007413128898861032,0.0007535198209893679,0.0007651870949416661,0.000776324013543217,0.0007869398022535279,0.0007970436086566224,0.0008066445018357626,0.0008157514712934244,0.000824373425587055,0.000832519192044856,0.000840197515572072,0.0008474170576278084,0.0008541863955997542,0.0008605140222357477,0.000866408344620595,0.0008718776838918529,0.0008769302746145513,0.0008815742639285418,0.0008858177115484978,0.000889668588740733,0.0008931347783232013,0.0008962240739265326,0.0008989441799940323,0.0009013027110427174,0.0009033071918906899,0.0009049650570887025,0.0009062836505790983,0.0009072702259231846,0.0009079319457896418,0.000908275882181897,0.0009083090161539076,0.0009080382379238472,0.0009074703470446366,0.0009066120521197263,0.0009054699711441572,0.0009040506313908736,0.0009023604694675669,0.0009004058317714225,0.000898192974034373,0.0008957280621757491,0.000893017171961219,0.0008900662897985967,0.0008868813125673114,0.0008834680481868418,0.0008798322157872462,0.0008759794461639103,0.0008719152819480769,0.0008676451778910632,0.0008631745018305992,0.0008585085346339838,0.0008536524709370497,0.0008486114194852235,0.0008433904033040562,0.0008379943607792484,0.0008324281456566496,0.0008266965279517535,0.0008208041943476019,0.0008147557486495316,0.0008085557128083565,0.0008022085269772106,0.0007957185506484166,0.0007890900628808595,0.0007823272632094813,0.0007754342722705587,0.0007684151322564503,0.0007612738082229953,0.0007540141880895135,0.0007466400838893605,0.0007391552317699279,0.0007315632935842586,0.0007238678568910473,0.0007160724362620385,0.0007081804738504616,0.0007001953401868377,0.000692120334917945,0.0006839586877163129,0.0006757135589054997,0.0006673880407106481,0.000658985157826919,0.0006505078679310827,0.0006419590629320737,0.0006333415695962685,0.000624658150400137,0.0006159115044397367,0.0006071042682265215,0.0005982390165968354,0.0005893182637350947,0.0005803444639695954,0.0005713200125683215,0.0005622472471600304,0.0005531284475637221,0.0005439658377781598,0.0005347615863797728,0.0005255178074889955,0.0005162365615660747,0.0005069198567184685,0.0004975696494398107,0.00048818784557624895,0.00047877630117909575,0.000469336823471167,0.00045987117175627645,0.0004503810584992607,0.0004408681500081002,0.00043133406757078774,0.0004217803883079796,0.000412208646309864,0.0004026203333751255,0.00039301690014781343,0.0003833997567426195,0.0003737702742228066,0.0003641297849981129,0.00035447958396161994,0.0003448209297971516,0.000335155045661395,0.00032548312026392523,0.0003158063086061702,0.0003061257334024958,0.00029644248525073635,0.00028675762456487064,0.0002770721818023958,0.00026738715894225606,0.0002577035299395902,0.00024802224231734726,0.0002383442175073469,0.00022867035210083486,0.00021900151898535114,0.00020933856808369455,0.00019968232743394765,0.000190033604042128,0.00018039318507589996,0.00017076183860353922,0.0001611403149013313,0.00015152934673778873,0.00014192965113579703,0.00013234192977051862,0.00012276687004941778,0.00011320514624912903,0.0001036574199702045,9.412434167188621e-05,8.46065512973837e-05,7.510467941074239e-05,6.561934799265146e-05,5.615117180468587e-05,4.670011577445621e-05,3.726558907146682e-05,2.78465383303228e-05,1.844154138552767e-05,9.048900494690315e-06,-3.33264949858858e-07,-9.706925027330726e-06,-1.9074046406331036e-05,-2.8436499803774495e-05,-3.77959669322081e-05,-4.715384829978575e-05,-5.651117004390471e-05
22.30895545351177,22.164445762230343,19.43466772677209,16.507678423234665,15.965807886592188,15.087124247145312,11.848668647988575,8.328615977410664,8.026099411489668,7.676518383285611,7.75910697246718,8.47154331527031,5.065093639207362,0.7091751801051487,-1.1526864459998478,-0.7697757525829729,0.05162732253904778,-0.10754250642048646,-0.5531303155673868,1.4832386336636318,1.906297094890192,1.13017708746861,4.038370791688408,2.351284337320976,-0.2562698114174964,2.6419243831539916,3.5081572731312463,3.396149610480961,3.19201925729044,0.6614003375955235,0.30717030857306327,2.399540545635432,4.040936748946706,4.167463577935564,2.421646186374346,0.5384165378517309,0.9314172912916092,1.1486904658386266,1.2920499601524398,1.8170693236481839,0.24115058981726634,-0.1986998973682148,0.6553615842926774,-0.2102059946207646,1.8599405482788143,3.9735390545429254,2.2842256172292537,1.1086608343848638,4.052262399853362,6.93059193958095,2.9477604789751695,-2.016706610553342,-3.115754955494367,-0.8594269161613965,0.16560583685645724,1.318236781921314,3.307090826147146,4.327975362011898,2.741492373159872,3.721658937780944,8.463182777885095,10.157963626128435,8.34958493916156,5.240320564088279,3.3509249583676137,3.822635453863086,3.7758760590650127,1.6916661033253604,-0.4547738014355218,-0.05571588824477658,2.118093108224002,3.3762903056658615,2.521066320904083,3.9405489331328454,7.064674751471557,7.613052842547177,6.8073667618314175,7.452795397240834,8.537378284079978,5.611837317842742,1.0337172707538684,-2.1995450680205977,-2.5389993408111877,-0.1684615003896397,2.7112488279719855,3.2615573391138923,1.0710134801895492,1.3256395167273922,2.8230909079360345,3.0613403632725067,3.1985165598848653,5.514146794568433,7.176063708329252,5.58024880482094,4.583254159153057,2.4712577532545765,0.21940195447905353,1.2171355236789623,2.818262668516695,3.402100170254016,3.7131989033259742,4.9815830347708925,4.169515129838146,2.4511102829625315,3.9276071950646383,9.491320982110437,9.483846152461297,4.922069234096853,4.237914869111819,4.4961197073942,4.634161674259531,3.7903849446296363,1.7908773706360535,4.536128280839648,8.136526727057685,6.484382694213082,1.2811484199825145,0.5711710014164737,4.650262251200729,7.802881385841829,7.172190770100542,6.5325775743876875,8.749431669863498,13.066132997086925,16.849229566986082,16.419735857313526,14.728730578867726,17.338069609067134,14.584997977457874,11.527340034466079,13.754107636861818,14.633730433993492,12.64828416073658,9.615658518281066,8.056744872676177,8.470583042467865,6.523509403808816,4.758690540480757,8.090203028445785,11.777704022484386,10.38816188007604,8.397723468429149,12.426821725311584,12.284487381531221,10.001551683026264,9.84456242072406,10.868518533834049,12.23699952007837,11.984494434858561,10.912336813001502,11.735005963541084,9.016955690215127,8.9271308107609,14.483901510751593,15.053537473672577,15.392199512743787,14.366276428019319,11.190483117052167,14.258427083736251,14.283111685573772,11.482360631568099,12.761374132098808,14.933249198528529,15.362290062176498,13.960284812599411,11.361432112499642,7.668618193395332,11.444811158473613,17.84685041437217,15.663288090435117,14.216426972727731,12.991288007549315,11.784231051587426,13.621839271776025,15.308404617563156,15.620385644963562,16.203563109620063,18.34379188873072,18.18422504382488,14.358797493458724,13.046608353391093,19.784238213656863,20.849416261974056,16.774508379511644,12.647298284372141,9.403834618769679,9.7194225726887,10.013995301979776,9.555019170238666,11.245274481067895,7.827384332568499,5.446863764719637,8.113484847262498,9.118574281033375,7.360269478957434,5.604809969446251,5.209132787071667,4.755821378581004,4.652470876839743,4.738133458661991,4.8057182574905255,6.050050436860829,10.950744718799115,12.00871648985742,9.945277990732507,14.30919387453082,15.95354908889351,13.218060451323481,11.607421211312158,14.389079644201502,14.170448684903818,10.960612192704502,7.443457297344139,5.123975989533619,5.858599945325523,4.929480543219142,2.1007021696029824,2.6720542843240764,6.325223109815283,5.977917550523216,2.605157890090595,3.5659359823371233,7.788762463535704,8.172606597740696,6.035199077161565,7.165949464247433,9.09859044839618,9.932710936004469,10.390762693141824,10.623297078544283,8.088054353278267,5.5567995949866145,7.810208205319896,13.350207471654812,13.72694167378495,12.66267289710754,13.0318835340139,13.58399367547122,11.939454824102086,9.425199057724058,6.702996127396204,5.163069431501526,5.736596287967018,4.172075275756924,2.3779165095504595,2.601763085257062,5.262095263338097,11.354785622203622,12.470005530460412,10.023303639205324,10.931081844722257,11.761840650339764,13.102817259246649,16.06895765938532,20.327086411228493,23.9377642613224,23.569948361004435,21.494217002992514,19.963812138634466,18.84342376516929,22.64739808657987,25.561038895162255,24.06609547237963,21.12185360609078,17.358556150201593,18.28998876830792,22.037174157680738,22.917178108467624,22.37664184381731,21.550986033442314,22.455878132828275,22.27702738767539,15.101202809814822,9.979892863062105,9.035263212050836,9.277051765612327,8.897795822020498,8.772954115125458,9.548065055403299,11.651930336191981,14.016402453835212,13.478545141826885,10.235711259364848,9.895591673261265,11.020893316600677,5.772832875096356,5.80560688940318,7.226963568987003,5.450924956814561,4.93380973643832,8.82572266741181,10.306675242469964,8.958289399900877,8.974673840293235,9.92627914184527,9.831553032162219,5.876666855596568,0.4370609928766953,-1.2913901926233393,-1.9231761507667215,-0.24330577321643432,2.528599740152231,3.2074064614716917,2.5382780615775573,4.811910117126786,4.537992091573869,2.556657303119664,6.48379545210355,5.814019127730262,5.432809411449966,6.340881178311065,3.3206870413306433,-1.8121789307180052,-1.375851028474699,2.1990666050238588,4.891468310947175,6.964244792589511,5.901538705504436,4.056693668977346,3.924837380108329,3.964170860796912,0.8230802873337097,-0.6943478768139357,2.4364927690452305,5.227581222302206,3.276589596074018,5.281714383063445,6.7803851467515415,5.831149086511232,6.237853016644976,9.600119535528734,9.598442199784017,5.779890754458165,4.443304004285437,8.18347964866723,8.82989511845608,6.613699389437215,4.404468288782368,3.6613765916674765,3.8688671875095224,3.7109675605247503,1.5491950424176366,-0.9135027421411905,-1.7227134796505652,-1.9000289965267712,-1.1137525799465493,3.2873503361685152,8.365230910453874,8.117142707185394,3.892938551771749,4.833364012595666,7.541444542183626,7.178859894881725,6.564393563079193,8.592084668936195,8.705654295360318,8.067206455113592,8.362648001329944,6.762992402297641,4.563580903321508,6.320069014813498,11.16965475957727,15.568016973722933,17.319527224050717,12.032937844778417,11.769086840514888,13.778142067262934,9.900541200210228,9.13596125938659,6.845772610705694,2.162584940859915,1.9293954355580354,8.858097548625324,12.450440497979002,8.800518807132448,5.365096652992975,7.471603836322174,11.250326066684693,10.821660611172092,9.304599803249516,8.695332159841314,8.921380716630438,9.387989807735266,8.92618412513616,7.7786695509207675,8.320109082370436,11.526788474056616,13.490227023539319,8.780885746793501,5.583299017802801,5.85861166058703,6.371617843180502,6.0094256008808316,6.4682853982305915,9.267384110548392,12.118962165542825,12.553862579809675,11.187216708829055,9.99890074644577,8.35483713106305,7.569494664476451,8.395085453622187,9.071125535986994,8.28769163298682,8.403499695643859,6.565533889180301,4.9718029290929735,7.314516534482209,6.675471329611355,3.9910164299490134,5.575796181853548,9.038949161488517,8.81743321165618,8.43292206813885,7.087691612318963,8.273567663537392,11.142836758146586,11.892401304361215,11.101669920331119,10.124158921684511,8.835844451382854,6.479217753252669,5.043412253942961,6.790021669679959,6.510729544380752,4.655543938272331,5.035190033946492,5.114872528909473,1.3480768671486203,2.269464738976353,5.130860785835239,7.873237371440155,10.740605897201021,10.598986254548436,3.5930837842893197,1.1601442712392327,0.7146470276233003,2.819325644184346,6.721483952699828,4.565398159265328,4.770612352515059,6.503862547356334,6.781249516010121,5.703468106873629,4.0617032128755,1.6584916956601319,3.690107803670003,3.8957943694988444,1.6142811614172388,0.9866046870224636,0.06761965185876306,4.087046385466124,6.699593003591417,7.862884693745855,8.123840407074795,5.3155111209355255,6.298412820613976,5.838395432501102,2.5348043468968626,-0.6394804734884474,0.07668972354383641,4.565563771048801,2.9382112951938097,-2.0935294914415863,-1.4182235021303313,2.679894157828585,3.6817391422980563,9.104786895745747,10.700826459309383,7.660732877709734,4.128444090429298,3.5772429740022744,5.755253300712184,4.927932469493271,5.303364256879604,6.190706165361348,6.686590753030714,7.279007380783469,6.062939369763171,5.9708937272746425,5.780347557453979,2.901895043129116,1.6183221719061294,5.30891122323294,5.749855935818914,5.216372954982262,3.7369742494936418,3.161338258673709,3.441804180958343,2.9503275978684087,5.961268531900714,8.458337296456534,7.316295854904183,8.309563527903038,11.10800568182708,8.367631871625122,8.07159897894553,8.067931212736653,8.820618771661202,9.789866867901765,8.277493601110109,5.957203298982336,8.144606199746704,7.016151789660853,4.4114357131784345,1.3674406084501243,-1.3393493743917588,-0.32936184305253846,0.20649324885175702,5.498390751356737,3.8365030524423673,-0.14616353709425312,3.419725034893645,6.908753291009361,6.64747074391471,3.2832269966461354,2.527518936712113,1.4328465412669402,-0.2545648793493456,3.255211013793769,5.19106792356888,1.060768856233949,1.1772520801898736,0.5120861288546621,-0.6849013047349217,4.28551927671765,4.2419078815006515,5.666337272944247,3.947984282375387,1.029980252612063,-0.7868778527008544,-1.5409655361980867,0.8752845481703844,1.7334564668568646,2.544208905816731,0.7905514518782866,-2.126049531300623,-1.6862688723988413,0.31539687435804353,-1.0250292215065429,0.5438713858037545,2.6747114719059937,2.0926135236549044,0.9166206588718069,0.08291445799159192,-2.3755828675562043,-0.2502899349465224,1.8424469850415335,2.1410204276238574,2.213656728146816,2.957378394573311,3.8657653306880775,4.6700070078195495,7.4255722958757815,6.693544832139423,4.606784855086062,4.284785234617857,2.460991016677667,-1.802478864864156,-1.8180174409862957,-1.1594134723454772,-3.1014875259128303,-1.8727230068726612,0.777248185098415,-1.2696565479997162,-1.8951917568922454,0.5693156163581534,5.373428974118269,5.96953148604166,4.215279221939909,4.227421892952066,4.800687304314351,6.0573785221145044,7.36442703862167,5.035419013804358,1.9626141875953635,1.660097968260402,1.5000488295227115,0.4609683212836444,2.2587235660955685,-0.46094775411688715,-1.349061112989034,1.9134043175077977,3.4491326234508506,4.164743246452645,6.109982724618135,4.666445324109532,10.278163664934482,13.306467263737431,11.34693753903366,11.146277625566881,13.74251032416828,14.300366305416219,12.991410803138251,13.548608988312822,14.642546803089658,13.580100338664124,15.233879085258081,18.462636194614674,17.39764526774536,14.59528792267929,15.248418647056042,16.157312343986405,19.734180868301905,23.796813072383884,23.990022202383557,24.71106053102028,28.67370625232411,29.8486930970314,33.13296042460172,32.996503691656585,33.06648056886536,31.988355974121987,33.041746792109734,35.777629013363935,33.44424094924568,32.933799266946494,38.38046064860896,39.14402545565224,38.90545720363639,39.35102555231322,41.38684490370076,43.11964828330861,40.86789553499307,40.06057685861447,37.78115834771256,37.26752103508147,34.80209783946236,34.46437605831284,37.65445718466253,36.26804473385323,32.576387772187445,37.11776054775669,34.35603219554537,30.392580345793135,31.27348134157353,32.7064906156088,34.154853637335236,34.044275984446585,29.794417338682592,29.006086321105386,30.207517772553956,26.475588652790407,23.596218310980703,24.35739864404468,23.343017626780693,22.15447788809047,22.86443216398027,20.61138790860241,20.025244332634884,17.11956557780411,16.057205775499824,14.480692638123855,18.06203225282627,19.942711680563093,16.37304185968071,14.130919624879198,9.991249450898522,12.476431957980367,14.11338336880442,14.550051373250426,15.83660392954755,14.078200216700793,11.654900173804663,12.667709597759085,12.325848452005062,9.737766390243905,11.976328337498671,12.996112112203264,13.937424315627368,13.558184995523106,12.514017884025748,11.936802681669974,10.304731314151923,8.380723517393449,7.486596922624585,4.829178088627714,6.2449925325574895,3.2858362847440503,4.155482290081181,4.52102103597224,4.0716373208359755,3.76915953395644,3.497351692611005,5.792504292629701,5.628285409794216,7.363311271105545,7.384823029016502,5.219465396524356,5.96181447704987,6.287378469255373,5.933432553745774,6.213240051920366,8.228759980897053,10.258525443501753,4.7781512392148215,3.671759442446387,3.826889618540463,0.716225008635206,-0.3496609038218139,1.2361920117465388,4.22442410537144,5.362806951121229,5.693911505310439,6.552483480940623,3.1606581583416755,4.2506409633760995,5.143565228497323,3.393535052500397,6.336453336230193,6.04229246539694,4.116668723315684,5.119665562509795,4.364234676179649,2.3918428705587758,3.1431264373326258,3.7764948665023894,6.693765536881415,4.160036699633906,5.719458670922336,3.89274385090539,3.1267515287333936,6.549553983188844,7.034340367878485,6.955825060360439,9.838257867571429,11.307450400865036,11.533585846363167,9.80147028288036,14.038608831184774,16.938740983460548,11.246691253811832,12.168464103093697,13.79861267217916,13.96289005697065,13.966418090696834,13.076536448577826,12.963293370130145,13.31236078721679,13.269553378339538,12.583345623577202,13.04511839089696,12.379051582899933,11.745847235175347,14.019157805563395,13.614809870289037,10.697652041160723,11.485449048974942,13.037456253981645,12.342432262417105,11.58121201349104,11.608762512951216,13.757893846704519,12.07320693197073,6.500485392209839,9.086524827156268,12.984687569307653,11.945564046415825,8.667863504950788,5.884961965576338,5.5034523556071235,5.305903576362027,5.163629096001671,4.459721637252926,3.7806425471043212,6.375755558603885,7.223733108766737,7.213769457969477,8.081798866872077,9.73440917163191,9.37152236116492,10.051640993914361,10.495925382577468,9.794736494843391,9.754681807403244,6.65545131356788,5.154114402273649,4.57100883988079,4.193909621478497,5.397871558493023,4.228694892568626,7.062165897828436,7.722892447010054,6.471242204681857,7.069535188122643,6.766022163971456,5.556359197772963,5.059584246829218,5.450459810462576,3.135376300005646,3.7611410622139374,4.9202398412428465,3.3077275852119215,-0.13161590798688394,-1.2454000872494362,0.9825364327756461,1.2311481286192247,0.12576999379314202,0.20024519947565977,0.703932040986615,1.3445322994812727,-1.42199181623198,0.31945873109293643,-2.714214613501099,-7.090381677150958,-2.9422728674411474,-1.5214566003025425,-1.5021101026176211,2.3937223810731894,1.6876638208693748,-1.2830197419550586,-1.1524674641890442,-0.753047988226399,-0.21075868375140772,0.05525867925774719,0.17594376303668469,1.7514439879676047,0.7676489443380206,-0.8585827144277118,2.1112323441894887,4.759030776896168,3.0305185605257066,3.3449119381961054,5.899350433957579,3.301098969791269,5.128765871883729,3.7984835503742715,2.5065047521348447,3.692551082470459,3.3655272456448984,2.6164908969793714,2.9177859763361766,3.2871968357566743,1.2071071448784778,2.444598730947746,4.930754765343863,5.792306368345521,5.793954137859373,5.522846823030079,6.977936792825858,8.234225668617682,8.755844012654677,9.67153338016982,10.159259304327009,8.462812767152514,6.282343598027865,8.54663847536574,7.8784836934852365,6.419799213526005,8.921512997841717,7.413757689071588,10.69363281114147,8.982767175898005,8.671886426215337,10.969555882862664,11.425953768952013,13.918100472358674,16.354692484456223,14.951706398948545,12.720985093992454,8.56282820452725,11.947266759409047,12.975373411680266,11.555623184109436,14.30806817106884,14.211768100430504,12.969658222385021,15.15662060813338,17.362489645192227,16.298954894869098,13.93856844003517,12.50964855593179,13.877078286052665,14.240975018630138,14.254579754188455,17.301234608216987,18.580808591059565,19.095598182155413,19.872617241143757,20.009770052088754,20.688912769214426,19.511027963736638,19.21988788602704,18.655057513088707,17.93844853274851,18.374435366936837,20.75823537030203,23.216057712392455,19.351801137323434,22.959517096901664,23.691226299159723,21.095401013600565,22.540457429666958,21.75683965655844,20.246779100210233,19.929802354154617,20.852570217715083,20.018986370281482,20.927459241924396,22.092264401440616,21.66747635027184,24.335243552508246,22.237978418773537,21.46557017421418,22.056880429553587,24.248308932161308,21.35205888778148,20.25360378240532,21.92410832619339,21.107135106289547,20.484110728364385,20.18015475573418,19.28943987908559,17.900246878511496,16.331689566098248,15.982988606485833,17.224188226457613,18.59928124981076,16.73526659042352,18.62785468115237,17.9339786465614,16.46544645741369,17.93894100005889,16.78113496938016,18.201261522225707,21.17320057483056,21.693077537756494,19.404537676901725,19.736166715809645,19.705842871163895,20.851675540328074,20.499430841487936,16.83836768070836,16.938175043017623,17.144419135857106,17.95549650410061,19.695363501617692,18.3714158488375,18.188312921652937,19.932712991237167,19.697058642744537,18.936858095011416,18.129468183105644,16.367295117940614,16.53226356115482,15.994760893126,15.416615712099315,13.659087389890601,16.075224528138733,14.015480368433089,10.508590236246846,10.53146920784883,8.337703671930285,8.219025936691594,8.51489696875052,7.202167049540833,8.489680237912921,5.193915370547302,6.556734956640867,5.59401831998332,5.2112010134565026,5.115353772727985,3.080075132657612,6.325557354851242,5.674195762047759,4.238210483883336,4.358489295465404,6.001163688705105,5.539072483336781,2.0675575610875967,2.140578413840103,1.710013027892785,1.1540697418928403,0.6225936863766037,1.3384584409266154,0.2689833236472623,-1.2757695612812086,0.25831093568905317,0.9683173442243742,2.7529168751912607,0.20685208207754613,2.4273982020638982,2.1391192700050397,0.48375437098474094,-1.1844637273409262,0.30861346579325755,0.05233781773381452,2.8915848466065768,3.607570397334996,-0.9121972497067077,-1.2686440127920378,-1.9780920528790489,-0.6219754830689794,0.6052845748513391,1.6738544554805799,1.47012968093577,1.7117739164954173,2.7780717741750323,0.5453169721565132,0.6517353238613168,1.7127559573199846,-1.0225250724230364,-1.2022591960520685,1.5443636947625237,1.9137881693101804,2.526256249865696,2.753505128653387,2.600328385896887,1.3940901272504789,4.2065389639607815,1.733385770209054,-0.13901568993037472,0.26682586959066157,1.2358555036537382,2.965768484598584,2.494500439694832,3.138917363697942,2.020664054647625,2.3934040396605383,2.4064305265995927,2.969687118752802,6.0250080479057715,3.487921096531636,3.203854567649614,2.1590750385337856,2.983800182088146,2.8687027775751517,2.01840183908007,4.0232582813180215,3.9992370652108207,3.403153579432626,2.262135312733733,1.857978603002266,2.8515078822254054,2.035688509873637,0.9280644176885744,1.588934460795997,1.500838612452867,3.196304479991454,1.6578717276913153,1.6316600224672584,0.17998149239997474,1.1456656805292482,3.224172727130906,2.404480724320649,1.5039670999998975,1.712537117793886,3.8680756272593158,3.0450395723241286,1.537184826514988,3.7297891756513764,4.456799685428109,4.444344445045431,3.846224437867363,5.16429318133919,2.204450439142988,0.6002626948597936,3.79160114326595,5.132674077315073,5.1389137760347126,2.804755911435052,4.614351217806927,3.7881782739652863,3.9733814570558934,2.284115263453373,3.114837747272418,1.3875641072629605,2.604936672097608,2.8259025633328747,5.324466015078826,5.172177365573759,2.662815424515543,1.3793430546970171,1.9644152354420044,0.18590043118638278,2.7464203278938726,3.4231510362970994,1.4677862147524934,2.191223280863653,0.4556900718620227,1.1269542449192613,2.907361780778558,2.2973695094016193,4.4740086770455605,2.8978033422224314,3.581736832840363,2.9489179194491157,3.140564145284003,3.26272124989967,4.706148403911243,4.172960042482202,4.600820056918934,3.7925805198644866,3.7581700702472745,1.8568669433234106,2.2906308832975526,1.3220141000550143,2.9066380324257466,2.776353845436688,4.0079220814197924,2.0541406027278697,3.5547575545152483,2.27752685796753,1.5012799596539708,0.504100397726944,2.196853542632823,0.99894963628293,1.1596021677001715,2.0112612203483593,1.616876029309367,0.3452885728747219,0.713732391281269,1.8628845937525398,1.6612054212637872,0.5673648894393466,0.4219755968063623,0.6776343380853973,4.290966186111632,2.622954056113258,1.2182047017997775,2.3943806448588134,2.157575071290239,2.5536911083199527,1.8633118431974935,1.974167324600387,4.420868518390364,4.17482428871574,2.2872312656455733,3.4348960133291087,4.064781727543959,3.6379656404609477,1.6197817799211407,2.222039029695452,1.242575164311205,1.4062449480057637,0.24855670728234713,0.5159866455979056,2.0872130899913373,1.7023645112150518,0.3378210023551844,0.5831216659487666,2.213489774852377,1.4788799889229267,2.4377336851447353,1.7422726101922592,0.7411599173573222,2.557671012462066,1.1284662369784826,1.5825579715329923,2.0915610229681647,4.6938960701440635,2.1861928112803923,0.7303606265743952,1.566693077018158,-0.5767691570497107,1.3363640574154374,0.8279927138633525,3.0389284152713287,1.8662082677550416,2.4593257385763536,1.9881445917747271,2.4412844489726524,1.7641060659859704,1.7975388021582717,0.7964827876882907,1.9864953216536207,0.5609528373506691,1.806294923918557,2.714558038229228,2.766288588361107,2.9577645224602804,2.437958214192321,1.365103826407335,1.3562823240580997,0.8685556146884608,0.13837389794838373,1.1406669008900678,0.8692089412205348,1.020944998947158,0.13985060680479933,0.6782874259025391,0.6310823133254928,-0.4921826926465087,1.0938312190955628,-0.11528141323833552,-0.30831336785277585,1.14344860114619,0.8901136142204393,1.2718999304167369,0.742673180707925,1.7662933757127348,0.4849499195561293,-0.5308079749149499,-0.646481558387535,0.418597113879855,0.14087265046822495,-0.7041533750652604,0.9501582920618432,-0.09039512127310445,-1.185040286919417,1.2613274625209954,-0.061784604514031116,-0.8116863623209838,0.3933296501041923,-0.07698396116455797,-0.09205614794092298,1.2603011110403486,2.453647598009468,0.3932141117448964,2.0314724165976656,0.8248615227537925,1.3327255106892721,0.8614634321050403,1.7657835316012722,1.6640353250535895,1.0816116087905243,-0.016855485309633877,0.6272418965480142,0.282063776980948,1.1736711168589125,1.0482359328298116,1.2304518526899244,0.6712941376930814,0.8685442614972061,0.3197166018221651,0.7099780374240652,1.426788811083469,1.8122065677275856,0.5626360386089004,1.6441045764932483,1.2235595828635866,2.0827859412766685,0.1016671678161174,1.5923985820056998,0.6544374560930066,0.42993499488272846,2.32579758675908,0.39926116695657754,0.2318076539502414,0.5872233086132326,0.03173119725107654,1.7164847473688098,0.17494634325930747,0.7165715447347765,0.6720256109098841,1.3917033434997563,2.3842636371732056,1.4073810555340742,-0.11112694879881246,2.8663591821490684,1.5328861318995166,2.6562073285884367,2.323701901555154,1.7494119225260079,1.58160622060322,3.111711408932095,2.5731552852709,1.3068406169684579,2.0701280439409686,2.5727248771783024,1.530228113235637,2.772530450868217,1.2336656711602814,1.8493381153452617,0.9553984856650857,0.78740890831466,1.2748095877770993,1.6195397342673346,2.251375039406014,1.0958719776839558,1.4685938174975206,1.0271828802533776,0.86783419694423,-0.06156510444876062,0.6035819171745231,1.5711345311587195,4.271898113482223,1.1843692282248242,3.017001592842945,2.92215749776247,2.585691973701074,2.0570995907036433,0.14133730673029277,1.1484659389724072,1.0271418715423692,0.9445043448974104,0.7553756022493019,1.5582988006601113,1.3253445485095767,1.6534917456132803,0.768419415599908,2.0451594440926044,2.6730594357709663,2.0200175110136627,0.6878487592213673,0.5958653212109652,0.9479404262410185,0.3690516751359212,1.58842462080122,0.4686237074598978,1.4218424319182361,0.8866338022257025,2.0081317999701014,0.6532644464938357,1.0891136760956215,2.0065360769859524,1.3375914365694257,1.4754141706987127,1.5807395746506927,0.34402691725472323,1.3644267155162026,1.3567510731315622,1.827140387530278,2.3009152183183517,3.0064675366259905,1.363496151362881,1.7490512553622182,0.7545536326466902,1.4673650544432064,1.3828519772654886,2.2305954936056764,0.05607926763147475,1.8341080295136294,1.1377607347720016,1.1380852106914148,1.535021687870369,0.7659828172786831,1.6408252492159363,1.5790246980083111,0.3920702637040563,4.084886557394128,0.7385318789897326,0.45946237430801773,0.7027745572075332,1.8630790557567707,0.3638865742311026,1.0865399670237252,0.743898318008462,1.4196396942019192,1.3660135603988124,0.37939384270151777,1.4500248750445053,1.4017004529343353,1.0251980220414865,0.9450503810302351,1.048893711152516,0.8687923523291303,1.5051699145914768,1.8544627995097969,0.09665752058867838,-0.4564122125217409,1.8794360855629364,1.4430601340403655,0.29524892168405614,1.0116571682056659,1.5828145943093546,0.7838043473657947,1.2192954455165932,0.5562165025954258,-0.156385764396191,1.6155435456681175,0.14893121294420553,1.2094085374301926,0.888835899690207,0.9974573484098528,1.3018194862135601,1.3854167529915458,0.7225210463428198,1.6067705804030084,1.8285762631685998,1.4074099686680484,0.7984161480819694,1.7400948247404173,0.5790773508234679,1.5690345468354394,0.778921904376773,1.860107477871054,1.438133743361334,1.6383980323838045,0.4048247543405523,1.4578922624601276,0.5762491880917651,0.6657756146960878,0.2805372980893708,1.5653096137895588,1.325291188069457,0.6811941015105845,1.4535594037280362,1.0197556213835242,1.2442116826575784,2.1264729909037214,0.8933683028373594,0.9907584501242468,1.0448783206011285,1.4658219559586314,0.07179105096776084,1.9884250505459136,0.654550037938975,0.6631857757240596,1.6174532793827439,0.7706848323065287,2.1440500805554166,1.126791102886962,0.8005745378232518,0.4537815413343651,1.5588027413347731,1.3119743380367481,1.8431803494050314,1.9550303396973732,1.7167924718124254,2.093234896251147,1.9356269040913006,2.783298337584995,0.8924863466424924,2.545817878527771,1.1067761144981318,3.4927761711707603,1.3154087747000744,1.083690907187247,1.6911799770541052,1.5682069659938023,0.9698554941986117,1.262079386368498,1.6441491731961193,1.1103601309920847,0.9599504563692633,1.9508870251872281,1.2186161705334442,1.090772293346106,0.7891032133507565,1.4230366949067275,1.6544391594251238,1.2759542450218113,1.3342079683142778,1.777780869203582,1.2499040041942067,1.2484320465683254,1.0772212078255166,1.6230934254521685,1.0564856415169288,0.43017411331811317,0.6864346568121995,0.21026727284328217,-0.09613717316040038,0.11711075634229928,0.16649423934677543,1.090565228758237,0.42639555829350684,0.2311661292487237,1.0641349029414187,0.8793867066107133,0.8394642078594678,0.8080475290765321,1.5154510776006873,-0.05205607760228759,-0.04970930683151664,1.3030265697586323,0.6963437487942201,0.3066823129557861,0.7762148497524741,-0.04124286498074525,0.5973651318620341,0.7989849059052858,0.35027285122038165,0.8823123907450281,0.4657239607291217,1.2133680520138377,0.6725819612847737,0.2431065046376375,0.6954633757342776,0.8685317115772477,0.8192520267662609,0.8731461394289113,1.3317413399666975,1.1150626799771999,1.4305362772243484,0.7333450959739025,0.25012390751106395,0.7725098511926376,1.4128397331353995,1.0179511672148465,1.7853285986787455,0.4043196217120908,1.1513173215225834,0.7023710386626476,0.682647659075144,0.8731100494916291,-0.03341566459494061,-0.002161611506380723,0.16281137072291685,0.26558722559081716,1.0561269555091712,0.8815251728056559,1.185193675455082,0.29092289642426294,0.9819433814836351,1.585703710665996,1.3138972846328443,-0.09185540080130572,1.3678422791640514,0.7856581605166753,0.24370467512573946,0.05423486233002173,0.71079140994925,0.3602077489758244,1.1868815169717095,1.0379472081781973,0.7770892622353927,0.9463710738265831,0.3358427534443553,0.9272628817025748,0.11410646681213166,0.38043604022448285,-0.13691202090257093,-0.7170788554823257,0.06705834150187862,-0.08834949161177974,0.4361006825217846,-0.37692504757836787,-0.07278340311660259,0.40026716208808466,-0.1275705826028588,0.33979487846102074,0.39288724734109337,0.4111916026415656,0.3572103329210563,0.14809571085112339,-0.41222787085615664,0.20106450128531783,0.5179163771763342,0.8695875479028796,-0.3153607640864493,0.4450555045545457,0.45468957470484384,-0.35362474066516825,0.6410623995544142,0.32858708882309706,0.7918338336670008,0.38738400716761134,0.9472446234376548,0.5911442917626459,1.1935722688911046,0.4136285007481888,0.779295946836271,-0.014186119419434817,1.2539628030183962,0.8214415380031141,0.33906428539575195,0.2843482345070356,0.4310799575502511,1.489275704114334,0.4827477240762619,0.5291305976332996,0.5233959309878173,0.8077112842037781,1.389346170010585,0.8839884850269755,0.5438206234726977,1.2177017176454683,0.4440517356589453,0.7348994944985652,0.6661718532923278,1.3719849897684053,1.1221075571517627,0.06996457323907457,0.8042359942753023,0.7378405466693589,0.2996079787016015,0.9282842704101881,0.3000163804784375,0.6907550993219047,0.8359515001596947,0.6991173094863807,0.9094498238880551,0.9516321861766528,0.9820708140028973,1.0106790717853755,1.0382073229037,1.0647229988587679,1.0902466972892721,1.1147950946644283,1.1383847584288542,1.1610321445477307,1.1827535951473447,1.2035653362511294,1.223483475606768,1.242524000605611,1.2607027762905414,1.2780355434519475,1.2945379168099276,1.3102253832811908,1.3251133003286082,1.3392168943924485,1.352551259401535,1.3651313553631876,1.3769720070292788,1.3880879026385156,1.3984935927322777,1.4082034890434993,1.4172318634553545,1.4255928470309396,1.4333004291098046,1.440368456472184,1.446810632568143,1.4526405168109573,1.4578715239329068,1.462516923402175,1.4665898388997771,1.4701032478549774,1.4730699810379502,1.4755027222087147,1.477414007820185,1.4788162267749936,1.4797216202343844,1.4801422814779794,1.480090155813114,1.4795770405330568,1.4786145849221253,1.477214290306959,1.4753875101526415,1.4731454502025354,1.4704991686610906,1.467459576418376,1.4640374373142873,1.460243368442887,1.4560878404944884,1.4515811781350276,1.4467335604214764,1.4415550212529507,1.4360554498552442,1.4302445912988428,1.4241320470485999,1.4177272755451877,1.4110395928158237,1.4040781731151792,1.3968520495940862,1.3893701149954705,1.381641122377287,1.3736736858603518,1.3654762814011274,1.3570572475888962,1.348424786464987,1.3395869643649103,1.3305517127820945,1.321326829250891,1.311919978250442,1.302338692127135,1.2925903720351908,1.2826822888949305,1.272621584367867,1.2624152718471446,1.2520702374638386,1.2415932411075215,1.2309909174607565,1.2202697770468927,1.209436207289853,1.198496473586884,1.1874567203913085,1.1763229723068758,1.1651011351917742,1.1537969972719093,1.1424162302629934,1.1309643905010471,1.1194469200804615,1.1078691479993932,1.0962362913110137,1.0845534562819221,1.0728256395547628,1.0610577293169268,1.0492545064732308,1.03742064582252,1.0255607172381342,1.0136791868513892,1.0017804182376135,0.9898686736040627,0.9779481149801068,0.9660228054082136,0.9540967101359552,0.9421736978086397,0.9302575416615451,0.9183519207126078,0.9064604209541454,0.8945865365433274,0.8827336709911702,0.8709051383497677,0.859104164397932,0.847333887824048,0.8355973614060854,0.8238975531883153,0.8122373476556373,0.8006195469029063,0.7890468718014727,0.7775219631606074,0.7660473828848904,0.7546256151265407,0.7432590674333124,0.7319500718901946,0.7207008862563935,0.7095136950960619,0.6983906109030595,0.6873336752198593,0.6763448597498591,0.6654260674629864,0.6545791336947087,0.6438058272375979,0.6331078514265851,0.6224868452159154,0.6119443842491119,0.601481981920811,0.5911010904313212,0.5808031018322577,0.5705893490656404,0.5604611069925891,0.5504195934151408,0.5404659700895404,0.5306013437296411,0.5208267670028004,0.5111432395160573,0.5015517087940093,0.4920530712466853,0.48264817312911923,0.47333781149086285,0.4641227351166304,0.45500364545733696,0.44598119755141674,0.4370560009367619,0.4282286205531687,0.41949957763483603,0.4108693505930301,0.40233837588931287,0.3939070488981411,0.38557572476019963,0.377344719225162,0.3692143094850717,0.3611847349974351,0.35325619829842303,0.34542886580550025,0.33770286861044774,0.33007830326238086,0.32255523253991036,0.31513368621409477,0.30781366180047876,0.3005951253011272,0.2934780119366547,0.28646222686813694,0.2795476459087336,0.2727341162253065,0.26602145702986313,0.259409460261109,0.2528978912555413,0.24648648940887874,0.24017496882686196,0.23396301896690197,0.22785030526847372,0.22183646977498306,0.2159211317444356,0.21010388825146542,0.20438431477827912,0.19876196579701677,0.19323637534119875,0.18780705756853244,0.18247350731314604,0.17723520062832954,0.1720915953201807,0.16704213147096247,0.1620862319538201,0.15722330293760756,0.15245273438233475,0.1477739005256904,0.14318616035995824,0.13868885809961107,0.1342813236408329,0.12996287301058196,0.12573280880797988,0.12159042063563952,0.11753498552326214,0.11356576834128695,0.10968202220675316,0.10588298888012382,0.10216789915346958,0.09853597323086483,0.09498642109923416,0.0915184428919229,0.08813122924374106,0.08482396163748085,0.08159581274287397,0.07844594674730665,0.07537351967846284,0.07237767971946418,0.06945756751599497,0.06661231647598065,0.0638410530614788,0.06114289707323728,0.05851696192786271,0.05596235492776991,0.053478177523627934,0.05106352556998495,0.04871748957344657,0.04643915493380568,0.044227602179487846,0.04208190719452709,0.04000114144048261,0.03798437217034056,0.03603066263707255,0.03413907229514557,0.032308656995892804,0.03053846917674541,0.02882755804449566,0.027174969751909472,0.0255797475691093,0.024040932048533747,0.022557561184894936,0.021128670568598906,0.019753293534845895,0.018430461305568357,0.01715920312716257,0.01593854640299064,0.014767516820425541,0.01364513847260973,0.012570433976405226,0.011542424583749877,0.010560130289489322,0.009622569934377267,0.00872876130307354,0.007877721217992573,0.007068465628490728,0.006300009695904052,0.005571367875004896,0.004881553990342624,0.004229581309401098,0.003614462611492897,0.0030352102527881897,0.002490836228330906,0.0019803224844263667,0.0015026263082500435,0.0010566853817390864,0.0006414225105100257,0.00025575003905764504,-0.00010142603815843643,-0.0004312022589392228,-0.0007346741568898807,-0.001012932996788507,-0.0012670627698430081,-0.0014981374396842995,-0.0017072184260786827,-0.0018953523169233932,-0.0020635687988050933,-0.002212878794013662,-0.0023442727955984566,-0.0024587193890983627,-0.0025571639515664657,-0.0026405275188512434,-0.002709705810788776,-0.0027655684060068353,-0.002808958057018529,-0.0028406901371926807,-0.002861552211188112,-0.0028723037205526936,-0.0028736757775522648,-0.0028663710588734403,-0.0028510637913559123,-0.0028283998246951825,-0.002798996782646057,-0.0027634442880657417,-0.0027223042532131814,-0.0026761112328603787,-0.0026253728305523083,-0.002570570156480656,-0.002512158330093328,-0.002450567022323824,-0.002386201034314084,-0.0023194409063211907,-0.002250643555102627,-0.0021801429353462964,-0.0021082507200862466,-0.002035256998739854,-0.001961430989299018,-0.0018870217606394846,-0.0018122589636409003,-0.0017373535675933027,-0.0016624986003552777,-0.0015878698898195154,-0.0015136268054352087,-0.0014399129964903779,-0.0013668571273814933,-0.0012945736071419134,-0.001223163313172293,-0.0011527143062739498,-0.001083302537837838,-0.0010149925475975152,-0.0009478381505250155,-0.0008818831133243776,-0.0008171618192154284,-0.0007536999204962314,-0.000691514979680008,-0.0006306170975580727,-0.000571009529041433,-0.000512689285701029,-0.000455647726257169,-0.0003998711340518213,-0.00034534574655431527,-0.0002920577615572739,-0.00023999334234936498,-0.00018913862294489547,-0.00013947971371131018,-9.100270597350857e-05,-4.369367724343931e-05,2.4613040050525115e-06,4.747617361822165e-05,9.136486732863602e-05,0.00013414131586664269,0.00017581944086764167,0.00021641315015408225,0.00025593633409748406,0.00029440286129833737,0.0003318265744933768,0.00036822128714497637,0.0004036007793484231,0.00043797879447815546,0.00047136903537925434,0.0005037851610705246,0.0005352407833338901,0.0005657494635880056,0.0005953247095344949,0.0006239799727136841,0.000651728644923466,0.0006785840557750333,0.0007045594697370205,0.0007296680832933333,0.0007539230225557247,0.0007773373409900586,0.0007999240162330779,0.0008216959486144759,0.000842665958371569,0.0008628467834892461,0.0008822510775399195,0.000900891408035065,0.0009187802538672685,0.0009359300039459839,0.0009523529554922305,0.0009680613119353865,0.00098306718160579,0.0009973825760294375,0.0010110194085637403,0.001023989492521693,0.0010363045402055349,0.0010479761613719774,0.0010590158621521795,0.0010694350438011924,0.0010792450017316213,0.0010884569245472875,0.0010970818928495163,0.0011051308781002689,0.001112614742053708,0.0011195442361309205,0.0011259300003967354,0.0011317825629912903,0.001137112339334223,0.001141929631726768,0.0011462446287264783,0.001150067404749322,0.001153407919501248,0.0011562760178644993,0.0011586814291586478,0.0011606337673111256,0.0011621425302319466,0.0011632170999273939,0.0011638667422726456,0.0011641006066138715,0.001163927725995606,0.0011633570168765317,0.0011623972793000092,0.0011610571968940775,0.0011593453371556706,0.001157270151052714,0.0011548399740473059,0.0011520630256978137,0.0011489474094883434,0.0011455011141929816,0.0011417320135915787,0.0011376478667539658,0.0011332563186652322,0.0011285649002257259,0.0011235810288763304,0.0011183120091668997,0.0011127650333815353,0.0011069471818228038,0.0011008654234938575,0.0010945266167805556,0.0010879375099062116,0.0010811047415568709,0.0010740348417908052,0.0010667342321522,0.0010592092266943354,0.0010514660328890812,0.0010435107519111142,0.001035349380059003,0.0010269878093236429,0.0010184318280703764,0.0010096871224032355,0.0010007592762786288,0.0009916537728127395,0.0009823759949068034,0.0009729312264976642,0.0009633246528988337,0.0009535613622784211,0.0009436463463412537,0.0009335845013520583,0.000923380628988113,0.0009130394377603324,0.0009025655438659186,0.0008919634723252301,0.0008812376577775893,0.000870392445333934,0.0008594320923389631,0.0008483607687690409,0.0008371825587101256,0.0008259014612672644,0.0008145213919856786,0.000803046183532885,0.0007914795872903113,0.0007798252741491041,0.0007680868358743709,0.0007562677865831091,0.0007443715630852665,0.000732401526759574,0.0007203609644630404,0.0007082530897246642,0.000696081044052832,0.0006838478983564045,0.000671556653911054,0.0006592102434961333,0.0006468115327589175,0.0006343633216356892,0.0006218683450907037,0.0006093292749351775,0.0005967487207367839,0.0005841292308996771,0.0005714732940855782,0.0005587833406348608,0.0005460617435897319,0.0005333108203995351,0.0005205328336028714,0.0005077299926465884,0.000494904454624745,0.0004820583257565403,0.0004691936629779292,0.00045631247456690005,0.0004434167220193075,0.0004305083211857408,0.0004175891435789225,0.00040466101762426376,0.0003917257299104193,0.0003787850263829995,0.00036584061370881216,0.00035289416075379165,0.00033994729966302373,0.0003270016271681442,0.00031405870600842434,0.0003011200660676394,0.000288187205795154,0.00027526159345647727,0.0002623446683838182,0.0002494378423403276,0.00023654250071381,0.00022366000376727868,0.00021079168806004134,0.00019793886792562887,0.0001851028363812901,0.00017228486671960752,0.00015948621330430512,0.0001467081135597681,0.00013395178871000724,0.0001212184450292142,0.00010850927571759428,9.5825461924548e-05,8.31681737718526e-05,7.053763272146796e-05,5.793323685843177e-05,4.53536862305981e-05,3.279710739256814e-05,2.0261177835934063e-05,7.743250590053208e-06,-4.759521916142262e-06,-1.7250063878648803e-05,-2.9731252483955473e-05,-4.220579381986056e-05,-5.4676099866313166e-05,-6.714416486097718e-05,-7.961144177848212e-05
23.644084021768094,24.160310480533326,22.373556059265184,20.301333067367977,19.36746261204678,17.579320899279537,13.86194577251706,10.083915797746613,8.921852588354454,7.889595987616985,6.498848716156203,5.677450400947009,4.878630644079294,0.2523347884919076,-4.943704224801991,-2.801118714397944,-0.06456822809445839,0.29945262441628984,-0.28901448280112163,-0.875198901720978,0.41058986911298234,2.4807145698447357,2.001627255028552,1.2756439889593594,1.9674463584257182,3.4237226585889857,3.508372901928624,2.8774110163637943,2.6590185477268733,2.6871873009840783,1.5325421159811867,0.5715547318134213,1.511812456978305,2.439320511567985,1.2091879683996467,-0.9996238045793007,-0.7623039509653609,0.400350606139682,1.4555265646609996,2.2408329457707623,2.230902550869132,1.0641863166481471,-0.6349031292277232,-1.2042335389500067,0.7824937770805036,2.304323805375361,1.5279235245089922,2.681910366217494,5.850370359444469,6.949664655567858,3.516271008428248,3.5010951878372225,4.36004749479207,2.7366599504928217,3.3852429487285463,5.018358562747835,6.18914469914921,7.003106926758619,7.589798047049953,9.658787251030162,11.698329494163545,9.399193414473984,7.754575679370532,7.673443500718349,7.571782357893767,9.384803037147321,8.44944896598929,5.454042027980222,6.469410585954506,6.88840394171757,7.219105125133638,8.911918254570537,8.741404441328768,8.250129276611347,10.003301520448531,13.18465938129566,11.581272586809291,9.961654858679822,11.03639639718915,9.734836406453951,8.044052244763748,7.794076839893023,7.989991143336169,6.277927573273928,7.45764323716935,8.900549888129717,4.447174744436097,2.922968450720873,3.1882322811177346,2.6380572565258262,4.489006246990357,8.555969495469071,9.473233768675868,4.605065446477511,1.0777538871989236,0.5990088870960335,1.2676534158990762,0.6977691725003297,-1.0229904936301182,0.2060281854828645,2.795791839794447,-0.1828818471234399,-0.38787420174753606,1.7267316466950433,2.1869589479940714,3.9407668144224317,2.573443241120003,1.3137084463371593,5.398155926136042,5.248925920208421,3.265880296398791,2.4616733664092862,0.981283334103864,1.6903912821793483,4.167080538953996,5.7353449082382895,4.640747601353496,1.9899352404613637,4.948025663336239,12.299338168915256,6.053411287895642,3.5682320280715203,9.527165209865416,11.862842875001206,15.117149042173992,16.020687246919806,14.35618353649727,15.710073293596452,15.989408141070044,12.258586763575977,8.114110739019452,9.102126415539828,3.6720996423657652,-0.18994458289307659,5.516666807662659,4.878363156915611,3.6699887834249694,5.010442693695268,5.189582999888444,4.498121805309438,6.28609686618006,8.749248613910027,7.701114702861673,7.492219217160482,8.433473654414229,10.061313665352372,12.30438597142006,11.38271812386779,12.132852556789203,16.289890136318718,16.557924655930492,12.586543885578067,11.686527787079172,16.601089145627498,19.193922976201748,18.338549293828237,15.269265002734983,11.778653747513545,9.76171463801711,8.592815723420244,8.994285502508092,11.170568314002821,12.160091972197847,14.387757783705183,16.51509913990901,13.889316938729962,7.3086602312666855,7.933071015623909,13.42047639888392,13.304779257322025,14.812752218916103,16.15273396397879,15.220500656390868,13.927268739291549,12.722705282207244,12.827838266624894,13.922617741604654,13.677348918735447,11.026434738437956,10.923808023397896,14.49118613818871,17.184635940941007,19.474016785978506,20.44307791072424,17.331694534886992,9.900064540899166,6.548154585835846,6.396511391453487,6.867377802036799,8.549316823000254,8.182441065989906,8.120265608031673,10.645931172751943,12.67709915612545,8.805196979377115,5.04999552258505,6.926809218900871,10.34719223085176,8.144756133753162,4.288609515075905,4.373409464221822,7.539833149543938,9.879546071586105,11.328634363627316,12.292299381929979,10.855672990517746,5.778995687465795,7.23339555715711,13.247666121700036,11.724196371269727,14.632451607993744,15.534181117829576,12.370283114114727,13.01805562395623,10.983762722588608,6.917527046722398,3.8588133964098006,3.3295687901072597,6.455438590858648,8.362861285781491,6.366751278950005,3.617776532683365,4.999209353094557,6.2989847704561726,6.370711143244421,7.190554793787328,6.673035899529168,6.059639250890314,8.81798422489419,13.207498674631324,10.698302930769273,8.470721081350689,8.890195773494384,9.975672225215703,12.315186562385293,13.45026512424431,13.432137608358971,13.553243304769126,13.073793597800659,9.037628887548408,6.476503305791084,6.750050939918992,4.565744585140919,2.516554408535626,3.2559969956075747,6.069729793487113,8.928895763548326,12.160716361755703,11.03625980743368,8.772332849929171,11.319810959181495,13.87511316149039,13.187574831643246,14.980895191291324,20.743298510515615,20.789789787870177,21.371834349922437,20.88109319816749,18.71954013832317,21.05324600909171,23.905091300659024,24.527080374448587,22.12824645137539,18.159868834801955,16.995038580110304,16.24103682122677,18.58766252382304,24.62754506071792,23.527103449870083,21.87273715664014,23.98216653586576,25.696242079329522,21.541724966534957,17.531152615955534,16.4722873426731,16.181190489904566,14.613509155981774,14.985997219554974,16.2558856135488,17.41208101838197,18.200690637321827,17.099997666803347,14.45260233084855,11.970548944260713,8.384984380489755,2.2546910346802633,4.057884057228989,8.278576712906784,8.803674927102747,8.543582332504798,10.402659200964422,9.167406063256067,7.4393248512946,8.974030349785721,8.276953494033705,5.28437148990929,2.453190598400056,-0.8519686041929617,-4.252630806419347,1.4529909603168107,3.25584930081277,-0.33851592309019907,0.22829127017735118,3.261130174429354,2.078287795026199,-0.946102020816511,-0.7906278016802162,1.9996640051072063,3.1563461075581927,4.077922166062081,3.138969744123756,-1.088607342388059,-2.8922805915015033,-1.0119643373135432,1.8263717352820095,2.3108304598379164,0.6289651708636939,1.8397889327234225,4.656062305478599,6.001971446461539,3.8792166958360212,-0.07262378846257889,4.214250419829227,7.968956383919476,5.257646878403193,2.2809343301992158,0.41795847249227336,4.607307052561396,8.460114162608534,7.743885504417335,9.830679156416977,9.997276543741236,9.071483499081069,7.818726925712099,5.870887897886178,6.164106961888365,7.606753080821818,6.463578878722046,3.159919715043543,2.7300580567889483,5.539330742468337,3.8283184782112585,1.2280433107458748,2.0025835445928806,-0.28649728696814236,-1.441527452479022,4.501586072873124,10.49901601471015,8.91751814458894,8.25745314119672,4.7900548149054885,1.2640952128424487,1.0195324265669115,3.2986071360720643,8.025200544398103,7.674829266911956,5.106370932867321,5.996329357159539,7.586027179984285,4.997767887217151,4.3188200264437455,7.599891586878584,11.096890321167734,12.213123124310869,11.036344023806805,10.960580239904516,10.222814432187192,8.500152675899017,11.460544750565305,9.491849253664896,6.580251273340991,8.23293104230197,12.349157978980884,14.54804931133026,12.528799157386402,9.369872641319034,9.119277091448112,11.35724546160725,12.022164090576553,14.509266325943486,14.692238902922782,11.751896012052384,10.839936605115895,10.919032579800046,11.530773206829735,11.000499106432699,11.500412538728483,14.91694806222381,14.066653831478334,12.133019868731708,10.502476684089515,9.43730806654321,9.936735231398416,10.690835383824606,12.017675457973269,11.246979033756588,10.528475813537398,12.983024746074761,11.023964196030079,8.409968143824472,8.22496581513883,8.83840805559521,8.377557388318564,8.61805191743747,8.350299417136966,5.763205334953341,4.524189908393055,6.455580025204426,4.195620089467184,4.408310695640353,8.08065006549623,9.879811761225938,8.730597931486955,9.932992842424255,8.368034574622925,7.076123008337504,7.840332968269081,8.675916305881628,8.593058170637278,5.6285541725310395,5.213242031002892,4.78961661748076,3.559144450037593,7.38320367715869,7.600528048447131,3.7794037978410415,4.136737004695078,6.902616964173603,4.4935949601108405,5.827015043110805,7.159942494105849,8.313223749607914,9.370033631697083,8.388643787381284,6.324968969633574,4.172032467562758,3.330754886999557,4.171782979071622,5.116910622768273,4.531290654900545,4.276413291213885,6.004905989636654,6.243541288268943,4.309008116907307,2.850026030994627,0.27050214335349665,3.1970605669606584,3.1546408174301632,1.1988217391076432,4.151478247593445,5.224865997980828,5.451186519277826,4.280365427380957,5.101475742286539,7.637147184860737,7.0052116025408395,6.409620684518131,6.940800028837657,6.483241975395117,3.7435206895370357,1.5976432820361879,3.330674106500396,3.6815347786481425,1.8193223623810582,1.5675524987594827,3.9549408422242323,6.015451913898346,6.6460259136299555,4.923534080346485,2.0755427891546105,0.17416137983832414,-0.8809253317785988,-1.9167781527570469,-0.08332514555968373,1.404155951110738,1.775395547689186,3.385001843882378,6.13549545951355,6.708876656374969,6.964818422552526,8.493400790088572,7.229612762512716,3.539594837764298,3.3080414783217975,5.565459780984952,5.3598736015933355,4.386034755065339,3.1286725476753645,2.0617736595945644,2.666953852657798,2.901109444241797,6.32935181705875,8.82984138011625,8.555640253237016,8.654438579509133,8.84143052926936,5.111411458191924,7.074654353433061,9.659302784757756,9.41581406759019,9.467520527987176,9.1041964215176,5.831252264029558,3.391219242982743,-0.15495162713227728,-1.4273399443842436,0.9207120670229187,1.4289915479254205,4.7707083986509815,7.842949329753196,4.566543250496011,0.3642103756923234,2.0466099166255844,4.806053880189893,3.253005924086551,2.302189479318372,2.653422866431015,3.4019709530950877,2.110505568201461,-0.3570322683062841,3.159074619652756,1.9270674505912666,1.5347672052398593,1.2809932067782484,0.89712077725369,3.2185290168638403,3.125091565000389,7.158791114202586,1.495582212468662,-2.546064218237916,-1.0303068000432631,-2.4629903748193556,-0.5755355219002922,1.68740472704701,3.1808656553444052,3.2165474166358763,2.760568791791684,2.3017533181518957,0.5155697648126534,-1.8040440910239113,-1.5859288440254886,2.117923825864409,4.159651708929005,2.3477522469402174,-0.40570087413880174,-2.8341420156198183,-3.2854424403451503,-1.4907461344008652,-0.5318115306495201,2.317051778464929,4.210006262306933,0.2057551741614816,2.7047371861565352,5.820403645157057,5.4286567994290635,3.742556518323454,2.9747959173880645,2.6630189097901393,1.4996542674671218,-0.5035946016015487,1.6990331777856227,2.378218017198151,0.1942885958021634,-0.47288318802702634,1.2493723962197691,2.4783586668452244,3.2466620203396133,6.076736769420108,6.324105749794171,5.034293630901516,5.234513902896651,6.247145568129781,8.351781460968596,9.103282345753541,9.345509616490972,5.577719264671259,3.4257532612964496,2.856151261784362,0.43091156335208325,3.928706982289441,0.7433225964823578,-1.839122924678918,-3.4419958494174807,-1.2883146487959038,3.2544050318820155,3.555964989127915,2.8072116158872404,4.712296613571766,8.737517398965679,7.04912208949861,5.775760272598518,9.20733571359358,10.66103431507986,10.575745160482256,14.01950665774757,8.856193559591475,8.27749904099801,10.63624820383211,9.498644228458147,8.30558405583497,8.780129204400282,8.797623076877699,11.135935053446019,11.761593302490837,14.839367066304135,19.420743161018663,21.47889881336164,22.304270050173045,23.99148996915369,26.294369125076855,27.425761083723728,28.646124203313093,28.01779398230019,27.553115261559242,28.655360255966116,29.58418270242919,32.20836433169552,32.61335872078121,32.752353042272944,36.47300142226459,38.43679748505292,39.08458911779053,40.870648098325546,39.59805821401562,36.930739008904084,34.33942979769711,33.03516161218306,31.948322401770156,33.39113274985016,35.168485826232654,33.06073532880157,30.88863671202978,33.74015403837893,36.319154043166236,31.949312099411486,31.538833639626205,37.20807910451549,36.282422870744654,30.94136157073376,32.47730324772306,33.041295428941794,31.415974190763563,26.87225355543285,24.74384957937764,24.71085014351968,22.55923665048897,20.904211664643526,23.69990371707354,25.21611307657315,21.80106781772713,22.85664339585287,21.548507031473264,21.511500905540856,23.52713252462638,22.354751482431652,20.57371234416405,19.468262459086873,14.03919985346738,14.792874805965312,13.753336386633237,15.233267440142185,15.634949045204735,13.450626577519301,13.558835353195377,14.665135710467553,12.06639522543685,10.400178249878195,12.981965409396025,13.101723594264286,11.693156189529645,7.701622984909591,8.749423518774847,13.007989860115345,13.036753691259946,10.945621467957267,7.844986623530758,3.7516135670540507,5.862136528570659,2.2568563551504894,5.639303288118526,5.454523456395009,3.999124924970374,6.672559451663915,6.113475171726122,3.5797212133079483,2.9259478510253984,6.115813790584525,6.937196195097272,7.5491264012501915,4.806985149666161,3.116872640899828,4.943482344806853,4.744244235962583,3.2336068375625473,5.015849741346642,4.917359149288359,3.2840520117761116,4.36772857652511,4.2137678644076,2.3799996313981637,1.7362649308446407,3.897094519501138,5.2862841172138815,4.468620265057211,5.079262510633271,5.3261238609322845,2.832583123611812,2.953158710436014,1.153086523347838,2.418232051787072,3.4086550058225384,2.8587556740121727,4.022587324360984,1.9089026460296736,-1.9238024217361271,0.8221646467627579,1.1943933525571993,-0.16418997147593473,3.0460181341943553,1.7081188483302867,0.4804205646233868,1.4719761348594602,0.7683398276259368,2.681872404937849,6.33169724728873,8.590294400578387,9.765995328318468,7.829484150616054,10.776285319572594,10.047296039497724,9.754921226134911,12.314238130341664,10.920047148577396,10.967037582596276,11.585432310117085,10.973385241060328,10.186287896334989,10.642384703417747,10.904633426625082,8.235880902753934,9.936997780481306,9.510758181771394,9.770176934107212,8.668343597489752,9.840231520527254,10.812109571712313,8.085770537858252,8.464641866754732,12.404677053083333,11.330273569280166,8.702448741064018,10.019572276751205,10.051497389413157,11.2786475792268,8.416186552156887,9.246537628490728,8.838805415803336,7.258492522797269,5.411554775856985,4.634123056767521,6.086180245221044,6.879979265309885,5.817957979383209,4.49674301491757,4.840658171499399,6.122476506073667,5.528972056361454,7.065155552525425,7.2335347304241395,7.736811931900661,10.211282525444403,11.614774308989354,9.906945114027963,10.130642528544513,10.147988052172423,5.659847288668743,4.066669787928959,6.960982170582611,6.800850201373805,6.1228911950424845,6.667701278431082,4.922457997342349,7.12299545737244,9.331258111714419,12.274839115325449,7.306391725191816,8.15686386925438,5.88215391668939,3.1800051241114033,5.0128085974201895,5.37597514404581,3.9792095037315676,3.094166562216401,1.8045125260694022,-0.8475906138082792,-0.13626522665310858,2.8883737328823145,0.6709636357335285,1.3291762319681766,4.352082130338545,-1.2237628417589121,-0.33622956166652784,-1.5755205414747024,-3.8974355505387166,-3.7183910847788866,-3.52751896175414,-0.34998596429522877,0.32258434798598046,-0.05513905716065892,2.2372598260682253,2.7529001860712015,0.686685655490578,-1.0377816778536726,-2.05231971668411,0.0720549259397103,3.1899440994552606,1.4129076539069274,-0.4477878484060511,0.8720659080574933,1.3542109688123674,2.5204283546668194,1.9929628181956787,1.688248313056306,4.521192714703375,4.744472284453423,2.574202772911349,1.624265569515046,0.28155206018846,2.9366155778045595,4.068754544267904,3.7578530253222198,4.806206789210478,5.943540427609264,4.307170825011781,7.81700704499508,7.501844439168622,6.474278846972766,6.4217344592264,5.423663627913811,7.838753902689064,6.311825103341334,6.823572730626893,9.622086673651324,7.405163170412266,7.145805016230781,8.297788191692234,10.21283718155189,5.876281597817297,8.336987628868371,10.15798103170755,9.54657383901258,11.688226481726304,8.455349119727487,9.927198888603812,11.839526219032564,12.076090802878184,14.433553980083616,14.966571488450768,14.2852175443021,13.04259465245866,12.5562326001575,11.621015827406836,10.569364139685888,14.176140028028613,11.801471039813464,14.716860257930534,15.667808608559255,15.295018182913282,16.088798880424065,15.18701156125627,14.96994711731952,14.000481591744347,12.96243069277557,15.82122493954762,16.686489111592266,16.53799411139721,17.34479750287892,18.266262813342223,20.084371464518426,20.53041335424672,20.0283948777888,21.00262555314623,21.31427202634046,17.743901919302346,17.540281406128827,17.610561116995882,16.793530553051085,20.406004798135882,23.13567738369187,23.662030572044557,24.533776489685806,26.498385883232913,23.464887104519335,23.165181832102178,22.435600550393815,23.025557364788256,21.61570803360388,18.96586861025969,20.80942476394739,21.90039015008449,23.81607956580234,22.199204788115026,24.06649864992869,22.2934564126665,22.999101204539272,24.77956574081867,22.092308561866048,22.118113366805233,24.5345878174042,23.64552754916633,22.89446573437084,21.85686067097828,21.454634431956208,21.018764521773107,18.642707988887366,17.85049228964681,18.98660810401873,18.921301162858867,18.313908315940125,19.749484735749206,18.371585960647394,17.919956960297554,16.28152714650105,19.57866725429784,18.861389212840493,19.613601919196697,20.76510471827919,21.47884929051571,21.471892905838843,18.933794348405684,20.8282801770593,17.784999129528728,16.96210127868369,16.860203180612984,16.510071062382508,18.07757078339739,18.47231044853993,16.844588493607546,17.073705413416178,15.260090389417144,15.13222265350339,16.08792195257456,18.32920573905818,18.267043714011265,18.09682757369535,18.047180830245907,17.470382412677793,16.72365329294439,15.524075977210657,12.522202978963719,12.723596245611304,9.1804168141378,8.618713609324175,6.392494842987844,6.465387005699938,9.106069659719537,6.411072062564074,6.393029738878056,6.171846859308516,6.143092238402517,4.858339932897479,5.370902887174566,5.03551567892174,5.649264643658512,4.525226824290371,7.161140564030575,3.5627698766167555,3.420967171000484,4.9570105252470285,2.5997582417311946,2.057395519704869,2.1286834703190607,2.3283864169540607,2.210330970121788,2.174443361010958,2.92130877946488,0.4329758209296415,-0.3571827483892207,0.19300706394744793,0.013411995472665694,-0.45975357933167516,1.155067730253677,0.52166442900824,-0.29248857035764786,-0.38565737409732037,-0.15194259517051023,1.704469860142467,0.9153697108870347,-0.8583153107447288,-0.3927608355821235,-0.6991498662733306,-2.3137164487750965,-0.6215036254289998,0.9520326762005311,1.8295261775284644,1.705735748907557,3.5864247164095104,2.062256137876318,0.7023167847730747,1.6919651949955323,3.100165793239057,0.39563259086190783,-1.8372590897005239,2.108272040283282,4.480010565831833,4.760878800589353,2.8546360125428123,3.2579059838258217,3.407039994311333,3.558060628941007,2.650980610468366,3.3480718273251,2.5063080512823035,-0.9793123783522333,-0.25190782797972133,1.4926176210348672,0.7021306917609991,-0.9365799228529568,0.279235093287582,1.9414944846684534,2.5891994873832687,4.02093366290751,4.477144327468352,1.698919264340475,0.5675130454121131,1.6663285101796532,1.0643946620912175,2.0762542539777655,2.3074045220745347,4.835907192257025,2.183488310441362,2.4478011733281164,2.635403888565861,0.5861367897261971,4.762612163637186,1.753601906481947,2.5189711881824337,3.066711224003484,1.843320057391054,3.026496596994832,2.633722281976304,0.9067519304879283,1.9239184664505729,1.0122424672505304,1.2013200014758354,2.4823254056311725,3.960965366792209,4.036525425364516,2.9359579619853093,2.411727648951853,4.664144323949756,4.8874445854451665,2.173935854552269,5.618458022624964,3.060357599561371,3.760153629116644,2.672181987682336,4.408004738134366,5.496328451521265,3.9768455862160863,3.9090844767401904,4.916904114617864,5.256243178590125,6.501826476801114,3.2913970905989345,3.845766298805188,1.5217924143831283,3.2179898598599266,3.8647942923023493,6.688814142681224,6.936432846113064,4.8545824852391775,5.4625638338231965,4.585493830561063,2.8599207526582404,2.228483727364221,4.839143861561752,4.2208434845975376,2.671475857919461,3.165172834563066,2.651926596119381,2.565707279146352,5.007599012821743,4.1283377693624175,4.6801604850682565,6.671803927546762,5.190770265529693,5.806464076740042,3.0690633456055707,4.294248405594601,4.117828677800674,3.7754361519390045,3.9981552868014774,3.3423570288709357,3.024690245127033,5.652947267141315,4.96834297557956,3.4851019397186747,2.748301503485777,2.671640488469478,2.333932797873814,3.220394655629093,4.318012071803821,2.0227520576692086,3.8304041907420867,1.847582431225078,-0.4625017433290566,-0.6025794229383052,1.5758527395450415,1.776693461101786,3.413283439799443,3.1115944216221294,2.7682429528271655,3.498106987262503,3.771639763475065,4.428205913365332,2.4005382219430658,4.698425916163103,2.3796010981607765,2.1654611717133605,1.8151535467783333,1.0812946550486515,1.705956923459496,3.1178429198401147,2.941562634197652,4.064344763309464,3.3421524510077063,3.689923654416532,4.074933642929324,4.625712199759505,2.842904789494554,2.319960369228852,3.3395213373519823,1.6056318377968353,0.8684629998798243,-0.6971468492471615,1.5008616000572488,2.05083141465704,2.6468184019550165,1.9022964992317952,1.594481444515793,3.3512052406838677,2.319556322961546,3.6169902230944047,3.2380069186068,3.066525580988042,1.5129390569501027,1.780486566239972,1.9138378413730663,1.2208002541990766,1.7695417029571558,1.642222273376973,0.4109921086088093,1.4575867588698372,0.651290561403016,2.178816296559802,1.009576264523531,2.540701663806857,2.573818831222326,2.25378505068457,4.440850415132417,3.0752971407588916,2.1735178395159664,1.914471954497401,1.959006528828354,1.1461910704364016,0.8178109558018605,2.0222859682702676,3.1306981629215613,-0.21650720407265567,3.8029385408582073,2.512191224471536,1.5600441106137168,-0.4384317119161949,1.6749865451451456,1.3290490818240528,1.1037510478356296,0.2807323574510292,1.6557929708163215,0.6017439284027546,1.383836901000592,0.31561756660863693,-0.7865151416033314,-0.2558815603084952,0.37977827008541,0.271544591421673,-0.44939985337197186,0.6065657618295006,0.22805352861590222,1.4655773333892057,0.39749832978509403,0.5684250834753186,0.6159226633504602,-0.25371833260390986,2.2043973683336446,1.1044455047976385,-0.23297750657974348,1.2172687077719786,1.3965713347366204,-0.6907095380679209,0.540855983608111,1.128364788289133,1.0613062885385887,0.027534041896103645,0.40182166578628653,0.8293895522240007,-1.0231338659033042,0.4287569586184645,0.3203131756613402,0.1817443883155363,1.4309554801399713,0.16013720519097774,1.623604808218488,1.065434870497711,0.9813975365294709,0.14788723391936287,-0.492869188335618,1.0207948012383952,1.0989301301218006,1.0199347916843067,1.4637264447930818,2.151833364095353,1.2991918809906622,0.13003071423401025,0.5789056010987679,0.5632213869488965,0.6508650369922862,0.6257573956614806,1.4778281534351265,-0.10644459986983179,1.5869439332494153,0.6138269966753285,0.8316581589944576,1.1316891451841968,2.341588223032602,1.5700599241119448,0.6015440194685056,0.33370033798624377,0.11117198579690069,0.3174890595880413,0.7262725873125504,1.4138016462292171,1.2211028605981227,1.0358183138856418,0.6682813126623302,1.2934033069875142,1.9197062147604242,1.3625508137977675,1.2461126923868164,2.629465679024733,1.8159080259369489,2.4005773220119124,1.9121131718129334,1.3345992757830345,1.9894223047750614,2.316865280557039,1.4463360869897883,1.2587835139431292,1.6118484063602239,0.7121552479543425,1.0052886273672499,1.2639357231579993,1.4095415479268922,-0.0184070199316011,0.8391873527257587,0.7638770152563268,2.3477687374931406,2.070984959951886,1.2043125612229346,1.7824694872122109,1.2143877357576258,1.1007944755712629,1.8296100522662755,0.011327028036589581,0.21806192762292653,1.7652784426021242,0.8442565879595776,1.1316048764690692,-0.16947219418514692,1.2370337155984998,1.9762341856965548,2.3376922714032844,2.011941289373567,2.050460977766704,0.6347739033327713,0.4893254014086921,2.304152174517924,0.5999488352360913,1.7588065552739067,0.8570226841402615,1.2818532577680344,1.7202444729698527,1.9840050692716318,0.8406473495264208,0.7022299269759742,1.6133796901722235,0.843554084885568,0.2581347729897061,0.8842083490926598,0.3028469776922975,1.4431299370138504,1.321119202048635,0.9880633710528173,1.1521399262841214,0.2353934386935066,1.095026139897243,1.0346513707845588,0.47678647651144956,1.2408984668354606,0.8705067330345173,1.284100024718441,1.5319647949739874,1.6782042019736991,1.281771409385101,0.9045719887388941,2.2983459781153783,0.21425349115310155,2.1077009326521647,1.2674992270031566,0.964133282162436,2.6554124032621758,0.27058134589617566,1.6684881767772595,1.7811697172983258,1.5284021849917053,0.7168558453470268,0.8100459037872838,0.6542771058659014,1.3534758812687073,1.4680886748200237,0.06642007236365544,1.0399175183057423,0.390547859589887,1.431335883601605,1.0973919099602654,1.1003916669096725,1.318621490727935,0.9668086476929858,0.7665543566931774,0.7822484362253732,0.9207260016660257,0.6522605056943007,1.0743225745418954,0.9078072992436432,1.3278752578847275,1.2169775871834076,1.1250037981507148,0.5665420716037559,1.397298334745983,2.109300479611136,1.62153243526069,2.1739465477561453,0.8282418271775214,1.5877407539543356,-0.29823207704271226,1.1031308940625877,1.3048556337456105,1.167433513305184,1.3441833797559255,1.0964333017478793,0.9379030286985426,1.1591257074620103,0.6326313088268378,1.334698009202036,1.3383522737846079,1.9807500729735423,2.426168977951704,1.0948754365342594,1.9450308565562864,2.8211223725468315,1.7635902936724506,0.6799438913723179,1.4432836913904907,0.2511005628536509,1.4665918650812841,1.714704199861103,-0.04521198597899456,1.5578375648517522,1.224075004752649,1.6223006689622324,1.6639943662589758,0.056015381863119273,0.27447179699782964,1.16542102810525,1.1422460562210404,1.8798196140029404,1.636941474424873,2.132276792547202,0.8884341937692923,0.9846321976850163,1.1742301652205356,1.3618057731455906,0.7257669946253031,2.1656215201600233,1.5030647728490294,1.1718601354991804,1.2064826631208234,-0.1916424806316286,1.430023638849832,0.813641299234412,1.097565093196863,1.3478877217449465,0.7523524719308625,0.7826990780491769,1.7508809747939154,0.765169572788416,1.2243367484370538,1.3203137864906012,1.9576554454575898,1.6613120122155465,2.1074939538530657,1.2668794973529884,1.8430797033824433,1.498140564514138,2.153572152928973,1.5187872230248445,2.4207176925045815,1.854122933393569,2.5294298002544977,1.3449578760565828,0.7624305740776549,1.3836277832073733,1.0068243722445231,1.0271349764103164,1.2859517486517689,0.5259995944269349,0.692941370432834,0.9867161564014282,0.9315046009540993,1.1891825665405236,1.3355471786609918,0.2447219362069859,1.9980064130114634,1.2362838223754729,0.8716297284588599,0.9062265359042954,1.36388589568719,1.4911538194543255,1.1290204573659253,0.5204171099053383,7.868281678520759,7.9789875289762335,0.511534040744781,0.4759329789940807,1.1856475958243777,0.5517477546779901,0.730744637200015,0.9138612076294521,0.6935311420429002,0.7116989809412644,0.931361746742084,0.8466347836366026,1.2087763633102249,0.5543859356018892,0.8157289519097084,0.9702082135884211,0.27826553343726346,0.4059841830208484,0.022377093577002682,0.5190752587727196,0.854440169304727,0.833751370041508,0.23139690195063167,0.6419170053392804,1.10307585062208,1.461517396316765,0.9217040941494474,0.9770577528679532,0.282270230651136,0.40826444336749645,0.8629692753625591,-0.2736039103131134,0.8374196121905015,1.6830209913913414,1.0334397301757008,1.4536768208425883,0.8566411723664942,6.73744827442863,0.8675025172520314,1.1247463898978936,0.38411249853442087,0.3432300226461962,1.142301650669765,1.6133787916011784,1.1189940787075443,0.5399390323798912,0.7549374951915411,-0.38736181752005905,0.598187231646989,0.8048335987413111,0.4528994679568541,-0.055527500660616624,1.2721974060333991,0.5762433309104686,0.8478935626937982,0.2037689331903607,1.0534093483534583,0.960965327609415,1.1877079515473987,0.6519278198333041,0.5790281071490444,0.19905536322994521,0.24740142445205038,0.4217832034163411,0.12915087198007313,0.2791744389724613,1.0395624211205359,0.9409612344799161,0.20953663847626558,0.4230187057879107,0.7490584857590665,0.5605958724560782,0.09867657340601177,0.6720304136602522,-0.07853004318440071,0.2707676373152026,-0.3293858753698373,-0.3542595259421528,-0.007480127944974768,0.03301241526316012,0.17717366774843235,0.43874565878178373,0.19729509931869416,-0.41513083666291095,-0.23321129801513507,0.18230064275792301,0.09377052443409184,-0.006157163627619866,0.35119431563430226,-0.32357185579081715,-0.4655407787130912,0.4006623068281101,0.23906518425883405,1.4630926840360967,-0.13915654390609689,0.12580578982379897,1.8400401377890585,0.5603164507759288,0.7822186587746387,0.3892023779922624,0.25926908299874185,0.26927484658938283,-0.03622923889600038,1.0094487763542475,0.5552418777010644,0.7188672818358555,1.0673200277335582,1.1359197437372472,0.9700462618214374,0.6918109821925782,1.78330579124321,0.7107810221150999,1.11011592660401,0.18361310156541322,0.3420186745057663,0.9136107217333347,1.682998538406423,0.41192031086609404,1.5070687385500037,0.570220097867832,1.0321567095909927,1.4841537345023994,1.243356362615657,0.7214960079044772,0.6793468524630271,1.5646413192238242,1.4483064577038363,0.2754842869934464,0.20969665571738005,0.573880630008377,0.38843724428716087,0.2518037838750615,0.9767348170271362,0.9732234274675307,1.0006421407364314,1.0307743118708572,1.0601081290099046,1.0884008727721834,1.11565099736697,1.1418749679760367,1.1670900918896336,1.191313562210837,1.214562455333521,1.2368537285204297,1.2582042175775996,1.278630634625756,1.2981495659651046,1.3167774700326618,1.3345306754503667,1.3514253791623787,1.367477644659914,1.382703400291291,1.3971184376572978,1.4107384100883564,1.4235788312028603,1.435655073545206,1.4469823673019846,1.4575757990941725,1.4674503108446402,1.4766206987180794,1.4851016121347698,1.4929075528525004,1.500052874119092,1.506551779891538,1.512418324121768,1.517666410106358,1.522309789900305,1.5263620637919644,1.5298366798386382,1.5327469334614534,1.5351059670977634,1.5369267699100533,1.5382221775504377,1.5390048719779656,1.5392873813295864,1.539082079841421,1.5384011878209094,1.5372567716671028,1.5356607439390473,1.5336248634699245,1.5311607355267256,1.5282798120136363,1.5249933917192493,1.5213126206037941,1.5172484921284877,1.5128118476231407,1.5080133766928725,1.5028636176612622,1.4973729580507324,1.4915516350968687,1.4854097362979815,1.4789571999971827,1.4722038159970339,1.4651592262039799,1.457832925304217,1.450234261468097,1.4423724370826676,1.4342565095114423,1.4258953918806014,1.417297853890659,1.4084725226528576,1.3994278835486398,1.3901722811122,1.380713919934692,1.3710608655900955,1.3612210455812601,1.3512022503046524,1.3410121340345995,1.330658215925041,1.320147881028788,1.309488381332983,1.2986868368102478,1.2877502364838165,1.2766854395086398,1.2654991762643704,1.2541980494621043,1.2427885352630597,1.2312769844086233,1.219669623361142,1.2079725554551715,1.1961917620583904,1.1843331037409826,1.172402321454058,1.1604050377151793,1.1483467578015052,1.1362328709493,1.1240686515603784,1.111859260413155,1.099609745879036,1.087325045143757,1.0750099854318478,1.062669285235188,1.0503075555449755,1.0379293010855122,1.0255389215503214,1.0131407128401406,1.000738868301596,0.9883374799675835,0.97594053979725,0.9635519409161475,0.9511754788555322,0.9388148527915519,0.9264736667832381,0.9141554310078845,0.9018635629955156,0.8896013888605125,0.8773721445309661,0.8651789769746188,0.8530249454221916,0.8409130225862214,0.8288460958771111,0.8168269686138387,0.8048583612307425,0.7929429124797025,0.7810831806265242,0.769281644642831,0.757540705391591,0.7458626868078113,0.734249837072241,0.7227043297797309,0.711228265099578,0.6998236709308685,0.6884925040495773,0.677236651249018,0.6660579304736416,0.6549580919440245,0.6439388192748652,0.6330017305852493,0.6221483796003895,0.6113802567451216,0.6006987902295009,0.5901053471254727,0.5796012344349606,0.5691877001494277,0.5588659342998881,0.5486370699982785,0.5385021844700759,0.5284623000766828,0.5185183853294575,0.5086713558933411,0.49892207558139035,0.4892713573397032,0.4797199642221699,0.4702686103555038,0.4609179618944381,0.4516686379664634,0.44252121160758406,0.43347621068670605,0.42453411882087266,0.4156953762789044,0.40696038087656916,0.39832948885998576,0.38980301577907994,0.3813812373507517,0.373064390311697,0.36485267326065696,0.3567462474894114,0.34874523780467825,0.3408497333381888,0.33305978834698635,0.32537542300349287,0.3177966241735817,0.31032334618583945,0.30295551158906164,0.29569301189968655,0.288535708338145,0.28148343255605823,0.2745359873509301,0.2676931473721993,0.26095465981558164,0.2543202451078628,0.24778959758003793,0.24136238613095884,0.2350382548804646,0.22881682381199653,0.22269768940515178,0.21668042525783449,0.21076458269794784,0.2049496913853659,0.19923525990316193,0.19362077633962826,0.18810570885949573,0.182689506265433,0.17737159854908668,0.1721513974336517,0.1670282969047321,0.1620016737330161,0.15707088798609448,0.15223528353129723,0.14749418852881035,0.1428469159151291,0.13829276387747313,0.13383101631819727,0.12946094331061886,0.12518180154467018,0.12099283476430855,0.11689327419537676,0.1128823389643685,0.10895923650832628,0.10512316297615598,0.10137330362073271,0.0977088331824234,0.09412891626442388,0.0906327076986031,0.08721935290424199,0.08388798823705201,0.08063774133057677,0.07746773142969232,0.07437706971541047,0.07136485962200823,0.06843019714597176,0.06557217114749392,0.06278986364321781,0.060082350092727665,0.05744869967628574,0.05488797556569125,0.052399235188147486,0.04998153048194354,0.04763390814565582,0.045355409879448416,0.04314507261995004,0.041001928768366724,0.038925006411488994,0.036913329535764206,0.034965918235059235,0.03308178891211355,0.0312599544726595,0.02949942451454035,0.02779920550966608,0.026158300979886917,0.02457571166729622,0.023050435698678484,0.02158146874285194,0.020167804163804703,0.018808433167407657,0.017502344942840864,0.016248526798278817,0.015045964291743985,0.013893641356503394,0.012790540420951402,0.01173564252411552,0.010727927425534745,0.009766373711613596,0.008849958895552845,0.007977659513926483,0.0071484512186543725,0.00636130886346109,0.005615206587378907,0.004909117893475923,0.004242015722866199,0.0036128725260482497,0.003020660328786562,0.0024643507954920096,0.001942885686162299,0.0014551823634292305,0.0010001389551916873,0.0005766391833503803,0.00018355686808035898,-0.00018023987922788365,-0.0005158847642405817,-0.0008245097083658948,-0.0011072415256876411,-0.001365198867631534,-0.0015994894241089241,-0.0018112073694283026,-0.0020014310429701254,-0.0021712208531994293,-0.0023216173938749307,-0.0024536397639849383,-0.0025682840781655614,-0.002666522159813667,-0.0027493004066059257,-0.0028175388175100124,-0.002872130173898313,-0.00291393936328177,-0.002943802838956344,-0.002962528206182924,-0.0029708939260331135,-0.0029696491297386274,-0.0029595135369504533,-0.0029411774673917535,-0.002915301941186499,-0.0028825188613268438,-0.0028434312687863894,-0.002798613667948757,-0.002748612412915463,-0.0026939461516235497,-0.0026351063207243897,-0.002572557686619348,-0.0025067389282185104,-0.0024380632557949866,-0.0023669190632062964,-0.002293670607173226,-0.0022186587118540047,-0.002142201494393703,-0.002064595106787692,-0.0019861144933770447,-0.0019070141589736522,-0.0018275289456823884,-0.0017478748162034208,-0.0016682496407156577,-0.0015888339857497158,-0.0015097919018671746,-0.0014312717102029637,-0.0013534067849718667,-0.0012763163306885872,-0.0012001061535329427,-0.0011248694240748591,-0.0010506874317002257,-0.0009776303299418032,-0.0009057578702140745,-0.0008351201258847141,-0.0007657582031015409,-0.0006977049400802571,-0.0006309855940003217,-0.0005656185147699944,-0.0005016158053194886,-0.00043898396893382596,-0.0003777245428295828,-0.0003178347183165897,-0.00025930794726036765,-0.00020213453467476938,-0.00014630221852485192,-9.179673537573763e-05,-3.860237330854943e-05,1.3296588861066994e-05,6.391587612597505e-05,0.00011327121200110923,0.00016137831363494115,0.00020825288663672836,0.0002539106203016672,0.0002983671832339496,0.0003416382182876987,0.0003837393385879295,0.00042468612309676246,0.0004644941120091062,0.0005031788033420526,0.0005407556485579335,0.000577240048812655,0.0006126473508061281,0.0006469928435990369,0.0006802917548043297,0.0007125592472903008,0.000743810415713142,0.0007740602835042409,0.0008033237998574805,0.0008316158363754766,0.000858951184397938,0.0008853445522163383,0.000910810562061215,0.0009353637475442156,0.0009590185514412042,0.0009817893228500907,0.0010036903150307808,0.0010247356827903786,0.001044939480721041,0.001064315660869397,0.001082878070519655,0.0011006404504882994,0.0011176164333619454,0.001133819541507819,0.0011492631854252977,0.0011639606621542953,0.0011779251539678626,0.001191169726780572,0.001203707328670589,0.0012155507885722727,0.0012267128154803686,0.0012372059965741755,0.0012470427963648945,0.0012562355557861338,0.0012647964910001974,0.0012727376923749034,0.0012800711241993667,0.0012868086229218534,0.0012929618973203105,0.001298542527194968,0.0013035619630272777,0.0013080315254683228,0.0013119624047703837,0.0013153656606732511,0.0013182522210968273,0.001320632882652717,0.0013225183100189497,0.0013239190357126063,0.001324845459748758,0.0013253078500383708,0.001325316341819871,0.0013248809378296755,0.0013240115080179748,0.0013227177898897935,0.0013210093885618335,0.001318895776876161,0.0013163862954570504,0.0013134901528815135,0.0013102164260203608,0.001306574060379262,0.0013025718703829625,0.0012982185398300317,0.0012935226222339224,0.0012884925409366588,0.0012831365902457037,0.0012774629353202727,0.0012714796127397676,0.0012651945313564283,0.00125861547292061,0.0012517500924786873,0.0012446059193962355,0.0012371903575854049,0.0012295106866417882,0.0012215740622991689,0.0012133875169979547,0.001204957961135733,0.0011962921838630791,0.001187396853708833,0.0011782785195464385,0.0011689436115602803,0.0011593984418709624,0.0011496492058427066,0.0011397019826517862,0.0011295627364233951,0.0011192373171979852,0.0011087314621249789,0.0010980507963154196,0.001087200834263058,0.0010761869808106894,0.001065014531889119,0.0010536886759382469,0.0010422144944755019,0.0010305969638579882,0.0010188409560214495,0.0010069512397308245,0.0009949324821150185,0.0009827892496332424,0.0009705260090981938,0.0009581471290402988,0.0009456568811856414,0.0009330594410243975,0.0009203588898571979,0.0009075592153635625,0.0008946643132503596,0.0008816779882181436,0.0008686039556096148,0.000855445842375957,0.0008422071884979232,0.0008288914485206078,0.000815501992406098,0.0008020421075798367,0.0007885149998401175,0.0007749237947791698,0.0007612715388631841,0.0007475612011944577,0.0007337956745914198,0.0007199777774644645,0.0007061102545549147,0.0006921957786971689,0.0006782369518987252,0.0006642363067044244,0.0006501963079585948,0.000636119353828235,0.0006220077775083155,0.000607863848301804,0.0005936897734386548,0.0005794876992126774,0.0005652597125163084,0.0005510078422616971,0.0005367340605744175,0.0005224402844419274,0.0005081283771914968,0.0004938001496839206,0.0004794573615072295,0.00046510172342095757,0.00045073489803826305,0.0004363585014743876,0.00042197410476774166,0.00040758323524414664,0.00039318737793792025,0.0003787879770698055,0.00036438643763858636,0.0003499841266147996,0.0003355823745323505,0.00032118247668222466,0.00030678569498832076,0.000292393259144319,0.0002780063682052969,0.00026362619178144087,0.0002492538716865056,0.00023489052364311647,0.00022053723802173408,0.00020619508200070413,0.00019186510047575212,0.00017754831759475564,0.0001632457386904207,0.0001489583511897763,0.0001346871256941995,0.0001204330181963087,0.00010619697115998861,9.197991505516256e-05,7.778276960834773e-05,6.360554414186481e-05,4.94474779770826e-05,3.5307181065036275e-05,2.1182773480177275e-05,7.072025937304716e-06,-7.0275005441544636e-06,-2.1118315260082454e-05,-3.520285764579967e-05,-4.928335778231485e-05,-6.336169730047914e-05,-7.743927011460983e-05
9.927661406513948,12.525141802039116,11.483003284876418,8.51230318005787,8.395813972909139,7.211290207681884,5.056535637874504,3.800257836872163,4.279273003265587,4.02113181890104,2.870584244728832,2.01646553294529,1.52593706470401,0.4294168554494604,-0.4223647319676047,0.5882598782212654,0.02445804866403023,-1.4389390984578654,-1.4884285684088354,-1.080207476424789,0.9353462410601878,2.954966171744559,1.3813062199479873,0.5058139398063304,0.8733852336525842,0.3851781602698452,-0.4599015061629643,-0.24830569600044328,0.769943994677817,0.750712217081059,0.22547389698644338,1.292567898772063,3.946237605284125,3.8845531744090067,4.423321185815325,5.597067313138723,3.2039581451045365,3.48115507205938,4.534502025282393,2.7597595801248076,3.0485069502843203,1.4426526633268395,-1.291987587329686,0.8523451068427335,1.9373470055959388,0.18520622680659926,-1.6177413561644016,-0.715677466601619,1.6207429300371814,2.9515909476418756,2.247185340762371,1.6846011605863964,2.1427259777238987,3.4323014423712834,5.085931783421529,5.563314392396762,4.50471866199166,3.716551123882084,6.172179529193954,7.702026921460572,6.4697676801222315,6.934241430041425,7.849483682307323,7.437394244818734,5.789195870995002,4.999864232625441,5.530646395235806,6.285507430224925,6.036087637177047,5.7574263453283265,4.88467580569727,4.247763084184385,6.948526379316604,7.095944578125852,6.683944603259704,10.307832062303362,7.985763456946984,6.027703340129165,8.631463366602702,8.317639012177949,5.750837340691021,4.143699252182898,4.653597737626228,4.637307229092812,4.2573573085290946,3.8465041449319983,3.2538303858598283,3.2690005696109665,2.684852737225583,1.5853317805784854,2.3403015125121556,3.658279151788747,3.140329290562704,0.8221169852382673,0.5576968707650849,1.0430729627719302,1.9265502465082704,3.584003182994593,1.7622777202836346,-0.5188618508001923,0.29297187535547664,2.4362981500794376,1.797493861419298,0.668178573714215,2.107885489913599,2.9726565352117973,2.6796601329987197,1.9597851125237753,1.8177847811638799,2.907765277661838,2.8827949613250894,1.899573492481693,2.672112254899048,2.7278074521526605,4.281341397560027,6.923555799626456,4.575675239504562,3.7748293677099696,4.422222084222312,2.9282427025534616,2.828981998290601,4.647224790133464,5.985437010368514,5.7412501421844695,8.174965968663969,8.436686724155436,6.1318360911356535,7.877555658412973,10.055055005127826,8.925334182430845,6.171999657842207,6.682056664551453,4.698375297063933,2.332996124257363,3.3248818525939896,2.9093328458613428,2.6484008443431435,2.4845999438742297,2.257111455918107,6.354890613400073,7.786460294628114,5.785562468983471,6.7495430635297,8.543368276383319,10.021291960784652,10.746765113684148,10.387790952559044,10.166723426850922,10.40946158980023,10.17630899555337,8.80356913387294,9.048748090172012,8.775094477709786,6.8801272451052,7.784679893155101,9.992562529565646,9.648056895684078,6.995510872273314,7.7498524299783185,6.791322560595972,5.092568707500277,6.151841882979966,5.2745520138948905,5.369166273248823,5.993138122996584,4.269746904191948,3.6006221886527783,5.832430963019135,8.243205820666105,7.832750011959433,8.266912105522977,8.135001800767668,6.587668302445309,6.101914982275332,8.698934006335833,10.107253356295075,9.228678952521022,9.470203692938071,9.094715548696286,7.218495098612607,6.395627187814284,8.505452287234846,6.714297532932733,6.624829542453313,9.351738187692149,7.034553986656988,4.78857556515004,4.659154556455519,4.751578638437877,3.8517380503898266,5.833962497851985,7.472239504316917,6.73281675206772,6.552949476945514,5.385822417290683,5.352527370992561,6.626523761420685,6.353255339973089,7.901431796958832,8.964774394391384,7.505924502579319,6.54031800551013,9.117081442828521,8.727235231397344,6.9620186029341085,11.86787011174465,9.46516560421469,7.21580806025554,9.065586232012265,6.522971255517064,5.4901711532128274,6.274056381182959,6.448769795711883,5.368421887397972,4.182349552742949,5.056917960001101,6.514509925597167,5.4811332485461435,4.233319978754935,3.016473688330848,3.3286830729233543,5.412543362472547,4.037810098580735,5.327753906596399,9.29926073074364,10.054298990282973,8.232189690174096,6.81197450963441,6.381214812475605,5.435735441466932,4.869309820007629,13.135403210734808,16.2927049987303,7.386475521159809,9.793333349200566,20.899173659131748,33.61473195649319,33.44357612956378,9.985462111398874,0.913201572728326,3.9239582130787767,3.9523223984690503,2.5532454306483032,2.6146249934760135,2.8555963084568248,2.9318788082883884,4.2156223041720295,5.522946040682882,5.9197857353657355,5.51455702222097,5.569788712801142,7.250719028141248,7.487234069797182,7.296255347066108,8.770631354896409,10.038244038297876,10.50523374256204,9.851787660718173,8.444920548553455,7.944248715738468,10.230334893077043,11.863550587260193,10.280425949914502,8.199838579124162,10.172879400398983,8.656339202859385,6.044812934119022,8.177230613657457,7.53009489866065,6.617078038748787,8.744087858656826,11.212514919849355,8.619830452351266,6.436856615716692,5.973831211423658,5.901159854295315,5.861842776615163,6.026955792426122,6.425850496775126,7.501391065605844,8.557463981497165,7.174444234700786,5.628872951909955,5.5285893704974,4.906175817293786,1.6896303260350578,1.652653564840648,1.0975715211477564,0.44710186283180064,3.8485410054327645,4.123349138139929,1.565459209819835,2.0581592257539683,5.838130589365505,4.620020806855678,2.069679193190666,0.6819951286785226,0.41838000345632054,0.679789817196081,0.5225760355444891,0.3637162768724238,-0.2629600860661867,-1.6113739610295852,-2.0119512208302126,-1.4855619907567075,-0.6089951984836262,0.05772908576869895,0.3602669868479893,0.9834164695322443,2.388800413744434,2.6489424799721064,1.0208753671667523,0.6553387847761769,-0.3275367906987867,-0.9147681650879349,0.3488308054242566,1.5765668931237542,-0.05752318411776969,1.0327675440709072,1.9258341175404325,-0.7706621697134324,0.6949522348939468,2.9354424978771476,2.776555893990178,1.7710291505363784,2.3470869984136016,2.3367320675886276,3.8241029837882934,5.441159183988134,6.0447437559564605,7.800476098814556,7.161267487678231,5.14957797816237,3.854822476161644,3.955923429253403,5.207181317501295,4.349285385533051,3.8215327556958414,5.492358299001978,7.074587373451209,8.348488635463582,8.229309282047495,6.005220480049786,3.8520878858871015,4.655127141391063,4.269493688731586,5.735370580737992,8.45030128313374,7.935241774043334,5.693782684607413,5.890707700098574,6.5833780614115085,5.823234010213923,4.935366252882659,4.347861739643008,5.829138958433418,5.489595942875212,4.1544128585195494,7.189876499692161,5.961784964027402,5.065092124312912,7.913507360673293,11.360772505708269,11.4873436885577,9.20964391986223,11.843051360356469,12.112885876763698,6.706807460096002,11.531774206483192,10.209984019889873,8.1445174401656,8.762318732255608,6.690618211887397,6.380131646681889,8.480975990666764,9.652789044231554,8.163239986230906,6.614835897428065,8.247961460230727,9.282859094000798,9.879437141350763,8.367341786138468,4.158829308262625,6.5245535883876755,10.911925903795236,10.541122992592818,7.026149847398415,7.398246734842758,11.344903218941795,10.34944552623034,7.145839617893671,7.425692021735074,9.012993804880068,6.811203065322331,5.979239646240558,5.142422856177404,5.025345087392338,8.076169995245948,6.697284365377186,7.3615087461203075,8.910193289518645,8.421076571620915,7.786685095815869,7.6312034589316795,6.565113086549388,4.647411486833391,3.5300520544050187,4.815121996488415,7.471041175115033,6.092144498147604,4.263702405642107,4.144959337814896,3.2446160956213816,2.424186786224368,5.622333629825107,7.13172251045637,8.181023388589324,10.568455072069924,7.059246048688578,3.7580707708746104,6.077891559351826,9.240996530911787,7.753883399635129,5.311617070737384,6.816872758030115,5.767143259397415,5.505410192989416,5.850942442038786,1.9473491595493897,3.9180973118685642,4.07513023310878,4.71388085580719,6.050985318269227,4.2067658108496175,3.5791012918511456,2.3784313340568133,0.7801609726514016,2.2951442237271635,5.906464029265919,5.323704566579522,2.9580790610048666,2.5556695902743627,2.3670440202968166,1.298653750476774,0.473502677889428,-1.4723133892398437,2.064342325589223,2.746435627904134,1.2519772828139253,3.7154291967996187,3.4588752214568785,2.559068026291584,0.9175585189066737,2.618667126388914,6.2397866938347875,4.717928945099288,2.4760058589649816,1.9583522822649115,2.972461993919296,3.147972131700385,1.3398002978531167,0.6084301860751111,3.356996723271493,2.3364436133953745,0.18312071884065517,1.293326398825684,2.906651230585055,3.862966423739465,4.402899733181812,2.6005135861024087,0.6512994127607499,0.23939584430252125,-0.36405293802232563,1.7538513734873504,-1.0671704616871125,-2.221589753980652,1.3026268917841435,2.992113721945657,3.247384247110574,6.018176532189898,5.958146774387956,3.8293184890129623,4.064399410011902,4.805630579805836,2.1397411597664586,4.762102408827559,5.4236883992923595,2.583846750691464,1.9000751749524625,4.25646414319624,6.450922295911369,5.637681090127387,6.215050927625384,7.310955904230639,6.846349279419883,6.349910632355318,3.2499770606892753,4.527619402083133,5.148130581309829,5.1475122988961175,7.1074505550085405,6.305919897562603,3.681325071931383,3.2690550561775353,4.299414231715389,3.679586535866349,2.124006452572644,2.1920177657868294,1.4924635587794342,2.801606129212928,2.3253035727692577,2.3446395350477474,3.4097709154456197,0.8251268398336151,1.7621404876366569,3.1859766452199665,2.317720332891213,1.4219132836101949,2.5278369887992653,3.735390473470545,3.1868003907119373,2.386414602103514,2.714252037264089,1.256447109827377,-1.2216973368265371,-0.9879901572276708,-0.18388533766517412,0.844552555346354,-0.025838833618024637,-1.0953459678759145,-1.866464527596463,-1.1935470248051843,2.4618337369400365,0.05834382097816615,-0.3604815707697071,-0.14127447854468755,-1.6269097117112779,-1.4028754271103026,1.718488649042115,4.152334706340412,7.178103092608467,4.605476660358363,0.20885922397934564,-0.5663863900307433,0.11584969425246072,0.4222188486505729,1.1083311736346104,-0.44062563582758685,0.32954235205500026,0.524333480095379,-1.107718053175745,1.0546330799796237,1.482313583864368,-0.10481805791658871,-0.025538763895383454,1.6284263663440584,1.1590597614424496,-0.5302158831146926,0.6186850981894736,-0.22271254210016878,-2.001841632838648,-1.4655712745893652,-0.8284326344493138,-0.802867175047254,1.370188424502203,4.0182563612041236,3.5360584020755823,2.06700365644906,1.3676600597385686,1.1484527625328838,0.523340714201538,0.26167825708159853,1.7034983921136018,1.977896594069989,1.3854159212797867,0.04627086514153689,-0.46030932890943177,-4.170912745848909e-05,0.25957290321764503,0.722627925549773,-0.9266624010548412,0.0626885531547714,-1.115940595612642,-1.236578463979754,0.7129207093208834,-0.6789911270040534,-0.5444431502277212,3.453497360170388,2.1676071377445396,3.217599826558967,5.623243785557634,5.793711348799434,5.898611299737979,5.599525719408518,7.02373434117294,9.827569072815436,8.743685582637681,9.805001007356054,12.551572722599872,11.74000985787336,11.584622924242126,14.002907293927024,13.949100344749354,16.837429509317644,20.05590622572106,22.48787105885299,23.995758027000193,24.194165647709553,25.70556357410817,26.535536715687954,29.663147635993823,28.52055072743883,30.62223384190264,33.299240817100326,31.664167604304794,32.254686170568164,34.18326390050987,38.89485396695284,39.74941466931534,40.85824319096804,41.30031462510533,41.41174109237926,43.8190053392691,44.61696976014309,41.60657757254677,40.556113723735166,39.7337369299928,41.152963180118036,40.182925827425834,37.37991841657595,37.112852544247744,37.48116585428505,37.87414823627773,37.95513368326158,40.424409187966944,39.711933240579924,38.399515757595054,39.07820951048609,38.50431611632166,36.20918821599025,34.69402323276097,33.02632966624992,32.89562182401448,32.233689763713585,29.980590517115616,27.21089937699537,29.063550210333915,32.09623637005387,28.03742466990991,27.98716074528363,29.401627564532646,30.106298510189163,28.41642063595083,28.3510343716041,25.976479551386944,23.4348378033402,24.83120085316932,20.710599489345782,21.195942876596234,22.33756730780601,21.96724006173497,21.930123400183106,21.0071073686953,18.34095726120995,16.387149894001936,16.382044038312642,15.819748291512155,13.816439925266309,14.606855420281477,13.42298329358897,11.66572539645631,12.830312071837284,12.286331626972412,9.056966056774172,8.976736459553138,9.25873358456397,6.287891765809491,8.414842653606684,6.113599837842742,6.428854777858135,5.566583722024006,7.128941475044712,7.7347754002007605,5.572878436940982,8.062450466080236,3.9113260650520942,2.4301222081697915,5.035809238379784,3.0427876755380794,2.5351718913885293,1.354796900661995,0.8170997594941696,1.779692681509573,1.7604966365134942,2.9262971624357306,1.8306899238908727,-0.05952169932385232,2.6450729113950047,1.4261090850095002,-0.25766629761955073,-1.5579801310546486,-0.07797277458689678,0.7383800064177422,-0.33234624436715876,1.030765983909646,-0.08500508579788857,1.0886489398250205,3.2034601472059876,0.3875704260173052,0.48542993933529033,2.273068401322746,1.5557207998652416,0.3977771689791325,1.775431586327386,2.7321693495609907,1.5709665455846107,2.162273353320302,2.006056396155998,3.9286675792991446,2.0249522596953398,2.0999909971267243,3.0508746469270136,3.794164069274757,3.8051966747294728,3.956190597950126,3.999368475888218,4.583955723704548,6.548508411310593,3.5579371306909593,6.092001672495201,2.8567187957977467,5.246794836019831,6.921462210098525,8.589574392322334,9.246727328896554,9.770199456678142,10.337713844491986,8.530221343908579,6.258383686789671,4.3270878261935195,4.628042599105925,7.477455921522335,6.449500334524828,4.835113988871569,5.860689712636315,5.780329811319007,7.773428973100579,7.729433798363345,7.084268381631375,8.788443446829035,8.332263931328896,6.885202594830957,6.8609025063872195,8.11154364418519,8.199601931181974,7.566397694024033,6.622000439397368,6.646840245473868,6.100271088771876,4.580196085813213,3.9590538759051697,5.5187064684604366,5.726165623470592,4.237071699447142,3.6453884568946933,3.5292406095634874,4.191300846508625,2.359595507767665,1.8107650162008326,2.0174944805840482,6.229843096194827,5.554498274529919,4.05578840566443,5.033698062504641,3.7812534045659163,3.0558355567431477,3.166979806822212,4.316921332317577,3.8655793202176483,1.4221706215219,3.9287974428591497,4.704972737313199,3.5192141920410904,5.95644527370257,3.1286887064112534,3.0623037768390873,4.141223921679966,3.773460640538019,1.4615989935045377,1.3225425109807816,2.695972897520676,2.436067575033121,1.8521123384081761,1.5310416647101874,0.24768657430797703,0.7908549852472788,1.2260576716648757,-0.4699703061538685,2.0393387531428857,3.4213982680657864,1.9924251641292585,0.888582313770371,0.6486202808086432,-1.6115620222946632,-1.4408606698152084,-2.6145351760960693,-1.343255595647065,-1.114124839314286,-1.5477469240101982,-0.9450737235301858,-0.45875687686572064,-1.1955097117003675,-0.9762744124620895,-1.3031641893608708,-0.18975719686511638,2.389291223991677,0.854896458428243,-0.5838793746092961,-0.7775445541645354,0.014951155499772995,2.3026100237493665,1.6591315840800576,1.2417722686326442,1.847955579963127,0.30888785543442054,3.584376321832849,0.18235439575897772,-0.42711717907735647,0.891610701704451,1.9419464978982433,3.460953365293051,3.085413503764471,4.4863494897490455,2.5336971653607065,0.6030376760314766,3.317327402104638,3.5470812573694275,4.228548687163766,4.446813010632809,3.862030366254544,5.115984865794417,2.4972497855958977,3.464014589623048,6.223766587817977,4.443740058174399,5.26583906646556,6.458401560262814,6.562470038678271,9.114905446781108,8.525614948393468,7.525061436471901,8.892260418208366,10.249396814304362,9.133388542954094,10.624334870459052,8.230038007203518,11.23503249957605,11.323021992836289,10.204564477490749,12.05048292502488,10.12586808529602,10.131478448425469,8.896855671635535,11.4180748228286,12.653948117330913,12.388451423583206,11.209514422756342,13.348040410691624,12.834370038841485,15.444448092604148,13.849115534878592,14.185001579040716,15.55122795003922,14.697275061744733,15.821443794389268,17.424157581914983,17.560678364010073,15.855358134822268,15.24727491563442,17.498625259381186,18.014487495051014,16.965959930285408,16.30657925682391,15.744732764732078,16.411383017714343,16.084463661251903,17.88702999070324,17.396176220324264,19.875365625277368,19.893205004779134,20.724628516212704,23.789984587406536,22.399206976069877,21.887800791382233,21.127981549087053,20.81480803513182,20.88271680547848,20.13467260804549,21.126415202089277,21.776353231836424,22.355035562856415,22.60813705691146,21.038837664479047,19.79939344436366,22.708257081954514,20.289293101061105,21.81587547341718,21.447789716045747,22.53360090266375,21.10329896416215,21.73286156830636,22.137577016672367,20.434800529346944,20.93506138219027,19.64032357516072,18.314359317444826,17.894278697946845,17.62618045265077,20.31280215311267,20.18992404186423,18.338203480547634,20.49009024540635,17.88300664409786,16.861245493864544,17.43795158341362,18.938615427437185,19.412785855425795,18.837774695586745,18.66788158094232,15.90879586230011,17.25507831469497,18.402752966032153,15.641470048396627,14.540205346176265,16.614039036643135,16.440031044220518,13.173273079193564,13.23963767854741,14.94078951897103,14.494834824283544,12.64517739649051,12.633815779520432,12.965900328955911,13.602878965122954,12.6559785851951,11.411443036604908,10.340481942202587,11.655789379397334,12.788899944284367,9.775289938473918,11.073530087811037,6.325112503893138,7.591694206589523,5.7112682531803785,4.52320023279168,4.638888854829304,6.3040402377069995,5.7994552507934145,3.5191848654749265,1.1456400688956592,4.1832834982344025,1.7862663968088555,4.540471767343263,3.496534631200234,1.8948173388986902,3.0797468327103843,2.1196878537063526,2.047573926779876,2.0347660992306373,1.054535613991277,1.098525092549437,1.5911468263292932,2.0388137293247723,2.088960284930522,1.2527292687539102,1.6345249662561514,-1.2444393803436071,-0.8777517176687297,-1.8548891616509593,-1.6405642791048365,-0.350838460942299,1.9354745888235811,0.9482652010039487,1.7209513448936775,1.132318326601819,2.1855561873686895,1.0954790007108386,0.7734796010812204,-0.49455282665417144,0.3562625242414299,0.4668459024761944,1.2683549478900034,1.597296985083176,0.1585111210004868,0.9331729727787206,0.7430800899457779,1.1436267304700891,0.26735551551206527,3.102491324916315,1.0463013701903776,-0.5290939317824268,-0.8388087658191239,-0.13030071151945322,0.7203035875596697,1.5573225034243592,0.651298090933011,-0.17312008477227891,0.3764451374534019,0.4098927742453782,0.7160158475631704,0.5247236713850896,1.6460188718764641,1.5240287785901216,0.042745668781378754,1.6998396458183436,0.6760252423884197,1.6165096190464965,3.0771138824168816,1.014095378840011,0.6596205707732565,2.32678843645175,1.9803855102189232,0.5357290995987967,1.7726687847799099,-0.5957794037157669,0.060239986976114324,0.6273479514907478,1.8257378661346308,1.2695239429170613,1.8915610559999436,2.4781890600147847,1.1877111214134572,-1.191320817733498,0.2706362768108761,0.038491847617308395,0.08071060804459762,0.6266825605710551,2.073858002338312,0.9367678562962567,1.167183438594975,1.0262936963171114,0.4449041590457625,0.46810858381269327,1.8640994380421603,2.1177592058241146,0.06978988698682542,0.9870712480986299,1.5870445721859312,2.1462941099745763,3.0083900374702353,0.016307223275674687,0.355229097459528,2.715298194904733,0.658239046221496,2.042299958341772,0.2447416235453943,1.701326727147915,2.0712218606547594,2.168882141727636,2.5238198539530288,2.6346937925448515,1.830027002288091,1.752810648287408,1.7198485788558173,2.6042341398767235,1.8345719798579978,3.041386042548311,1.2894041898015018,1.7115607664424033,2.5052278545659874,2.8695626434318626,3.2407063247063945,3.8401849349355643,2.007215226633832,3.4775132020861577,3.387688827895232,2.6960985490838993,1.9771110451486607,3.4853620599604085,3.072716143585126,2.670978293451128,4.005120313972839,3.572742526646465,2.3853150917141477,2.718147533823327,2.888815984793041,2.758399112244774,3.1204093769495955,1.8729579628621593,3.004808207716451,1.082314204333386,1.6318822352874918,1.0930959651562944,3.086920120914982,1.5854087977682525,1.4047319931662798,1.222998022580839,1.3191451391355145,-0.01650546970540745,2.245976016256435,1.4840842778890533,2.4359705097441804,1.428881827301069,1.1466172264653096,1.0717884264652753,1.0048476080394835,1.3248906435757135,1.0078150627894047,0.19289411739924844,1.5085061829515496,1.6052464125783672,1.1920441591470308,0.7285915544533736,2.523823775151243,2.2390166232775357,3.2543329775883194,2.1853480905942604,2.273918627653927,1.965285435005228,1.2503892047362513,1.78935988553161,3.050646392833812,1.236370558852542,2.6500333052641167,1.9185149467093368,3.803140723255325,2.4987073628052485,0.9235066963465783,3.1161458567540308,3.5382818113092185,1.1420497313043825,1.9897834088128548,1.0775781183827746,2.302545170935417,2.400144158306233,0.9496759948103772,1.7470856418580638,0.47837839069646293,0.791915925247082,0.7337191833512975,1.6064313381119462,0.9020112851584656,2.0321565290082333,1.9406384585871024,2.061294787925533,0.5391141600369167,0.8054772237192651,1.6578992174139557,-0.2984875134854974,0.56897606609337,2.1531295585539283,0.9463074434842014,0.6966194368192475,-0.9845054431639397,0.6723894010755203,0.20838438838939055,0.10139611306627216,0.4632217637906848,0.955341136295047,0.8495245073332143,1.2186284839061443,0.7505913751718083,0.9546709485032636,1.1740482360582547,1.1771818844883768,1.6099870880794356,0.374749467832757,1.9761180701766676,0.9500529392207397,2.1875859429472087,0.9103152605829479,1.197008957576685,2.0225073960409503,1.6408713994420197,1.0773026412416016,0.5516742616736394,3.135467569608963,1.1070501102548604,1.6154861367562177,1.2326303188966108,2.5599926214540574,2.1750731813535253,-0.08413770299881662,1.1783487065225131,1.3218322227053392,0.9634402992918467,1.890336573758944,0.5379313523762193,0.0030269642935962793,1.6158317517623288,0.23167765292242848,1.419916219721273,2.4789181459775875,1.8916395548074547,1.4635994928218992,0.9560358116086007,2.045057432215458,-0.36790791122183464,0.4690006605361674,1.191062891185041,0.8330717221491994,0.8571194752584859,0.9356560550513393,0.33158538191653975,1.828410647911653,0.3448126242404044,-0.7571382081565048,1.069542232434273,1.4882166781795263,-0.33143510703641255,1.4498755616733945,1.8150487436651872,0.5912073757686187,1.3313119208279574,0.8899966717268342,2.7986078243506256,0.5558605651748678,0.7870719736658316,1.7820564491921118,1.2673424847783394,1.2244556486614897,2.027194331562953,2.2530082299811625,1.6107097527341807,0.737463439296306,0.40424561875448717,1.0721646875625765,-0.020449318562612007,1.0973766563205913,1.6045016127896758,1.5877052790867197,1.7293559070857043,1.5720815996556894,2.285654146593373,1.5602614402529582,2.379723651747355,2.453332292745472,2.5290901847952227,0.6258662981541931,1.526727653393749,1.170075681154799,-0.2302443098326421,1.0212336607279155,0.18775739356738086,1.7509354881721606,1.1419157098232517,1.2762511662861584,2.164534218810701,1.5788622279746107,1.8417702651483125,0.6985990299489231,2.4240240597890192,1.681499508744821,1.5342519325329818,1.1603072182319067,1.5544711898268702,2.4530504097646144,1.9505895052595008,1.7582634124202627,2.1453752292300976,2.5873207123186717,0.516694500457703,1.595804413628457,1.1325346971935346,2.048081204513224,-1.1873567232315452,0.6603055483790854,1.9219432782252568,2.1649200014416863,0.3108089608710287,0.7737140056179328,0.5496405039990293,-0.3280985137826917,1.6340073762422804,0.4725397783475387,1.9094896793044995,2.5071724204860004,2.5851663359095767,1.539763070887318,1.6975327902907509,2.431176639048232,0.7958525625497828,2.632294129766933,1.3322525913164611,1.4259181130525533,1.3580086206704323,2.313056655574428,1.6485720708775489,1.6683840684653646,1.6159083247706576,1.2369330910867973,1.311998349206398,2.029473241896511,1.7302994125603846,2.211675168108961,1.7862176487709647,1.027655986742218,1.60088658554821,1.7437847193372988,1.6416704179407517,1.582169902778226,1.1784516810534456,1.356306172065615,1.9164130510479538,2.330869093931227,2.524415233149199,0.3969432300603799,2.18512895637474,0.45202611276037175,0.12425934836457486,2.9037332659113133,2.041977852427067,1.152167549438019,1.7378498242530611,1.3532540968353715,0.82146184724985,1.8607761304410815,0.3476954148129323,1.825889460963026,1.1396261392506801,0.6561681325634368,1.3073875374140869,2.437513715020856,0.8918859727674544,1.5638437099794658,1.0193679909442679,0.7646214557425992,1.6123996381239678,1.5128690586080964,1.2601368113378726,0.7140179995697906,1.2222273808200157,1.6280774805583818,1.661118800176375,0.39871433084564956,-0.251721680254974,0.8992951340940749,1.9007830357447517,0.5936188697151579,1.0678820192166256,0.7682279189383792,-0.0019501576619234129,1.3397593881503838,0.260484208352068,0.8742977743131632,1.610771883406187,1.0652344711598403,1.3303697268205283,2.196218910845573,3.0138621216025285,14.49800381059083,2.6049901262148296,0.3091940263558399,0.7268491703102384,0.3147882465136149,0.8881431260876127,1.0778758793879604,1.6627260453291797,0.9982038375089246,0.44871899197306675,0.9479980089606102,0.5876042579011767,0.7639716188933221,0.39713925995488353,1.3889616108412213,0.3693013318574856,-0.3548817350307729,1.1876788558370208,0.5310734980209588,1.580223002201933,0.7823950802992456,1.2898324143836817,0.47174614466356957,1.3110367049714284,1.1812447407541526,1.4075976254858986,0.9468114145649054,0.6417790856180261,0.514270398421953,0.3247006021644836,1.0619585579362933,0.29683845934829023,2.2859616490645465,0.41592952734549726,1.004648197496067,1.2261028227907538,0.9238474815421966,1.0919278439304456,1.5234808268619986,1.3658245277233334,2.1216312006348232,1.8303733476557795,1.3028626751863897,1.8820914927221715,1.3092129139204758,1.7104449429647879,1.398650960929615,0.5750322668340573,1.29965957244454,1.2857197582204094,1.4314772418914856,1.9963871085140568,2.4340018189174657,0.7962546767728611,1.88091309293711,1.4326495347499701,1.319116399257748,1.5280945718336056,1.1213737475895016,3.0641114650437373,0.2877241532627295,14.088036427943678,2.7557287567488515,0.9909402662858042,2.372954476168246,2.3208852054753493,2.2940739260054386,2.0781691742212196,1.26411520139186,2.0155679955497305,1.334161781352659,1.7811581148606592,1.7520927107097464,0.8495914832276092,1.7168513843011795,1.5187424833729004,0.3352519419939881,1.8924887486011244,0.7340972584964902,1.219893283851377,1.6949392217526338,0.7613163902665327,1.098450832374624,1.5419307768897283,0.9291925636045164,0.35119143634625516,1.429806389406508,0.7788215943603518,0.8875303418869009,0.9749278406329118,1.7278646639830981,0.030004871203317407,0.24090346205429114,1.3381688695755827,-0.1437095463560354,0.9746339204218373,0.5392419664230488,0.9041661476071567,1.34782968536976,1.042403040401723,0.38390297415770647,-0.11389605890670396,0.761388755711522,0.42700967673661694,0.7324927515000184,-0.06977155919091338,1.2668240511671627,0.48054483689608674,0.20655228794009872,0.8412345002416828,1.6372932545324659,0.7446832839195832,1.0223893091481102,1.0477187304009004,1.0731983814493748,0.254071627950907,0.7056857168904838,0.8623556890598554,0.45197943094186144,0.37981432377736724,0.7811325046348259,1.301625918182168,0.6725815618946172,0.6450988870080323,0.21733042386242118,0.4153264730656492,1.1319872127844235,0.9155777698871628,1.5230623844227864,0.7927479020261501,1.018636168308376,1.019909766256232,0.4113453923860959,0.4208130173828124,0.1265854028280291,0.6344144399748757,1.4258502328209488,0.1483592647931875,0.7839882981814696,-0.29590031439673226,0.17218941404581756,1.5775775134959797,0.3524974336113189,1.5816301667919976,0.760667412375911,1.3509245671286578,0.25229460372648305,0.3885780211911918,1.4660908191330577,0.6442854023962923,0.8963127978317686,0.6122970818754805,0.5710016914052858,0.9918352199649707,0.6829332013733733,0.3916276568747321,0.6935853477695275,0.5716404308877241,0.6757975182980829,0.5212860031620892,0.5459206984271532,0.7311135862866252,1.070487440289071,0.3202382030592883,0.11248200588860868,-0.22701766731191242,-0.12992074475820736,1.1115994983265427,1.213799646543123,-0.16939597998796962,-0.7154573780829594,-0.13347384684689523,0.624330269652404,0.3699884260942099,-0.11920118806460778,0.6861586168043061,0.45161561685432616,0.8345359476624896,-0.019609956941536666,0.9901355046999374,-0.009909764194873105,-0.1065379295143325,0.33535463569259605,0.9298669826094397,0.25664855155275745,1.163791797457236,1.0342807549700108,1.055629486096933,0.0882030350785783,0.9021334914713464,0.7758775591193512,0.11080187438884082,0.6612440730235098,1.3649848491448608,1.1806645490726453,1.5431554344773417,0.5457854976566816,1.2981122061093515,1.0946085153578622,0.8134035621489195,0.14214757204069972,1.8053263597225282,1.126548249930181,0.8881864167742322,1.7387647777283917,1.2931372128698229,1.2389819065487586,0.9035166324295858,1.741039003962383,0.8149440250195132,0.25281023737500163,1.895844870229352,0.15426109368834862,-0.7600160755938807,11.138545617638897,1.2538609680608204,-0.09328384213532015,0.6759977535005532,0.6971427940314925,1.103506856725005,0.43863269354966405,1.468990516466306,1.4044532607537406,1.2612344092194112,1.267733640742705,1.2820907462692617,1.296311223253781,1.309815258751911,1.322577471803271,1.3346090669270154,1.345924454244681,1.3565379104168187,1.3664635775116665,1.375715461943571,1.3843074334805863,1.3922532243191483,1.3995664282252562,1.4062604997394033,1.4123487534453147,1.4178443633006452,1.4227603620281855,1.427109640566215,1.4309049475769768,1.4341588890117976,1.4368839277312588,1.4390923831801956,1.4407964311151034,1.4420081033829888,1.4427392877512375,1.443001727786367,1.4428070227809542,1.4421666277274312,1.4410918533375252,1.4395938661062928,1.4376836884197814,1.4353721987044423,1.4326701316185222,1.429588078282677,1.4261364865506607,1.4223256613175295,1.418165764864625,1.4136668172407951,1.408838696678231,1.40369114004244,1.3982337433149326,1.3924759621079659,1.3864271122105265,1.3800963701638977,1.3734927738667295,1.3666252232079614,1.3595024807273148,1.352133172301933,1.3445257878587142,1.3366886821111166,1.3286300753199782,1.32035805407736,1.3118805721121873,1.303205451117634,1.2943403815988859,1.2852929237405135,1.2760705082931167,1.2666804374779304,1.2571298859091655,1.2474259015329494,1.2375754065824651,1.2275851985482404,1.2174619511634717,1.207212215402535,1.1968424204937662,1.1863588749441192,1.175767767576417,1.1650751685776015,1.1542870305576685,1.1434091896190353,1.1324473664352865,1.1214071673393278,1.1102940854190138,1.0991135016215594,1.0878706858645444,1.076570798154222,1.065218889709712,1.053819904093018,1.0423786783441926,1.0308999441214155,1.019388328844883,1.0078483568448746,0.9962844505129738,0.9847009314558193,0.9731020216516129,0.9614918446083323,0.9498744265237633,0.9382536974463562,0.9266334924370483,0.9150175527312001,0.9034095269007878,0.8918129720158561,0.8802313548054315,0.8686680528172701,0.8571263555759003,0.8456094657389315,0.8341205002510605,0.8226624914963736,0.8112383884466965,0.7998510578078708,0.7885032851616529,0.7771977761046855,0.7659371573833198,0.754723978023975,0.7435607104595192,0.7324497516502788,0.7213934242004427,0.7103939774693231,0.6994535886766187,0.6885743640029318,0.6777583396832938,0.6670074830952899,0.6563236938409318,0.6457088048213677,0.6351645833053396,0.6246927319903932,0.6142948900578347,0.6039726342193887,0.5937274797572343,0.5835608815563091,0.5734742351287707,0.5634688776306405,0.5535460888707462,0.5437070923108251,0.5339530560581238,0.5242850938490733,0.5147042660247507,0.5052115804977575,0.49580799371022977,0.4864944115830099,0.47727169045617757,0.46814063802037253,0.4591020142390505,0.45015653226155905,0.44130485932720376,0.43254761765948047,0.4238853853512978,0.41531869724087755,0.40684804577767864,0.3984738818793687,0.39019661577867737,0.3820166178611828,0.3739342194925541,0.3659497138366419,0.3580633566640188,0.3502753671502319,0.34258592866444815,0.3349951895482377,0.32750326388455164,0.32011023225672375,0.3128161424978657,0.3056210104302579,0.2985248205943378,0.2915275269685651,0.284629053678799,0.2778292956978987,0.27112811953603,0.2645253639202849,0.2580208404649227,0.2516143343316628,0.24530560488008746,0.2390943863083237,0.23298038828372114,0.22696329656426428,0.22104277360992342,0.21521845918422855,0.20948997094643573,0.2038569050338026,0.19831883663465533,0.19287532055153633,0.1875258917552287,0.1822700659287193,0.17710734000257844,0.17203719268022155,0.16705908495430322,0.16217246061387414,0.1573767467420737,0.1526713542047844,0.14805567813016296,0.1435290983792754,0.1390909800076372,0.13474067371785736,0.13047751630335824,0.12630083108359713,0.12220992833027822,0.11820410568498119,0.11428264856834858,0.11044483058063292,0.10668991389394478,0.10301714963580366,0.09942577826464571,0.09591502993711742,0.09248412486738289,0.08913227367790455,0.08585867774289113,0.08266252952333275,0.07954301289422006,0.07649930346445899,0.07353056888854326,0.0706359691710361,0.06781465696332134,0.06506577785324907,0.062388470647078975,0.059781867644659314,0.05724509490693208,0.05477727251675901,0.05237751483227271,0.050044930734088666,0.04777862386498555,0.04557769286353164,0.043441231590264806,0.04136832934793233,0.03935807109522216,0.03740953765392874,0.03552180590986609,0.03369394900798284,0.03192503654082657,0.03021413473149437,0.028560306610557973,0.026962612187276136,0.025420108614724768,0.02393185034972589,0.022496889307319634,0.021114275009068706,0.019783054727099625,0.018502273621720633,0.017270974875060574,0.01608819981871079,0.01495298805733114,0.013864377586742194,0.012821404907271017,0.011823105132890532,0.010868512095413507,0.009956658444281175,0.009086575742031755,0.008257294555590988,0.007467844542986768,0.0067172545364257985,0.006004552621277526,0.0053287662112211365,0.004688922119413519,0.004084046626161353,0.003513165542756269,0.002975304272155199,0.002469487866108011,0.0019947410784482145,0.0015500884163941464,0.0011345541877005871,0.0007471625450534702,0.0003869375277645304,5.2895778281936146e-05,-0.0002559498917378278,-0.0005405871941661644,-0.0008020013070506593,-0.0010411720565741689,-0.0012590713292865985,-0.0014566607039228074,-0.001634889294535924,-0.001794691794202663,-0.0019369867105751837,-0.002062674783815055,-0.0021726375778428064,-0.002267736235950224,-0.0023488103923909875,-0.002416677230712594,-0.002472130681184126,-0.0025159407491059937,-0.002548852965531978,-0.0025715879537244746,-0.002584841103328017,-0.0025892823451556524,-0.0025855560202501238,-0.0025742808357449576,-0.0025560499015568894,-0.002531430842282134,-0.002500965977560554,-0.0024651725657918178,-0.0024245431059455314,-0.0023795456918378477,-0.002330624414014437,-0.0022781998055450003,-0.0022226693263291963,-0.002164407882020214,-0.0021037683740132707,-0.0020410822759515668,-0.0019766602340780537,-0.0019107926879939896,-0.001843750508356834,-0.0017757856489879487,-0.0017071318104058264,-0.0016380051129658568,-0.0015686047763665556,-0.001499113804101171,-0.0014296996704104004,-0.001360515008315133,-0.0012916982968818047,-0.0012233745462708612,-0.0011556559788061804,-0.0010886427055822878,-0.001022423396591421,-0.0009570759443420229,-0.0008926681193486274,-0.0008292582170099649,-0.0007668956953068573,-0.0007056218026946226,-0.0006454701951952302,-0.0005864675433429056,-0.0005286341274768347,-0.00047198442211993097,-0.00041652766827837695,-0.00036226843434405964,-0.00030920716517357505,-0.00025734071911642786,-0.00020666289339033028,-0.00015716493746253946,-0.00010883605474987235,-6.166389280792828e-05,-1.563502161161523e-05,2.9264599135103708e-05,7.304916465500355e-05,0.00011573258041153167,0.00015732874462059954,0.000197851544015748,0.00023731484941436065,0.0002757325119091547,0.00031311835863334636,0.00034948618912267193,0.00038484977184793934,0.00041922284015072364,0.0004526190890032922,0.00048505217148431257,0.0005165356953682476,0.0005470832199137021,0.0005767082527086131,0.000605424246543862,0.0006332445966847899,0.0006601826377448106,0.0006862516409000818,0.000711464811473661,0.0007358352861501771,0.000759376130417877,0.0007821003360106715,0.000804020818918616,0.0008251504166025825,0.0008455018863458008,0.0008650879026390612,0.000883921055645942,0.0009020138489006513,0.0009193786975458806,0.0009360279265422378,0.0009519737687924135,0.0009672283636064094,0.0009818037551667658,0.0009957118911074758,0.0010089646206949965,0.00102157369369138,0.0010335507590184534,0.00104490736327989,0.0010556549497664491,0.0010658048573191081,0.0010753683191069285,0.0010843564616322965,0.001092780303906693,0.0011006507565127777,0.0011079786207233155,0.0011147745876201043,0.0011210492375255399,0.0011268130392352305,0.0011320763494211405,0.001136849412233687,0.0011411423584490876,0.0011449652049861925,0.0011483278547927966,0.001151240096305628,0.0011537116031661299,0.0011557519337941358,0.001157370531586821,0.0011585767242650036,0.0011593797237594572,0.0011597886263245982,0.0011598124120553166,0.0011594599450859278,0.0011587399734196424,0.001157661129269627,0.001156231928860052,0.0011544607727955736,0.0011523559459192256,0.0011499256176250583,0.0011471778420286682,0.0011441205581661507,0.001140761590306738,0.0011371086481233306,0.0011331693271472432,0.0011289511091661097,0.0011244613623659916,0.0011197073421271853,0.001114696191365283,0.0011094349408722337,0.001103930509913198,0.00109818970690867,0.0010922192298892242,0.001086025666978685,0.0010796154970194038,0.0010729950904817542,0.00106617070960624,0.0010591485093982556,0.0010519345381965195,0.0010445347385541481,0.0010369549478355111,0.001029200899040461,0.0010212782213727678,0.0010131924410643478,0.0010049489821426505,0.0009965531674822614,0.0009880102191743845,0.000979325259692132,0.000970503312458959,0.0009615493029286881,0.0009524680594950041,0.0009432643144577924,0.0009339427046768378,0.0009245077728508022,0.000914963968085658,0.0009053156471452439,0.0008955670752186506,0.0008857224269718245,0.0008757857874854835,0.0008657611532498777,0.0008556524331027049,0.0008454634490249191,0.0008351979374765506,0.0008248595502777789,0.0008144518554615843,0.0008039783387232546,0.0007934424041593502,0.0007828473756035237,0.0007721964972517981,0.0007614929354247124,0.0007507397789936476,0.0007399400408019119,0.0007290966586595005,0.0007182124962810121,0.0007072903445077827,0.0006963329224731751,0.0006853428784836524,0.0006743227911272243,0.0006632751702966289,0.0006522024585819963,0.000641107032237187,0.0006299912022598164,0.0006188572156418104,0.0006077072563073216,0.0005965434463348629,0.0005853678468668022,0.0005741824595304479,0.0005629892271485915,0.0005517900353311234,0.0005405867131855757,0.0005293810345960992,0.0005181747192750663,0.0005069694340988917,0.000495766794017527,0.0004845683632481723,0.00047337565641214496,0.00046219013975701273,0.0004510132321797755,0.00043984630622162513,0.0004286906894890308,0.0004175476654211252,0.00040641847459710334,0.00039530431587309067,0.0003842063475190116,0.00037312568827019277,0.00036206341857791813,0.00035102058140523695,0.0003399981835627841,0.0003289971966751182,0.0003180185581186379,0.0003070631725563544,0.0002961319127336992,0.0002852256206438142,0.0002743451088065285,0.00026349116117785343,0.00025266453431527225,0.00024186595840092195,0.00023109613849214838,0.00022035575537415752,0.00020964546686741414,0.0001989659085097628,0.00018831769497751338,0.00017770142116546594,0.0001671176630111404,0.00015656697863164482,0.00014604990951738728,0.00013556698138472711,0.00012511870517073476,0.00011470557842585549,0.00010432808610971733,9.398670189852965e-05,8.368188900931273e-05,7.341410105254909e-05,6.318296323115646e-05,5.298737386283392e-05,4.282560598767304e-05,3.2695407753635664e-05,2.2594103512574293e-05,1.251869394991445e-05,2.465956214336984e-06,-7.56745660623892e-06,-1.7584915639190513e-05,-2.7589717063847274e-05,-3.7584983090255264e-05,-4.757356262530266e-05,-5.755793262096631e-05,-6.754009905307612e-05,-7.752149798534447e-05
15.508858836973843,14.804594543768985,14.047289148897278,12.158997726481743,9.960089375604866,9.919247409136005,8.689236175186295,6.244657408848411,5.771476722384932,4.091401291092552,2.7797998224958747,3.634941005603423,2.842971669413373,1.5471305645851317,0.6154486379504078,-0.8356302324348235,-1.0765640855286165,-1.5790355977052286,-2.925800771730451,-0.526626345104205,1.0833226640072553,0.5079855721317017,1.7228836187154002,-0.31526083571975505,-2.3226992357521112,0.33728640371612073,1.428023976566351,0.5626948585783111,0.6439089936652636,3.208431542909011,3.91930934128186,3.136671422444465,3.6213422289071104,4.4227201082638885,3.5635917178487944,2.9715894641304885,5.716130065187144,3.6957925395944358,1.3021973265019824,4.337242815793388,4.238569454631943,3.5310975298948506,3.0893562796020433,0.0667442175697488,1.1389984158665811,3.3400102367617137,1.4111294247179558,-0.8846881644903988,2.0675029298920435,5.984646673127372,2.5104446362272483,-0.28928306763612,1.1738053963213133,4.612017129129526,5.952319758968997,5.03488846063135,4.106575059769739,5.368271405892301,8.072016398787468,8.760375745166357,7.511253700007501,8.50204094693936,8.420991676277367,8.67083676719517,10.890512311455609,8.882893963424522,6.4312640032608215,6.779536147052113,7.965446709947514,8.680723028360944,8.201991544505518,7.022308496584742,7.153283990102409,9.997701744738379,11.483735389844014,8.668036558906806,10.391862670634055,9.52533990583629,4.359797019418465,5.7352678684394505,6.483485092728188,4.2745596648370565,3.0481331589701313,5.38837797187557,7.351817269706999,4.73856498837381,-0.8264976049898678,0.48994534148710045,1.5931172760649588,-1.4652740269906417,0.9173213324303333,5.828208971588538,7.851154376950262,5.8719854404420175,4.633157686843333,3.0970357217038327,1.904633589601417,3.0388839707226225,2.6845626165094245,2.829667630765698,4.38010456368238,3.998980830921255,3.8210830976343004,3.7468226290748134,2.5384877497945126,1.5071334995066081,3.3485192539191075,5.310955507558447,3.136954080255009,0.887080459962931,1.4022953287530981,3.094054885457126,2.4316765168020993,1.8155075735475066,3.3742276828158992,6.406377130023088,7.650010023318146,5.776834615368898,5.5355847610301225,9.46295760466046,9.777717608154035,7.632466177734386,7.753717316071743,11.437686411027926,12.668942567279942,12.464158237924266,12.126076386506725,10.79105689421965,12.143615167928829,12.136942293207198,8.519577262359462,6.860736564934541,6.334494236959927,6.634943159640443,5.867857709637178,0.008579471210964584,0.41526194183711596,5.5147231689143155,6.469437896596446,8.974534126158233,11.805888723650469,13.251706759231865,13.99679856778539,13.682699233242147,12.59388677579068,11.829474077817963,12.344834969354224,13.166936335763467,13.28014128886366,12.681445901123197,11.884568549808591,9.649442164354696,8.333410595114174,9.538811844683096,10.603395679972891,11.457379175732285,10.434237623714125,7.840162455089285,8.691182924792884,10.547761097493776,10.3374846335862,9.526087111344623,13.029069141701257,12.515409386886176,8.784334229659862,9.16503706296021,9.85420307707318,10.589165959843513,11.15803966369549,11.298766183699627,13.906696067090934,16.171795430446537,15.703523628580456,14.020273946001907,14.262081163274274,15.661507955808702,16.60291000640177,16.13378840435587,12.988166016182504,12.010659798139272,13.255541169385992,12.219951441766625,14.806853355477074,14.325702569343662,9.21192982400703,8.233911204881906,7.917224024626876,6.657256784228707,5.647187720295278,6.120111395896288,7.2703034500076456,8.516404143968884,9.580824984745504,9.92767584641274,8.565438203556369,6.70095679580777,5.476866521879401,5.914890965856557,11.570017324294213,11.954934838977351,8.173518118126708,13.710683054938272,12.99824413931924,10.081051599483317,11.587450457569958,12.961824766676273,12.27044462818526,11.159901112922853,10.403432013889187,8.58158601981279,5.959725232204278,6.4260136287905425,8.979149259294786,8.750031679276162,8.14446189012915,6.541872830744751,5.3536790474431655,6.766501951888131,6.290631853970126,4.103350574428532,3.438030613534579,5.050443963566977,4.429455534721001,6.257106001678267,9.160442920393734,8.841403357830586,9.79611291803235,8.619512238871607,8.502976525483973,11.934388910116922,10.381795248939284,8.805610810149346,9.567067694859816,10.64067837362245,10.929360122001071,11.042083838991516,10.932851068935406,9.157713033215032,5.865310191959566,8.065427109057964,9.180140242337416,7.053644383707024,8.50974766487434,6.695560734838864,4.289992708031491,5.685453005889826,9.272214390383397,9.319150129155787,6.91794750403551,7.306838275092218,11.550774702007402,12.397508606747124,11.475039679637916,13.336659340005554,16.626295066703506,15.538959430700174,19.91718531299125,20.91740784927015,15.888198855386918,18.178921512481793,16.913229405062793,14.572013069276863,14.05705978744777,12.417067005792205,12.471482717945491,15.276936293024619,17.507304388153443,16.3525754140137,15.133107124305639,16.771855735128838,16.98083844927146,15.039209464212036,16.547532412157352,12.429428503425015,10.964962606078757,15.348382915552747,15.634654304222522,12.371721066656164,10.401593316769436,10.434016747711667,10.249719899191973,9.915074798767478,8.500541804492059,6.690288779006096,4.632288887239611,2.0451323008749114,3.8233120486779626,7.24364517365143,6.799317965373007,3.8965408913995816,8.072627254981285,8.672690262683318,6.95993313412032,8.998888788044269,8.09798593158905,5.965981961843454,4.271533368441737,4.946540673325899,7.617728190034995,4.335769932766425,0.47928104847585473,-0.32739621039490885,0.03348856379261633,1.0177017152118424,3.725540834687081,2.578958684710642,-0.5638740830607958,2.8792729837277875,4.945653009628359,6.381198030484484,4.407730700855723,-1.9360934667238325,-2.658250259868396,-1.6341889746474862,1.6710067650153633,4.459566876949111,0.49677042828807316,-2.262101518383588,0.32994347562271287,2.116636552394084,-0.8350856125703103,-1.1134989577784609,-0.20427105673479673,2.458821423508084,5.047289482712813,4.39066389429081,4.561944165205659,4.842503386792373,5.32090413559763,7.575149421886863,10.278700708209499,6.93851479335035,3.262231041974246,3.728118007706371,5.90270075388662,7.102076724949711,6.674325196934888,7.090327470049033,7.880595524723276,5.8085507886053165,3.0915323583152485,0.1863196675863037,0.6554047316235483,4.390808355593435,4.584355966622525,3.5080117129127757,3.118370631886137,3.9297666679760823,6.189870856122866,9.22283088907102,8.719615129640715,7.385107033994245,6.255060768363592,3.6357986081264926,4.029931265654568,3.7597712381768815,2.663255619929373,4.302076011984013,7.956185467836804,5.9672431537446755,6.201870819252349,9.524492351555182,11.254120861411366,12.263418409474298,11.88140579426613,10.914641650467274,9.984746901180188,9.321251534293083,8.771421355625876,5.705104246685551,5.928731684493073,8.790665727903047,8.040512960083788,6.505271663262874,10.126929549990791,11.64660698307307,9.14477878137177,10.251173970182435,14.332764312666086,12.040334023429182,11.289497426770708,11.448260221080886,5.9067217023632566,9.943957072575927,9.821523853161807,7.351454645386639,9.681230287113749,12.322222482623829,9.73465450713661,10.381617055993615,12.936099753414283,11.44505358780043,7.766707550818637,8.7436034544736,7.19789659191224,7.121663256920783,8.59273341802691,6.118623831592572,8.038454398612316,8.774474291030742,6.7354431074160175,4.5147509165452675,4.852698734745104,9.28817111124215,9.879217149055876,6.054978772388267,3.104704339394857,3.465712891795647,3.968511637403253,4.637455093708695,6.671824139164642,8.106043231447302,6.169909696206787,3.745258622707752,7.429561690255014,6.774757977065406,5.636008474649543,10.172428575166919,8.979534474364073,8.684335491369325,4.63960909032653,4.299450226320687,9.016451925632737,5.9148742650667145,6.788471048688507,4.389857793763554,4.014007737148177,7.277182739212321,5.322072481581927,5.152877148633252,5.754814458941382,7.318729057200358,7.698734055591672,6.103678162548704,7.636635390850074,5.356367619469438,1.177592994966517,2.3280784446706093,6.699531207839527,4.517520595610904,1.7811748194812935,5.229306697789525,6.040914417631257,3.958960486922365,6.520962473548934,1.9318569830952583,2.2917826057681623,3.9889026409324515,2.394473420493682,1.2169090805920177,1.2760737132327904,0.03550804654332751,2.190381099012029,5.177194893389014,3.974931702136473,0.5145386120284456,-1.1775176681233006,-1.711489230960069,1.908767765644825,3.5166943809988425,0.34001859290822267,3.838889902509436,5.953560315999198,3.4355607525610594,1.4773395047717486,4.2975896388401225,8.263502608396948,7.114705960751735,5.1896423348326834,4.024385494034732,6.555948624194798,8.481781520430104,2.2246751191382828,2.273093336663578,3.7018646129764647,3.880678000582293,4.61122901773706,4.298850489942083,1.853086207356455,6.446480018535794,6.1024667000083355,4.24114786412315,6.399079591107693,6.55758072066817,5.211946503384183,6.864795752827376,6.442269710593337,4.5995738732042355,3.898285163268042,3.58546588327863,6.458409879494866,7.3411440380675685,8.527543232117864,6.854755526434701,4.216019441646267,7.362421933998576,4.509282936573982,5.823154556368422,5.443427804918542,4.292452095820636,6.869602665515686,7.051451586824442,6.079011163576524,5.666803736643487,4.609917445245628,1.8134252134860844,0.9980733326004838,3.252649904669738,-0.6797601930331894,2.313983743843778,4.729414403184478,1.4023962727246726,-0.09188778508530504,3.184171709777729,3.467989834525838,2.2411830081102835,11.976150994089494,12.768157101434781,0.7235718399402913,2.2527805558653426,4.927362370768606,2.4357785051495284,3.8295878313019784,3.5357762240369084,0.019048901768201176,1.0309149285510557,1.1350171555982342,1.7121980380622972,-1.7436019378751553,-3.118447340064222,-1.6282194590712606,-2.1436759393961893,-1.5721183647603993,-0.9626117644619399,0.06365084148512778,0.7400391855796897,0.09038930254939714,-1.2177250539132274,-1.347662756342288,0.13220008133180272,0.9344455112579908,1.2132449278340118,-0.015902242986385318,0.03246179951929662,1.3931846619435646,-2.0329192554925157,-1.4880410629799599,0.12738409503481307,0.7435632471178906,0.1474538973784547,-0.7165768564620976,0.47810125216585675,2.840901462849615,1.2821402876783168,0.03592545855747176,2.774597001053735,4.919945620734779,1.7921992457086162,-2.3996817777549495,-2.035848610731364,0.7649238816163688,0.5328678054320335,0.37853745599227295,1.2521477198183675,0.7602244807337684,2.453019083284744,4.433822346776765,6.137650919431508,3.5621430764011848,2.1026415571980124,2.5008632568385565,-0.059824749299423274,0.9476943640750051,3.3410653582684517,1.1333064349738606,2.6584193484965226,3.4415068140299354,0.011516495769569701,-0.16614188389587525,0.7583408103332658,2.0169775069992966,-0.46803339431528457,1.3660092339621315,2.5996944537159834,-0.44133265742664207,-1.1196597036827143,0.18772578304856324,4.902126164093261,5.619892610129341,5.4639260945908745,6.4290752711104915,8.845576430521533,10.380213072312586,7.304076893445995,6.5744157794251805,5.465188311127349,10.364976435425433,10.904793193298588,8.900770218134426,10.902680630966188,11.093475373687738,13.682593555737412,12.330828157674887,12.570735928519184,16.571285958424937,19.588116002348556,20.41903745108675,22.662396845999183,25.057774038105094,24.37984182702735,29.987865233174034,31.186175198344472,30.33244439211353,30.253214435751488,28.89544628056501,30.06059004003987,34.29130387561668,34.84118044267734,36.41772742450485,37.29058280932611,38.857249595939265,39.7910449251782,39.07320441543311,40.29750853411463,40.2996161655318,37.474264195493106,38.27661028453247,34.58307299419562,33.64171012477277,35.4680931080909,35.87570260946222,39.152686157545986,38.464568064525,38.58203230153208,35.40179659089961,35.66011337097552,37.30630527039693,37.87874164475852,36.40071243543025,32.6132772334081,31.748092575554438,29.986762909278696,32.448023296243946,29.067317225217835,26.80761179563501,29.464085555666998,28.70197052506785,26.174654956870654,28.76953302297386,26.958285828591556,24.591253711359855,27.92728261386719,25.789119828171124,26.23943905281908,23.298308868384424,17.481522770559195,20.840150245516725,19.40096703909103,19.89539769200678,18.625238340048895,18.792551684149885,19.726290652562056,16.53152934115758,16.269943877085666,18.127354242155434,15.001431818525134,15.93541502327389,14.439337648337641,14.655250935079835,15.03062460280512,12.826159327167943,10.889102132323046,11.511156767621742,11.044084487255077,8.934005745860986,9.69790171007503,9.760833707819756,7.980479284727608,3.8649666705038044,7.289488726493573,4.78487757598225,4.58789723049415,7.21869745353456,4.130105772475645,4.786606707662941,3.439000284400322,4.027661244643582,7.482832150511058,5.078810337136133,4.066271785900767,2.623321169524502,1.3199694923804373,2.0028388246347504,0.7104456357072877,0.2674390072336337,2.731561211522717,-1.3971847636714756,-2.865439270158504,-0.6304611518365846,-0.4547787363185307,1.2065199723800788,-0.3006841719786735,0.0501536262161153,2.539243248722755,-0.5557689042777838,1.5988546220648914,-0.45782094966193654,1.4747074315248483,3.6779410013792813,1.8815009653724246,10.274541852587845,6.851149644583074,0.00018468608789135033,1.8440271445280132,-0.13837542987550933,0.20971973885184525,2.4911017184755337,3.813686508914202,1.661427458633284,1.4969152300411679,2.640711510809979,2.9178334053266326,2.066017480469327,1.5935688589894426,2.276248511724475,5.349534047029579,8.421705580009757,6.3879079251929625,7.2562000939985865,13.47024836921139,8.683251999402387,10.091743847055909,10.398054246174183,11.240425607522639,10.205402524718124,10.988903467334467,10.622356138311147,8.494914192479314,9.842226804464872,5.840371986902824,6.9461884869551795,5.911192202122152,4.488912495440445,3.769364955234778,6.906407494375458,9.355472355827828,7.396698123166516,10.677715120200219,13.787070899818218,8.767169369012663,7.369458466225865,10.137987792244417,7.603866757785795,8.533494287110784,9.185517079251213,8.929054612700952,7.449326521621174,6.771944613674009,2.828830986744947,3.760159014650526,5.4070295226987355,3.9315268469005105,4.6435619310015,4.563677649813485,1.580519441136289,2.5236502551512103,5.326087473832104,5.669322347880893,6.496869521172812,5.470504789399797,7.476856814193184,3.407253417163929,6.29108319567581,6.385212433709967,6.7302592275466395,6.311726288850764,1.1964755195417638,1.6484507098984977,5.915360178989886,5.074929170883024,4.17100782639011,6.7120453882058655,10.422249959267901,6.1666370767785565,7.213602583370516,4.561522173763819,5.307342598661194,2.9443114221448923,3.2809222595947176,4.561642553052707,5.346979455530686,3.9033112459084123,3.9032656683670552,2.036315779882102,0.6973785830393808,3.5848376736686305,1.2992372223926623,0.06178754525706154,3.3687232424461513,0.9060677263244656,4.875591142697317,-0.5345778106589023,-1.0047191266518212,-0.546680992197139,-1.1594842646782695,-0.7892879440247498,-0.04123613330295939,-0.0712463716287175,-1.669787791833187,-1.1430453741425595,2.682640312974854,2.885450515247385,1.6852593253735222,1.9390560260222287,0.9499051707899753,0.31982131467987074,-0.318907644795388,-0.9932650823395193,-1.8012456197675988,-2.5785049440077046,2.493219236828054,1.154944234014124,2.5822879395811924,3.4622206691278734,0.06697859330574829,-1.7042798560343044,4.000423570480052,2.756259043419334,0.29882724151497086,1.9833574741226698,3.0284518234499274,4.520723647977604,5.976442985763242,4.826552274354867,3.2461644962339165,1.8264993289612903,4.856194338372234,7.0254982357764675,4.12909039920828,4.933176603761467,5.518232231151956,2.7865095135282445,5.1639417718404275,6.858383435106418,4.340719421809524,6.826798564203955,8.056242453831373,5.703303347210181,5.35925540031235,9.387466925342096,7.82937576693746,10.240517952083678,6.363593031468952,8.93254098680768,10.146358536501907,8.643250490074706,7.865741931475554,12.629648095954053,11.118398178279278,10.673012883693048,10.754964686456788,10.641307268921196,12.875481177393567,11.670664663581874,11.788282982661599,14.556135955163654,16.653737310681322,14.178171344678617,14.315632015371193,14.739830173703922,14.60857558085587,15.515314951757091,15.466030161574167,13.98318102612933,13.722068832220089,15.877422179263363,17.696458528844175,19.71081758293053,18.848377508219414,16.995388523763722,19.212201746981634,21.22689120512746,21.67255830111037,20.04680426827548,18.541533592633982,19.41362067934483,22.227585784491737,23.664829547015074,23.438397111612403,23.892709430326192,22.592033744172,26.43162855723807,26.716234977690476,25.37452335529815,23.85316673930032,24.389607125858788,22.236909125818784,21.315218651299176,25.13476728135288,24.01578202210493,24.377516907219047,24.99368523870271,24.287381425733656,24.66021300312093,22.884176922638687,21.84537289464896,21.519009669221305,22.335707630247214,23.863597216748758,22.679595696676984,20.943045930139135,21.88915520850145,21.710739812810118,20.445492985586498,19.270296472105883,19.191162053172604,19.962665256389357,19.72353496368021,21.33915211343708,20.289824870917073,19.184582411993517,18.052709451916428,19.594967058962197,20.7445974062922,21.205440072805857,20.935208295364532,22.50504702817625,21.959213145600074,19.936840421881016,19.430484507608526,19.884603356562764,17.87814394627236,17.673400875180732,18.596967491026135,18.117006419128757,19.47874751690881,18.169209601570287,17.98174499166123,15.895861415371087,16.623608748027323,16.945577755840077,16.6571280504711,17.193815302930375,16.119580969687263,14.27326713157936,16.627106591470692,17.368754308882785,14.137188043517199,10.929782255700218,12.577650226414107,13.549050139756616,9.464887847841965,8.611198463113624,6.7930896378543935,8.879114208149247,9.067810903039742,5.935403110531013,6.317390655597137,5.629930728656291,2.2720595270594117,3.9970912496174833,4.93788698707624,6.018262020316001,3.2041148766628,3.0695893312258136,3.8797162898746933,3.9721887050356486,3.4080878130384917,4.800893134634578,4.418533312657246,2.975927476647314,1.9968627224954503,2.926390496937131,3.1332375841308817,-0.36854481737253764,-0.3015086055493157,0.811566036624356,-1.7711227470956032,0.2894336527651262,2.6624005399521025,-1.86055925213833,-0.29057856650644,-2.150337988725198,0.583413727438483,0.2845960892199173,0.5926314752006192,2.8142701163619677,3.216955543796985,2.0262303724061894,-0.1575767276523834,-1.4298159997811695,-0.8117394476856248,-0.3312682695021181,-0.08879487519334361,-0.016159811181864825,0.7501768938509485,1.0036564942526525,2.752991165446929,2.912776771554263,0.8388015283492791,4.028821133766314,1.6336368561566132,-1.304440429245119,1.091830409354202,2.876095019270224,2.036691321448302,1.2191529941459862,1.5240000842173345,1.1115669697260842,1.40161780797672,1.6518377876950012,-0.3421852105238372,0.7749814994349435,0.1387422530382878,-0.6384784280731992,3.017261297851462,1.5337609118589057,3.0125256479571476,1.6900398348249723,1.3247296385605978,2.509890441023799,3.492412462304401,1.7853905054877828,3.353487627933589,1.4809773041654921,1.735335798358392,3.0308715019803003,3.4550493712466164,2.754452711629483,4.169652520205432,3.9104272822777375,2.1212169314185303,2.1835825921887135,-0.3040263952382247,2.4139130655622125,1.624573809391677,0.5045632441135126,2.494465665914902,2.1502828009955124,2.8889170050147186,3.965801912744098,2.979296895454411,3.9354452540078455,2.431201856571363,2.408003599642427,4.803045193238972,2.0067681768910006,3.311835289511407,4.112898815430185,3.0384669089656313,4.008215526036622,5.106035406606225,4.984084712081312,4.507259130374848,4.016100823647321,2.1865702045053013,1.7439436901953513,4.397872479306898,3.6265622835350655,3.369369497834441,2.6308051838005326,4.403356140310336,5.847233512535752,4.613370661562669,3.5443507543786836,3.6447438013219084,2.272116284467586,4.087928364384538,6.252083577946621,3.5056618110462523,5.2813316798371375,5.144421362015748,4.872691368473511,3.1256460804253265,6.4786524289263525,4.75182800902968,3.6309513890168432,4.528454714721136,4.60994359700527,1.92588037162119,3.4588253019982744,3.6965569648373275,5.296043044081216,4.006352904798717,1.4257222525714894,4.679577554455051,2.5037424737999743,4.6249612265068265,5.848270624781662,4.488060656029745,4.464662495290099,4.048672371725502,4.979756502602527,2.8900672725864354,2.3881664804759737,3.4408614856727127,2.8297634859097798,2.250377988154696,3.0832993277264222,2.1530455651017633,4.6530614543803495,2.2697877501778407,1.1221598589911252,2.999797774791432,0.44230612054491303,0.4176186870114975,2.4090500800953123,1.7445040973373978,0.024421526818827033,2.031753358147,-0.08072215100514768,3.08580576870375,3.508166874240999,4.049009095438578,2.2308463443195876,1.9746906631625905,2.31390433502861,0.7490735666033288,1.1052167062289868,3.6080478281216415,3.250447033670895,2.6510570029147402,2.2947462871354958,2.9853071227050805,3.1440241923021404,4.553860957222781,2.93998027139196,5.19174436245018,3.6220533720475316,3.677519691214229,2.9558021017049896,3.0512783778740413,2.435065500448559,2.2386957944418953,0.6904878403843782,1.0547249607570848,2.1748072302812034,2.2838593496506974,2.3374789466102186,2.019443352159044,3.5109356694078997,0.23665381417157505,4.013751405858926,2.16670625896316,2.4542304057432034,1.4364120045604523,1.4093619175722552,0.6963362490368183,1.5396278275104862,1.4430345388691705,0.6898646130728139,1.8358718144888826,-0.23163193396263182,2.170304145137095,0.8788994797846499,0.6729016012589568,2.5766481629098905,1.8956657156408028,1.6941322860888022,3.0860456576133686,2.2452636736528575,2.5289171844707994,1.1697624261557849,2.082165489326769,1.2508964003606593,1.1901286639413229,2.368961196772375,1.2231981188100463,1.7101582056925793,1.0585071566366935,0.5135273211324147,-0.5143989595247831,0.6357362149594508,-0.2550743041724104,0.2937319728970351,1.8547458180568128,-0.8739842625053029,-0.5080085808887702,-0.19913893835018825,0.42105104743558286,0.20193150273016158,0.09855488473687046,0.8766425757783622,0.31293279402481744,0.5311485332634049,0.7667376095034513,1.3900812573193093,0.8821563377363759,1.2823196997250932,1.8621973911497207,0.0058420894548874,0.8792734489513805,3.0089389798110346,1.4981293659971016,-0.5407860299288529,0.511962517477059,0.5982936421279987,-0.000640674821624998,1.575336756507852,0.9161242016747053,0.4905107599144003,-1.7958401715014816,0.9148068992022331,0.24976701019639336,0.5481623591478808,-0.004128899808051756,0.7005242623352217,0.5609058695621343,0.730194407054455,0.38361725409890823,0.975957991376589,0.894861489332186,0.6477540149550975,0.23299802504533318,0.3695369663151382,0.8915486371767258,0.04933323561223801,1.391484937831649,1.001265883861521,-0.062163182744200185,1.4313712598598443,0.47368580498911683,0.9627477206930024,0.43930071690994055,0.726665921952133,1.2341553259632008,-0.5551886848298011,-0.016745173298872373,0.9141986587979432,0.14252758944479638,0.586843956573091,0.7425857161855731,0.8517575380615767,0.14239459633520823,0.31199914305074117,0.2836212065403174,0.9327567678229087,0.25034977760226695,0.2866244888142546,0.9680639794575825,1.0417918628332075,0.7239563136389506,1.2676240425302154,0.5978282405008173,1.2697747012745992,0.6023334043977258,1.4909122883765065,1.0712527886127816,2.889633911143747,2.3120138151352023,1.7976120895394558,1.6277229822441086,2.4649195530747363,3.185878397815017,1.194566209995088,2.9408859490296777,2.1817625496036754,1.531435715789641,0.5600470330933973,1.793456928017548,1.1721604756500312,1.4613824911664608,0.5641955729171286,1.5931677175476295,0.3410044995612793,2.8730019713517834,1.6723791248452926,1.0061910294137704,1.6618478118007118,0.9066484141461899,1.08024879013999,0.5354807671624684,-0.15010774890751577,-0.7241260712663404,0.938063761530401,0.5030227733300023,2.418889958138152,1.9242400506740012,2.9366407688654306,1.1767525947593072,2.784181029238624,1.2241845316831075,2.362640789890321,2.216313904884032,1.9022408737480418,2.257238440196687,-0.030016795893317294,2.7202098892404365,1.5017328011944358,0.45225635440365863,1.7911574815867368,2.529194906174297,0.7914155025594312,2.4207919176064365,0.9925354885690183,2.147912608473405,2.7044743611312185,1.3820314422231377,0.9578817647751521,1.5486785723600462,-0.02296185247209337,2.5080815007734145,1.640404601358938,2.395315875258092,1.9985608402632522,3.126675179908659,0.73397300336066,1.7687332560437596,1.8260167313718227,2.2645711796743058,2.438833560768842,2.823395942488645,1.9708530784710945,0.18760650788516386,2.729703568908178,1.3762704994140051,2.3634797730950368,1.2650357694738688,2.439020683482994,2.125131268609806,2.2936014489907137,0.9543530466004029,1.453863135010323,2.326665638157465,1.181207908811075,0.17532976726917582,1.8853432057479722,1.859018633989166,1.9291757116766917,2.330031617670784,2.144047051293242,1.8892827596243933,2.5719813432108936,2.0748843896965994,2.596414687046945,3.0881457556801024,2.0656805499764914,2.1128857230700646,1.3022713677672186,1.9720524742284056,2.3062500242128294,0.854790563993447,0.21217133206948802,1.5389333352209817,1.6935774589130688,1.8238843724618121,2.8215692071732406,1.7134863772968174,0.34376601590156497,3.412796477041809,1.0493603980224862,1.7921827018217868,2.1131547103879598,1.1551613713826328,1.3287342107027484,1.9654785523033524,0.9686701194925718,1.932647366276683,2.3547790453027915,1.6765903626816794,0.5729818383626366,1.8501175575459072,1.317907580848555,0.5404770243541179,2.15771838944557,1.3845668480670952,0.5814956864696796,1.8935888007382644,1.5097609003903472,1.110892753143105,1.4912873695365647,1.0990905750465458,1.4337633536374668,0.9084666831241179,0.822862710200809,0.778649776115742,2.340878343200025,1.2250199384977805,1.3903431572114755,0.46420347765689485,1.9437911390176126,0.36016321638123827,1.4505380894797213,1.466954200905434,2.7833256111364975,0.9007787583694835,0.653649793923762,2.470265104968405,1.9793904664326192,0.9709814391779332,1.9841617821229534,0.8032410091387874,0.5045778436394244,2.7913848715858762,1.7492560676899416,2.338392213706868,1.364651265098992,1.9264477061845966,1.8847004624537362,1.678998768460815,1.1878659964618237,2.014850527815099,2.0014271082466735,1.0270646667628966,2.043886656348832,1.7971263210815778,1.165431922817561,1.405671148192937,1.8786925853667,0.7880494548802446,1.6551735125502773,3.0017405760134466,1.0372848789318638,2.673351463192148,2.11282514121973,2.354828403661543,1.8765528353017658,1.4647982449144479,2.7221601520557215,1.2038935367354497,2.935273400936744,1.468678050325817,1.158695351167296,1.0020200327457474,2.4514738752242238,1.9270302004092628,1.6216132110589,1.1723245447914792,1.9825239168099529,1.5353648551384254,0.2033019895974384,1.3491767593614554,2.2591418167953634,0.5516040891361058,2.1796393908656455,1.483656397565312,0.681297072101188,2.2727025423283216,1.327361249563694,1.2399414615649675,0.9760475163567435,0.5886630835358346,2.0388737706166467,-0.5065330457496771,0.4049029486796485,0.7554341464235641,1.5562168606920217,0.7520697437025241,0.7052822240576688,0.6912009824234815,1.047666906892232,0.5558077121877965,0.8574191906403712,0.7377029933061898,0.5638366223889193,1.7095683223623155,-0.11638705913793501,-0.288673610081446,0.5161782215870403,0.7732636180084569,1.0776194211314873,0.017591416574816776,0.18491082601809694,0.6288264932832135,1.3223505188473723,0.11067778637419678,1.5988163560082889,-0.01684083547843329,0.6531093190043862,0.6104072056982126,1.6336200040538529,0.44891996553809577,0.4290398472004995,2.4141214951099492,1.4209291031782492,1.0705452426794864,0.672223729513405,1.2630739548987435,1.0945568968844555,1.7174040370949797,0.6081260903503143,1.1429490233142054,0.7027946341718803,0.12437608020240631,1.997080551188219,0.5545117619498114,-0.4257690621342949,-0.05637466318529327,-0.3330474564548922,1.6852134835067965,0.06333377366797777,1.0737459959593707,1.033419316554557,1.1320749838887423,0.5824901733285497,0.43751267152015316,-0.04634119877886178,0.7074092503125371,0.22171924077036742,1.9077952284563935,0.48379040151621666,0.2767730862950657,0.472932883391195,1.4277966383692728,0.16911996267214136,0.6368592526974908,1.5513368318394782,0.6828389109170967,1.8027492247539367,-0.08908729454640252,1.1896530095690423,0.07991970613494459,0.4629917969176631,0.9046318038284653,-0.007910561497283197,0.6728571657397424,-0.23043418857008646,1.2699986839212443,0.010367238033666126,0.7492184262823667,0.4937421215931863,-0.00251205289521117,0.7130020204655807,-0.7162505933824832,-0.26839551511630866,0.7894701488075366,0.3562608983281166,1.2441163283874062,1.009354770274058,-0.18430562864426747,0.10565032772296945,0.6162905557828822,0.1096530160041862,1.0486222792843591,0.4222393310316761,0.7836128923683532,0.5448318210258094,0.6110221201900554,0.4629380192034773,0.6550860895654864,0.9130658435421992,0.09504794828939289,0.7609670864066516,0.3431181604811968,1.461885367731158,1.1916380852961765,0.16214829986449786,0.8222443898859524,0.5358548152518647,0.6529719108435188,0.5798928895973177,1.3275520451483658,0.8142579951615403,0.8822522537212194,0.9199703300237161,0.9155323603113743,0.9864376612903811,1.0295920056601062,1.3665665185260991,1.068803476001733,0.37512630416483717,1.6886621018148276,0.5682100036028128,1.1398335321982795,1.7216833269119451,0.7328220071869964,1.363481682773907,0.7699521675458527,0.5281026449480919,1.0229090482129681,1.0383064176137395,0.8841982427683774,0.7332150746863135,0.6121867854421339,0.6326456655491501,0.6607216081813458,0.6885067006332424,0.7154286269694694,0.7414605041127516,0.766613524415618,0.7909016671076188,0.8143388347564837,0.8369388508400561,0.8587154574020701,0.879682312792454,0.8998529894896024,0.9192409720034789,0.9378596548591531,0.955722340657303,0.972842238212877,0.9892324607685623,1.004906024283116,1.0198758457920576,1.034154741840382,1.047755426985475,1.0606905123694332,1.0729725043589156,1.0846138032514432,1.0956267020473547,1.1060233852856527,1.1158159279424353,1.1250162943916848,1.133636337425969,1.1416877973358623,1.1491823010484268,1.1561313613217408,1.1625463759957597,1.1684386272972347,1.1738192811982344,1.178699386827077,1.1830898759301363,1.1870015623838412,1.1904451417557311,1.1934311909129747,1.1959701676784107,1.198072410531438,1.1997481383546642,1.2010074502232442,1.201860325237476,1.2023166223969497,1.2023860805152822,1.2020783181744719,1.201402833718248,1.200369005282198,1.1989860908615242,1.1972632284148972,1.1952094360021874,1.1928336119570417,1.190144535092088,1.187150864936541,1.1838611420053553,1.1802837880982224,1.1764271066287506,1.1722992829820669,1.1679083849006133,1.1632623628970578,1.1583690506931248,1.1532361656843477,1.147871309429263,1.1422819681626493,1.1364755133323001,1.130459202157624,1.1242401782104139,1.1178254720166478,1.1112220016781293,1.1044365735142492,1.097475882721767,1.0903465140539765,1.0830549425165827,1.0756075340804045,1.0680105464107896,1.0602701296122063,1.0523923269880697,1.0443830758147783,1.0362482081294502,1.02799345153079,1.019624429992632,1.0111466646895906,1.0025655748337954,0.9938864785224837,0.9851145935966201,0.9762550385083841,0.967312833198605,0.95829289998278,0.9492000644450513,0.9400390563404244,0.9308145105038648,0.9215309677663868,0.9121928758774516,0.9028045904333339,0.8933703758110596,0.8838944061075154,0.8743807660823109,0.8648334521055858,0.8552563731093414,0.8456533515425235,0.8360281243280951,0.8263843438236336,0.8167255787838599,0.8070553153246465,0.7973769578894121,0.7876938302161989,0.7780091763052042,0.7683261613872219,0.7586478728917996,0.7489773214161914,0.73931744169289,0.7296710935567603,0.7200410629105249,0.7104300626900795,0.7008407338270217,0.6912756462097605,0.6817372996428048,0.6722281248028139,0.6627504841929408,0.6533066730930273,0.6438989205080361,0.6345293901121067,0.6252001811894843,0.6159133295714128,0.606670808569163,0.5974745299026267,0.5883263446246474,0.5792280440404625,0.5701813606229962,0.5611879689221837,0.5522494864698047,0.543367474678746,0.5345434397368081,0.5257788334949964,0.5170750543499025,0.5084334481201722,0.499855308916608,0.4913418800068712,0.48289435467290787,0.4745138770624635,0.4662015430340034,0.45795840099435736,0.44978545273005466,0.44168365423195155,0.4336539165122417,0.4256971064148729,0.4178140474184602,0.4100055204315254,0.40227226458114274,0.3946149779941379,0.38703431857010173,0.3795309047469573,0.3721053162594785,0.3647580948892255,0.3574897452071468,0.350300735308565,0.3431914975396353,0.33616242921641515,0.32921389333620255,0.32234621927972285,0.31555970350643747,0.3088546102409282,0.30223117215189177,0.29568959102232384,0.28923003841237005,0.2828526563129685,0.27655755779221636,0.2703448276329823,0.26421452296250436,0.2581666738732906,0.2522012840367438,0.24631833130723635,0.24051776831925054,0.23479952307536678,0.22916349952635073,0.22360957814294125,0.2181376164795097,0.21274744972953386,0.20743889127260218,0.20221173321345987,0.1970657469133812,0.19200068351193522,0.1870162744423851,0.1821122319378219,0.17728824952968125,0.17254400253824542,0.1678791485550164,0.16329332791724482,0.15878616417421654,0.15435726454609267,0.1500062203743937,0.14573260756469608,0.14153598702182535,0.13741590507714818,0.1333718939084747,0.12940347195171853,0.12551014430584928,0.12169140312937543,0.11794672802949435,0.11427558644464852,0.11067743401815733,0.1071517149656529,0.10369786243489898,0.1003152988582201,0.09700343629816643,0.09376167678544789,0.09058941265055864,0.0874860268478983,0.08445089327290134,0.081483377072459,0.07858283494829266,0.07574861545396061,0.07298005928458906,0.07027649956046389,0.0676372621040855,0.06506166571017502,0.06254902240971205,0.06009863772760582,0.05770981093399996,0.05538183528881291,0.0531139982813329,0.05090558186236649,0.04875586267127119,0.046664112256848966,0.0446295972921007,0.04265157978386469,0.04072931727608875,0.03886206304753159,0.03704906630406413,0.035289572364831656,0.03358282284455072,0.03192805582824576,0.03032450604251835,0.028771405021359442,0.027267981266334118,0.025813460401764132,0.024407065325249278,0.02304801635267495,0.021735531359524884,0.020468825916111655,0.019247113419567086,0.01806960521992096,0.016935510742484894,0.015844037605518224,0.014794391733857992,0.013785777467887783,0.012817397668470676,0.011888453817732625,0.010998146116094176,0.01014567357492524,0.009330234105846102,0.008551024605594648,0.007807241038051416,0.007098078511830863,0.0064227313549167775,0.005780393185432331,0.005170256979283749,0.004591515134166002,0.00404335953072632,0.003524981590601328,0.0030355723311572547,0.0025743224174448187,0.0021404222110845694,0.0017330618163100553,0.0013514311231688225,0.0009947198484496766,0.0006621043299332996,0.00035275105756227276,6.581996655086186e-05,-0.0001995325003463222,-0.0004441505516297184,-0.0006688764204909603,-0.0008745479432832326,-0.0010619963342151095,-0.0012320441496171952,-0.0013855034321181847,-0.0015231740271133276,-0.0016458420634535287,-0.0017542785905675373,-0.0018492383641159904,-0.0019314587721055432,-0.002001658895323999,-0.002060538693228864,-0.002108778308524961,-0.002147037484746761,-0.0021759550881483847,-0.0021961487294674953,-0.00220821447732078,-0.00221272665851302,-0.002210237738552223,-0.002201278276800167,-0.00218635695125613,-0.0021659606472894666,-0.0021405546051482816,-0.0021105826219809387,-0.0020764673036524073,-0.002038610360784787,-0.0019973929475440855,-0.001953176035613069,-0.0019063008222133249,-0.0018570891689364544,-0.001805844064563189,-0.0017528501132915153,-0.0016983740405294157,-0.0016426652193217706,-0.0015859562078617273,-0.0015284633020087313,-0.001470387096446757,-0.0014119130542553648,-0.0013532120815966664,-0.0012944411066655448,-0.0012357436606862393,-0.0011772504598184241,-0.0011190799868359136,-0.0010613390693379188,-0.0010041234560844714,-0.0009475183883864702,-0.00089159916672088,-0.0008364317110931552,-0.0007820731146921389,-0.0007285721899847886,-0.0006759700070233521,-0.0006243004231691884,-0.000573590603323737,-0.0005238615320308782,-0.000475128515176948,-0.0004274016725389629,-0.0003806864198736548,-0.0003349839413999689,-0.00029029165250449296,-0.00024660365221507163,-0.0002039111656699788,-0.0001622029766963351,-0.00012146784831656987,-8.16945274095815e-05,-4.28717489171504e-05,-4.988239368231007e-06,3.196727868726157e-05,6.800608343837666e-05,0.00010313944966355848,0.00013737864537688438,0.00017073492824692948,0.00020321954195878789,0.00023484371320137143,0.00026561864842733485,0.0002955555307266877,0.0003246655163025025,0.00035295973179927387,0.00038044927134706086,0.00040714519349194234,0.0004330585188654368,0.0004582002275128616,0.00048258125588063194,0.0005062124944288371,0.0005291047853006603,0.0005512689198781118,0.0005727156366219788,0.0005934556187980888,0.0006134994923741033,0.0006328578240299976,0.000651541118941168,0.0006695598190162855,0.0006869243009646198,0.0007036448747612667,0.0007197317813734116,0.0007351951914529309,0.000750045203915306,0.0007642918438364177,0.0007779450615430505,0.0007910147307370607,0.0008035106476995679,0.0008154425294151224,0.00082682001232115,0.0008376526513416138,0.0008479499186933026,0.0008577212029194925,0.0008669758073551748,0.0008757229497859953,0.0008839717611976994,0.0008917312851508541,0.0008990104768145102,0.000905818201999864,0.0009121632368191968,0.0009180542664921632,0.000923499885345791,0.0009285085956776129,0.000933088807414606,0.0009372488377152877,0.0009409969098896909,0.0009443411537404245,0.0009472896050510826,0.0009498502050746538,0.000952030800533521,0.00095383914259628,0.0009552828873893304,0.0009563695956558149,0.0009571067324145588,0.0009575016672442871,0.0009575616741130943,0.0009572939313216011,0.0009567055213892672,0.0009558034310543917,0.0009545945513877996,0.000953085677792842,0.0009512835098917094,0.0009491946522075523,0.0009468256142213249,0.0009441828101444116,0.0009412725596007476,0.000938101087740506,0.0009346745255811584,0.0009309989101211613,0.000927080184908391,0.0009229242004948901,0.0009185367147779289,0.0009139233931705348,0.0009090898093404576,0.0009040414454375423,0.000898783692946381,0.0008933218527999998,0.0008876611362325093,0.0008818066649496359,0.000875763472208746,0.000869536502932533,0.000863130614277452,0.0008565505767137438,0.0008498010741391226,0.0008428867049019573,0.0008358119820854881,0.0008285813345878523,0.000821199107576831,0.0008136695635698743,0.0008059968826046315,0.0007981851634895065,0.0007902384242584048,0.000782160603137072,0.0007739555591683711,0.0007656270732354642,0.0007571788490281506,0.000748614513895518,0.0007399376190733165,0.0007311516409345131,0.0007222599820693176,0.0007132659716262424,0.0007041728667900315,0.0006949838531795649,0.0006857020461552565,0.0006763304913306456,0.0006668721657661081,0.0006573299788215081,0.0006477067731225361,0.0006380053257544205,0.0006282283488872054,0.0006183784906852452,0.0006084583367851337,0.0005984704109778249,0.0005884171761749712,0.0005783010352047313,0.0005681243324602292,0.0005578893542974583,0.0005475983298879328,0.0005372534329239897,0.0005268567824145975,0.0005164104433106331,0.000505916427982811,0.0004953766973585516,0.0004847931617177892,0.0004741676820572138,0.00046350207065870563,0.00045279809256726367,0.00044205746610259666,0.00043128186428020854,0.0004204729158345799,0.0004096322060718194,0.0003987612785749661,0.0003878616356587372,0.000376934739506396,0.00036598201376136785,0.00035500484415251776,0.00034400457997207923,0.0003329825350988358,0.0003219399887370855,0.0003108781869514132,0.00029979834346249845,0.00028870164112504426,0.0002775892326098983,0.0002664622411430173,0.00025532176255183003,0.00024416886566314133,0.00023300459378106098,0.00022182996588071546,0.00021064597734721247,0.00019945360128303946,0.00018825378981546237,0.00017704747534708076,0.00016583557129479232,0.00015461897334034802,0.0001433985606809074,0.00013217519705222003,0.00012094973180865054,0.00010972300128742063,9.849582966126036e-05,8.726903001843311e-05,7.604340544276056e-05,6.481975043470811e-05,5.359885142297571e-05,4.238148875401748e-05,3.116791208412906e-05,1.9957951451488043e-05,8.751128063977376e-06,-2.4532340034966182e-06,-1.3655897532771633e-05,-2.485760086301525e-05,-3.6058947102901584e-05
17.696782475335908,14.295062869930916,12.832977725316596,12.174232338402078,11.346410117330038,12.059283194226225,10.235085945481956,7.008453885310246,7.25236378957095,5.424447494998617,3.6844845505901276,5.147087947273462,4.359670600496315,0.8656776258413856,-2.022525398637754,-1.1654245439556234,0.41745652468671324,0.3785417149483692,-0.5062709861641679,0.8938968392519655,1.0310956133696436,-1.0660252099339687,-1.6317557330169166,-1.8898774577115773,-1.4157792666259184,0.0941359525761527,-0.40326139421188145,-0.7203269847282172,0.16683017135869704,0.5153845628036606,2.769400310117021,4.429582107270335,3.5632237267637947,5.7684412520457045,5.9596956250865105,4.365351019605214,7.6379653492892885,6.330059470197057,1.9008307206843256,1.2727936771946133,2.937371417494319,3.3350225366020823,1.4463664686118136,-0.4699625491663255,-0.2653157756209339,0.30246604236356234,0.290058944685029,2.7999763433383578,2.941079277562835,0.7448359284747994,1.423805491677058,3.097712615632304,4.539785224391721,5.268307084578737,4.682787094776131,4.139459700954376,3.748892376899448,3.448373373857521,5.984638810372871,9.144829733590313,10.494406904690322,10.544814057089525,9.157835671638281,8.228092088768221,9.088923436252799,8.997558179212092,7.728679928562087,6.8710583095252105,7.711338151018936,8.58639552844852,8.603613558585266,8.433240710499149,9.183207698367369,8.482440486792825,8.473169786120593,11.920733368607557,12.12476991700646,10.193022390746819,8.516069450843588,6.190299285884521,4.658900990663142,4.999889701099164,6.196675595034776,5.496523330792115,4.826567552493998,3.963368624142504,1.2481836927079257,0.6320717549170922,2.170705940491871,3.2217612690715214,2.4364916447875657,4.11129225115792,6.117997481175735,4.047679597955721,0.28407382703096573,0.7635883290106449,3.4671869001589357,2.5158479088187278,3.4967969352084083,3.804449249367508,2.465482955249513,4.333663178707184,4.329466224826206,2.8601233364195195,3.370218838978758,5.122879252451412,6.256474900388639,3.8926519612411994,-0.6378375668753051,2.682403432702131,4.8918965552904865,1.2257573662482173,-0.32967835513090904,0.7812609853708636,4.316276612974889,7.189685885713175,4.6414893237408705,4.726689169650626,5.658368256573567,3.164013241847215,5.2048748654093515,9.838883238296603,11.292608087777353,9.170730950199868,13.002553814683097,13.225214667335422,8.77646054557215,11.766583551006079,12.55331143104138,11.011338529861519,9.681434596475356,5.70226866938242,3.6486050103458183,3.93743143199481,3.7365288391295053,2.696099617807249,3.9704961710576754,5.477315261206286,4.6488627261858255,7.124108895260406,9.063752148432286,9.32026261423107,10.944656878092246,11.166173249674785,9.052061639484691,8.28334037266086,11.780895033198476,10.49136721269656,10.419136582476767,14.049172585036672,11.54729078892899,9.43123406872678,9.702142581774297,10.08814528838559,10.245226623973622,11.401208394042783,10.718420656918624,7.780762155025059,9.053539250349786,8.867047761179606,7.617439534041409,9.000181935007049,9.089464712935296,10.01483560338579,10.305987917346329,7.408141308071436,6.800266839622509,9.145355831341021,11.690627438166985,12.476756931754153,13.379806598288155,12.39326911690307,10.629959559221788,11.613946640352651,12.68814566865808,14.907628994231118,16.300062913194097,13.225936937937377,11.810021177407862,12.209555121083667,11.770131569627893,10.294190247279971,11.180239037203364,12.137148562673246,11.513864012535123,10.375943131451095,5.901491340822076,5.177609606485248,8.361893909598166,6.395875260432035,6.615676118225338,8.134395841691116,8.681710276413014,9.836903829535004,8.323913360342658,5.3832763069311795,4.252233376566892,6.056818683500978,8.686432615979925,9.337542827661764,8.45972889653035,8.118109017595884,4.903496340677293,7.425013750657399,14.579747509257004,13.052258721632825,9.248908792779503,8.490730674027873,10.178895551974847,10.649876498518552,9.508089903605878,10.694071697663958,11.754130786092901,8.172807426759846,9.788034256807123,8.75286760781455,5.008998086465226,7.431709174154662,8.155683265441667,8.027210898433168,5.823795174573661,1.131532142587048,4.898516780535829,7.658781453329766,7.147529911026936,8.514576954213226,7.2995682116904845,5.730991234240264,6.501627276281283,8.83440838632032,9.349604829889131,7.780462063297591,7.77636230320752,10.536125464796783,11.79439832232606,12.768370541755871,12.538206683825592,11.09074727853158,10.994069395018414,9.793727020699862,7.20495077795772,5.807167087144762,6.874992077806155,5.572384560489127,5.018319748085332,7.973984210310391,11.081240284579621,9.241409960128635,9.130777496974702,9.57363648490059,7.210563780298912,10.890692411104851,13.336506734978457,14.551556915041829,18.594933772954164,21.771820425218948,20.838447933533416,18.264668229287963,17.914129988153604,19.214383867927836,16.80379416468304,16.54276915149103,17.531095303856546,13.398098458632603,13.069062172218537,14.301177840891796,14.780224421210619,15.584191353677852,16.20195527264923,15.159073382968018,15.898093456781453,17.872426008142043,14.7024111136368,13.821802589953563,13.156479248382766,13.292718908659936,16.83700071159103,11.268727273397644,8.201515835195323,11.762776456539541,13.701317302615053,11.70228569436074,8.64626215289627,6.60370640020642,5.82928139521232,5.526868186464299,4.240068919272744,4.364719072979142,6.627769425575025,8.578313873267462,9.04449838386131,8.646399219674095,9.450930117480311,11.035318890820236,9.216233326109887,4.847815692171025,3.7973298947953253,6.06424150343048,5.674443930447524,3.8860077161680238,0.6311361342511645,-1.823495273995377,-1.3948658155329667,-0.027829811126593995,3.217354747161835,4.069614713097849,1.1250030835545886,0.12324920625678715,3.7210134687722984,3.5334523400940725,0.5422380303948557,0.2652972793147228,-1.2597899074172574,-0.6342985310707263,0.7478453047858693,1.5171968737957968,2.4497581521611664,-0.35516581297929406,-2.234854692118688,0.6952171182038,3.301225764479568,-2.105035000541193,-1.6075847425113352,3.3798658986991086,4.93300208112214,3.1265930974595904,3.9722363603942767,4.581443520731,5.84111645705093,8.463718113227856,8.50259219668078,8.885166041113052,6.265794840905755,4.7628221597365155,8.91048448939057,8.847204857089991,8.455912234945913,7.242520550192921,6.4806430797859775,8.917708294397244,5.18914450491593,2.885152079678619,3.0577228602949162,2.6826765248588345,4.801872484754881,6.402421347943346,7.283689101572691,7.680649002705877,7.669704244099194,8.176805590287813,6.466281945086848,5.6551835625994045,5.830042472175819,3.551877442335126,2.7515797054675204,3.9854673848690254,5.978620535708842,8.037112466953204,7.9838615928313175,1.01306237932954,3.2965085917051056,9.84296899156459,11.130450292114006,15.279536347262365,12.14402522990531,11.406204695922042,13.360788044602145,11.364987434614477,10.366895036205733,4.7738914339045095,4.1054777575820935,7.9569603237823685,8.394958515064445,11.516242285478256,12.612771179266133,10.455568530452183,10.038617837565198,12.188360049670337,9.355868901034228,12.695769153180777,13.318800354703171,7.868720804149461,7.110076042405581,8.21640740551743,7.314990870085808,8.765401395758204,10.823575515370521,9.10201626803132,13.150664575335213,12.272634276800659,8.395793756254307,10.046704017915772,14.119601007675328,9.242972596440268,7.9438037783143045,7.2187441504472645,7.015370249984471,12.193062091414959,8.19213160487891,6.606637059803802,7.284603191560336,6.9396546607929395,7.5375516301547805,5.940537943333311,3.38890844807338,2.768648316035069,4.211958200299932,4.130335352084785,0.11465892562932822,-0.9476225136413632,2.364203748388718,5.013035100266052,5.158057756617609,7.281943758891771,6.160821663980869,3.9712099255832527,6.6699608539714745,12.254270600577911,11.667013360776537,8.751086518577267,7.896444396757033,8.746946692984466,7.523783858252159,3.524073203233229,3.4414156612226634,4.038442574826604,4.680690215947379,5.138479608892567,4.232607384120229,5.592158232458587,5.623010855069197,4.346705014991699,3.7403463192140407,4.0220677720858475,3.911100636733863,1.8868076100159215,1.7408678922107583,0.9987861785101586,-0.26400625216820117,3.73129091983958,2.1834635380159853,1.2930670922455647,1.9888062681284282,2.7732991961770495,4.034539784585377,0.8958732267174128,0.12548073826496875,1.0032621953321268,1.5337268364751253,2.773080577267365,3.4907860158472204,0.37000176210790414,0.531813322957646,2.771561539397908,2.1544846601868812,0.35806430927027577,0.034330234988829034,-0.19349644387250464,2.248488981787318,4.722462179653121,2.6131205652174003,-0.24970952374269473,0.6427530673629462,2.1847289769680174,2.6848064550115396,2.051488083741333,1.8953025441121554,6.0338705970862065,6.365196114876767,2.613576311622637,2.7644771985369516,6.065815697349649,3.6298273009999775,2.5619719935011744,0.5400970911969125,-0.5409703652982216,1.3843119426521753,3.1883154197601016,2.5186188518373456,4.057041428520392,6.387623767271634,3.7198333259432275,2.415724814249188,8.073741730077472,6.088286802399011,6.090700429373669,6.342083142520096,5.045856641630394,2.7428443360386154,0.5432661031496764,3.4471730890527397,3.7284200964476213,5.421542735660978,7.436320384802457,6.019873188420661,5.195260488839153,6.116278331081276,4.663773021894713,5.64449357671117,7.061599677398476,6.124793410124312,6.909742951771932,5.245900046432098,3.8219686769095915,3.727653277981176,3.0780485272268834,1.3065470693054522,0.5734699520081676,2.071669830752853,4.5671194207977805,1.8038185739845858,-0.7427880020572957,1.8014258605451232,2.6562357731093016,1.710118338685561,0.5879390548566334,1.0678835606934172,0.22373069819207103,-0.11536970369024857,3.6321125327251593,3.7842199577451083,5.812803352215951,4.450699446686485,1.127887945113116,-0.7627612686177372,-1.1108491265339353,1.9035646820799457,0.3034954301892867,-1.0115159206904991,-2.0323092987689506,-2.312641864341458,-0.13543766956001946,1.2383137496713061,2.04426726468796,-1.2673227676314127,-1.7333237768657455,1.2686500765573783,0.8192537452412125,-2.4989048200764046,-1.622993141207644,-0.8986012664322516,0.01674614000864949,-0.3919496001301468,-0.30564175661174886,0.7672666678206497,-2.0123738154418334,0.8386138884218326,1.6812954490767424,2.2287872335771226,2.303336300222554,0.9705366524024157,2.3154522780165507,4.028920993692168,4.020103138417767,2.449989702977291,3.018084459738475,5.146913397006983,3.3994440958119867,-0.6061195611024459,2.121839055000578,-0.743172660933169,0.4783949543267454,1.1851540972015755,-1.1576937282580957,1.4416031564517198,3.2924958792839334,3.264982299031317,3.1704051600806906,3.5427020951640316,3.7328880566917633,3.896359967023045,4.829261445540624,5.996864139960053,5.519651617414411,2.4570716891005304,4.294230793937345,4.505187761855268,1.3193110519551965,2.5511737509445993,2.0998214698497577,1.577617435673119,0.5002449779354947,1.8445078738643588,-0.9853609501180927,-3.426742521571896,1.6079552659224419,1.2080674279104642,3.3281021589859847,7.089193509498045,6.189013282923497,4.815711089444335,8.239284064872663,10.870353863449282,7.602756647517936,6.867009621293391,8.43005500996469,10.161556519988835,10.890832776535717,11.562008517526465,11.337224969923454,9.647726208394943,11.948741990292433,16.55444886210148,17.588348347308056,17.91734851707838,18.36025998061882,20.270681594463667,24.92939543771513,26.184015058500563,23.504954246383477,26.77845669205658,32.76307818884254,31.35830202799957,29.697800119009344,32.43825148942915,32.83868815406811,34.3502775557846,32.18956471294359,34.51876991981976,37.08531532985603,41.191185074306304,43.25322773995515,40.877252638218806,40.199826473940675,37.530058250958064,34.97179172265646,36.22304413550967,35.48860414115586,35.48399895642899,35.14710332352138,33.54213120966267,33.975968848622415,31.35901474495722,33.402811466564,31.4454243243448,32.877710699076715,33.82526603793201,31.95530847687428,32.0030459334032,31.919869652924945,30.006105668822556,30.49127604124203,25.42289299378126,22.717850466535765,24.31690460340519,24.462567089004438,24.944344246569926,26.883282921832006,25.75095236842992,25.740415733706186,20.457209175845378,22.664764228209606,23.075912233908866,23.020730804733148,20.791880694099746,16.218092130696732,16.215434572617824,15.676599391303853,15.833814910870842,14.288753688556085,15.689473416965711,15.01575643404908,13.839668665058525,14.311338498514374,13.74458922803285,13.579158243440133,14.801900700728538,12.31397703859966,12.693792309314858,11.319005704831625,10.12043676882206,8.922092389619934,6.975895923984467,7.635027160684331,9.600260405742347,7.926190002459975,6.385793123175063,4.378694096825257,3.8287475708002603,5.414324356182988,4.834546834306366,3.9321525677272575,4.070508518360157,2.993901665060548,2.1351561772892182,2.5540490501175555,3.272820444006584,4.667897275731889,5.528364826192728,5.388791307936799,3.429862544737375,2.3835333527389366,0.8419266621308452,0.9712008092805036,3.8823993002686166,-1.2946356278190478,-0.19391710660534045,-1.2028023844139852,0.7582111203666955,1.1553566470921623,0.5874967538279634,1.1227321643544883,1.8517465515144522,2.965443202440383,1.6636973870585052,-1.1648341829676383,4.2618766196867455,3.6769802940484624,5.210355428582261,4.867368525304414,1.5905803894145265,1.7583423550004227,2.783734600998514,2.265689181291691,0.9184943167023221,0.35603516945229785,4.386654817726594,2.2652905423880156,4.230949009852452,0.37761712875658304,1.7469132205801543,1.8291860377910325,0.3963393339472532,1.1315925976570043,4.536158441957241,9.194745460475588,7.923201929942707,4.6468722779274,11.958885784209315,11.643350267787355,10.50494119942789,9.13940954571899,11.153125339941653,10.031180845967356,11.208191138136499,13.735225365795941,12.623495600442766,11.81859974708209,12.619894213995167,11.87550131744672,7.690622189837086,7.074143299454477,9.301551908024294,6.02833945267048,7.87972300286151,10.72908797054447,8.55669153828785,10.462907003251416,13.65443004911333,11.105533438261205,10.227134075452113,11.167513477546208,8.112732900408673,8.337292424560133,8.866484776278867,7.140946086394592,6.460381423308263,5.873945824919247,4.992378155745314,4.51491766947197,5.073908589297503,4.038816268959067,4.645682703240709,4.776606611951024,2.351528047206102,3.723980333460304,3.75665183345302,6.029576728931943,8.490708747854796,5.882922890221494,7.910030806961117,7.819605767741905,9.386258825447271,5.369951813500393,5.9373228727924925,4.559391931438313,3.3495733433514943,6.472489502600297,4.162220476108587,3.4865248827694586,9.100624304160306,9.599132063050433,8.221008716676579,6.840162592832598,8.765315650335083,5.182935746016483,7.2959083172085,4.073353634512046,2.135758426437519,4.02554504931561,1.5695594740270735,0.8795593782725746,3.18296390389105,3.102150600858863,2.1966915250751526,4.199681371442125,7.034278091756278,4.661481014720039,0.5883092734210322,1.4818157144860606,2.44124306711808,3.488441334212098,0.6271328331338282,2.339433087091834,-3.1834970332621424,-6.266671207626359,-2.500208317827628,-2.3983595415860464,-0.8061618514342399,1.6359003324488413,0.4675873872924967,-1.3362818795143312,-0.6227270862465275,0.7242580733225168,0.8972241563561738,1.4648202804042967,1.481840492825654,-0.18173575862840607,0.6316074467035833,1.5890924185109725,0.12472607129109292,2.8249199457881105,2.1550528554297443,3.7950419053715905,1.5489494930747014,3.7326784568100493,2.9587013041717682,1.6657230796422482,1.8239426724593386,4.19378097325648,5.578871580898863,4.273814471748096,5.507291095528558,4.949205619115219,5.682242420371608,5.78115081192891,3.4818733858505766,6.255093367021914,7.231710917297164,5.625267174584451,6.487132143463668,5.524742160519963,6.639807815968652,7.983917077238118,7.155495626682864,6.130043543577642,8.411563609616735,9.51058875520863,13.35738983913734,12.042393019126848,12.327531906226,11.195686172868818,9.795139532173494,7.277897722220985,11.688299485953735,10.821049049461351,11.460534528597805,14.24972450008022,13.289105925822753,12.88698904979816,13.561033373006126,12.239938367513219,12.734512744985466,15.573703641532745,14.109821177626486,14.6581560941014,15.343232339951328,15.268393199135744,13.861443311915423,15.481246582727863,14.701448244709752,15.888080898888688,14.745066301147858,14.792456210358978,18.031044319090313,18.438734657070768,18.574301032956157,17.935419220122526,19.064898632562745,21.33284791611851,23.160917999594346,21.29906578397936,20.12996680143607,21.88059377062683,19.35424186010789,18.641984812095075,21.568628564239077,22.85988661382055,21.533096277819652,26.990907528634125,26.74409196464893,24.999432889455193,27.743892817000642,26.507858274961222,26.007351444358278,24.821245859333487,23.80874692594955,23.187974804472674,25.37458755749799,24.802887169057044,27.876167226348116,27.50919344565534,23.63647362869324,23.126411752038166,25.707425297759585,22.35136815598895,22.347352388302795,24.271627713719,24.205629604801402,19.544237151873006,22.22889684891271,22.132632825319092,21.472766304007905,20.84924568916233,19.71541079237676,20.141817357898617,19.92182799632559,19.315447591182533,17.61341023498369,18.49569979768262,21.401362108595436,20.8156142431709,21.619392572268964,21.736783240656678,20.977856559287034,20.725373536528195,23.533540836869406,26.140095767105777,23.424985194741453,20.06130522873923,20.16935422540746,20.412824531017577,20.775810527639806,18.30908546426525,17.846196391210185,19.906387990773,18.376426353991747,18.00190126485961,16.294666538867546,16.746249484285556,17.905182615854187,18.63054364868924,17.524084288638164,14.570244808181542,16.707962018407102,16.26539246478444,13.844769391127784,13.75093061588376,16.005906176537792,11.33243884681059,11.59331496584764,11.363142249316354,10.134618073865113,8.11372603334371,5.964944801890283,8.211608443441946,6.212011362941553,6.4405360113585175,5.774548837601856,6.395553830120605,6.026771929205779,3.1461841777806967,2.625051045388261,1.6326978724997616,4.9945471491909075,3.141978233517534,5.721335804393448,4.217648308565799,4.239509294476193,5.282505297004775,2.7464277493461395,3.9020697537102933,3.7810883954765586,2.0163976940365274,3.296788976219318,0.5724669414333903,-1.2367595484042226,0.4511497566891194,-0.8692160282905093,-0.8263757436183141,0.8062018795754398,-3.3132725661415634,0.488914360865806,0.385684929021636,-0.27779743120390776,-1.2928744548621012,0.9333616993617966,0.8830833812245942,0.4476120170684226,-1.3015552738229985,-1.0592483212237198,-1.2741598019325693,-0.6596813788464146,0.29459329971058423,1.6373766768069231,2.9545820937857457,2.6618956774718754,1.6933443236845278,0.7501055409599644,0.7008981724060277,0.7946594919795871,1.621604779719405,1.8537973807298158,2.39007660100134,3.0570464537229896,2.6259823439356182,2.0330763631626496,0.5485047153294431,0.9642634694130265,0.48284058289925724,2.9939492586447614,2.7247965477062053,1.6100782154174453,3.14851563353875,2.2416010089164615,2.1743711554203173,4.892690299478659,2.296249354379711,4.455026830079987,3.9317683408955872,3.1205789189211828,4.03363571284018,4.3699746901374965,4.802416815325046,1.0414107897455551,1.1689868657498437,2.0743346153759603,1.0800541382944289,4.929552211507939,4.871820220810662,0.9386859731040431,1.6821183896700518,0.9164153994844355,-0.06200853747003521,1.8291801366009963,0.17909049572011781,2.327869028648081,3.9674993644399024,2.1490957587385537,2.751378271608985,4.822530859534595,0.4960643522986743,0.776308189228132,0.8967482541841036,0.4312939373812128,2.4466523909219973,2.770578087060528,4.305837460417138,0.7674220103511402,3.6295696318098862,5.009096267998757,3.0129298038533534,3.369366031602965,5.55694458280891,4.1030633946739385,0.6597231201907903,1.0452753204051533,4.94754780874996,7.130814827333495,4.126775660618762,3.5710717510810923,4.857553357033737,6.932041815229752,6.8574234063543145,7.033406227654041,3.9065116554769475,5.171642931189922,1.1826079348053327,5.16671866784327,3.0462638202036487,3.5242627662863697,5.377251421568076,3.18550680417718,4.659523900376485,3.4958203270967374,6.577863918909998,3.876310881509653,4.904388784286766,5.166077982829677,2.4687335864283,4.144948224874156,3.162598704913478,2.037687639500973,4.252953165174972,4.425624181502201,1.4145673463473827,3.5728810527475616,4.473329079626637,2.911361616198633,3.355615660203796,3.439675428011924,4.836675581681504,4.838311230318766,4.282541647800258,3.0773939835457327,1.2443287966121375,4.5360380277697345,2.448377555855984,3.9935907455576967,3.9687412733641736,1.227197348046957,2.5729493400965,1.1717581271665836,2.5591658237568424,0.622963572698751,0.5334587403994817,2.0306150030401113,0.39113914751843026,2.5816944227096315,0.7368670120079344,2.9473585632942445,2.280356856817548,1.4011481329737023,3.2050293904512728,3.044954348175196,3.758327698513085,2.9169440881260584,0.49759656713922595,0.7947201058974542,1.2279479892437166,4.2245275582911574,1.9592798838971532,2.4183812052866074,0.9593607151707317,1.745365650555243,4.527540589033293,3.9261858174505733,2.1207442363050575,4.141763089804101,2.8953692440651366,3.1385192291541557,3.770045506303518,2.801573191643456,2.6802433817217093,2.0114763118740484,1.669841729685146,0.7658100604984952,1.1785435792749297,0.5614964765817092,3.2176436991551327,0.3868803035976782,3.6448706780674343,2.9374116183238073,4.27757555661546,3.1737959595751306,2.693465827015416,3.3661970796505045,1.931760670605712,1.379225312089801,1.7248049088777009,0.8449579787981065,1.437889693371261,1.742744470676314,3.2731111650813602,1.9777286031645929,0.4475166806774098,0.7034335477466698,2.3394506154116925,2.4236908356965614,1.8473207499224884,3.0583609050884775,2.1348212874848684,0.8974941703393426,2.6294061104678406,0.7247591120460299,2.792385043262186,0.03498777014118559,2.137357061109867,-0.108219149958245,3.31813169594173,3.408329127621954,2.689341780557811,2.294232309743535,1.8444511627625104,2.118369944493736,0.7763180831835257,1.5635399563739156,1.9873495661236689,0.9061349768873583,1.6739658170801022,0.5037983432532656,-0.3177876982116459,2.762480503921296,-1.0965455314904489,-0.6691200305873508,-0.01140775042793507,0.23300031488960826,0.5930138945552414,-1.219382354369145,-1.0996104503339836,2.7587629218145366,1.0608025688422913,0.42278212808437843,2.41074319720164,1.1789231323581078,1.2842384920025722,0.49094214247301693,1.4321833060583913,1.2283548082972402,2.049531948697364,1.8836915152591018,1.477553377162394,1.4806387288899714,0.9458652236144474,-1.2349214108992612,1.514908394074098,0.5211724583722344,0.1817557110843495,0.3545650018383526,2.4143833827899073,0.11427451028643532,2.0049855150575127,1.1586410798816758,1.880016443874922,1.0914557000157004,2.1907666204682528,1.572811921962142,-0.035423095115334036,1.6040025228889192,1.1367144064882382,1.4336798226707685,0.9027769354954103,1.8397774424107922,0.9058399134783883,1.9016338431805195,-0.15419956282670455,1.7433393535273183,-0.4728917777983952,1.5434776824147036,0.8584275472013303,1.3222392330607988,1.7659679964309305,1.8967828531271493,1.79854636795406,2.5594238945536176,1.324236490502102,1.5462156019644624,1.629817823443858,1.105674521579573,1.808860259404156,-0.47971158239477063,1.1257077062384298,-0.4338534521169777,3.138628430770069,0.47175462460802464,1.7580604114144762,2.003824617340257,1.1531692154840414,2.03541647905044,2.0840374306730496,1.7079591272369044,2.526542377184043,2.0435396028285027,2.828025849806565,2.083467744068628,3.135882593117941,1.8922658896655662,1.151786579924078,3.166593462383389,1.7413330841241077,2.3777189363097193,2.002818339876626,1.4482012466416165,1.2262769467137673,2.309194270440571,2.033100338627875,1.1434972047363203,1.6295009156937539,0.6501721672621272,1.8766564531905487,0.47723817926166134,1.660858607049505,1.077285366419929,1.557911287363936,0.7326596707571866,0.14960551715273596,1.3092239613573469,2.0981290392328447,1.6501957030818915,2.0854437149254323,2.1364872762570997,1.642751903463676,1.7956755335607681,1.9047837078432224,0.8065945858901671,1.8865000381691601,1.752967721187673,1.9636380764359274,1.7081704130760897,1.413131802890888,0.4089358875685747,1.028666455570118,1.6857218906935714,2.6011252907647417,2.6062816651153327,-0.11668859982836466,2.3226323512235467,1.5635801547550159,1.0866538502405376,1.2568509169881565,2.1965310913631413,2.2289435714480135,1.5345761052034845,1.2260374945515196,1.6047257556322165,2.3248906496574477,1.4546001367417318,2.1006868981238824,2.3563268533717405,1.832044955148632,1.6836768946060943,1.8887668588905626,1.5339515791829683,1.6126821729829999,1.8273024266608502,2.0163025107285932,9.543433338261138,5.617340029882854,2.461650882734034,1.2276822308538726,2.605759256354588,1.7489832026622025,1.8125683949120912,2.115455789981695,2.1826866273586916,1.800562921313599,1.550048943434092,1.6902322593725785,2.488859642569821,1.5246441891424638,2.338533243391396,2.208221738852444,1.5667693654422123,2.5444020351264385,2.4823821853224217,2.3542046650231896,1.1215156252763592,0.9735610793650977,0.872787917190692,1.6839637931146854,1.7653255125010219,2.1228910843874473,2.0155698818063,1.2735219810284661,1.2292647396776744,1.8357911570683427,1.1922275324400289,2.0413919980545643,-0.22557437396664426,1.7568268893389245,2.0918207983195387,-0.05824000474206059,1.5601948807840813,1.1834645180415464,0.6110944596621266,0.5499816609271377,1.727717748674479,3.1782640762378946,0.8785139530854238,2.5445609628998795,0.2318121085927416,2.5643615775841226,0.14745511492327523,1.6468545666452883,1.8590857716077949,1.7869274557409653,1.25042653064844,2.0629349355400564,2.801701426721479,0.6401964780330331,1.1882649474514508,0.9132688713654602,0.8962061841831499,1.727909018536252,1.226828588578492,2.404077221072953,1.6095923459299115,0.07689803619672375,2.3924806978578204,1.5095106891685646,0.6505901970076096,0.6957271105736709,1.8539392637721903,0.45185153763521413,1.6837758531424925,1.5691888810106889,2.00981123368598,1.6549868102994765,1.0029210033371214,1.7358705534579144,1.4523785695345737,1.148170451452188,1.5724123107916057,2.0590098293752703,2.048260438522796,1.4443590687305914,0.7331845582178289,1.4679984132677077,0.8577551210440859,1.2683342233267467,2.2424225796846713,1.6410472243666732,1.7285400210903958,1.5738057285507239,0.2977394416216157,0.8749500870540601,2.889780143368341,0.9981662398709616,2.178874917085409,1.4526609885214725,2.5679668854945703,1.4705234072379767,1.3929187011685258,1.0068086082268906,2.346657057600794,1.732129904164367,3.161546485166866,1.857316540816555,1.1842101824228166,2.0501301175456774,1.9554662705292571,1.4971354603140412,1.2821098522861618,0.7520630002041457,1.267010919947495,1.782375130802734,1.3304393605599785,1.341535559650879,0.7651338816445445,1.3319161989835564,1.6440586008100198,0.8153966652666327,1.222562208067984,1.9658121464943292,1.1031650400958597,0.767575164927564,0.7445140054531976,0.861742703266092,0.4901894397655724,1.4561617962606874,1.288005116320793,0.8400953291000519,0.7528494947181876,1.063012561697466,1.2331735957798173,1.061973497324061,0.5353356056273846,-0.01430882008730805,0.5961317499658776,0.32609710124387803,1.2918167392537043,1.0411569471949633,0.2414086990319788,1.8141582137343448,1.0257945425756816,0.028805417108117126,1.1176309809526934,-0.06505254116547121,1.0904471838082372,1.2104475836324582,-0.14655171096734065,1.7040493498506635,1.9753690361993073,2.383716442049206,1.1477407806062274,0.8224004596881969,0.7468830509031363,0.6762276366368951,0.8345779914322939,0.9412388787283668,1.331386407949708,1.6316413728394537,1.047577223308565,0.39178285584534933,1.1590560770729326,1.5146524944018438,1.5681330192588803,0.7671836404873602,1.8008766036916768,0.8141918994130037,0.7946214688422479,1.224879263425862,0.41012216357108855,1.137667495434414,1.3809039400339884,0.3408144402313269,0.7310485030684504,-0.5840047286944241,0.13070841115580834,1.4639441935991613,1.571267577106255,0.10964908969572207,0.08197203560922262,0.20857652575006114,0.8829727525462694,1.5109465833687636,0.3271660146987756,1.1442446011512821,0.1587928281255131,0.6496621249458485,1.4487320117469302,0.4840523691117937,1.987929371959467,1.022442096022246,1.0955331419942809,1.127149479150999,1.8284405123802685,1.255714110820577,-0.24599523259314537,0.9104828510895118,0.5589546958348137,0.5257144519705435,0.9572285238045879,0.8037342820553608,0.35991423029474845,1.1872898191260237,0.2760237824360843,0.11446293948409725,0.8937205003842905,0.17099662364330648,-0.14822008553244181,1.0890708246726604,0.9124114574735813,0.21044605632397584,-0.5516069010025717,0.4584420581534232,0.750289545826206,-1.064373357328634,-0.3604345870296015,0.5280676535524531,1.3415101217611305,0.7974137634661815,-0.18177221148164335,0.2262721995246011,1.4731898969645254,0.5595997032095301,1.0824080206680264,1.1274614347408924,0.4714519120904015,2.024788843558442,0.5391968423123217,1.0927505311375967,-0.25324302293080336,1.9206192606084755,0.26766211303976384,1.8328011456681566,1.2859824606103984,2.0094456015812643,0.6683517747736687,0.22115593837810366,2.45771671604939,1.22855116422204,1.484525519828308,0.9787977670626447,1.6046328965128378,1.5720825669394571,1.6113656274087589,0.9651939033234953,0.6471893220114566,1.7332228979358888,0.3696440201718474,0.9132806871261323,1.2084381627918788,1.423831104697797,1.4140251466354243,1.5889360836631,-0.346883227346666,-0.08419239768022635,0.6221712035037967,1.5725248872921043,1.2605238198826765,1.059090702786591,1.588251802563832,1.6053223271063075,1.6328875586350478,1.6606947511019712,1.6873973596109977,1.7129151526883106,1.7372640512264184,1.7604645731975666,1.782538016521869,1.8035055030730973,1.8233879764712242,1.842206199985526,1.8599807545467115,1.8767320368646665,1.8924802576511297,1.9072454399446315,1.921047417535874,1.9339058334909964,1.9458401387713025,1.95686959094769,1.9670132530070532,1.9762899922493489,1.9847184792732833,1.992317187048286,1.9991043900719774,2.0050981636102847,2.0103163830188464,2.014776723143484,2.0184966577984937,2.021493459320425,2.0237841981961537,2.0253857427632056,2.0263147589803907,2.0265877102677337,2.026220857413989,2.0252302585493567,2.02363176918152,2.0214410422952938,2.018673528512295,2.0153444763103607,2.011468932299806,2.0070617415565266,2.0021375480093297,1.9967107948805847,1.9907957251788844,1.9844063822416729,1.977556610326758,1.970260055251174,1.9625301650766005,1.9543801908384921,1.9458231873194336,1.9368720138635354,1.9275393352328933,1.9178376225022475,1.9077791539922941,1.8973760162401163,1.8866401050042896,1.87558312630631,1.864216597503514,1.8525518483951373,1.8406000223587853,1.8283720775168035,1.8158787879314673,1.8031307448281382,1.7901383578440573,1.7769118563035136,1.7634612905167728,1.749796533102824,1.735927280334181,1.7218630535039097,1.7076132003122098,1.6931868962730618,1.6785931461387236,1.663840785342586,1.6489384814587993,1.6338947356774725,1.6187178842942558,1.6034161002158953,1.5879973944766448,1.572469617769741,1.556840461988429,1.5411174617792653,1.5253079961045728,1.509419289815071,1.4934584152302932,1.4774322937281,1.4613476973405,1.4452112503561239,1.429029430929063,1.4128085726922563,1.3965548663756522,1.380274361428178,1.363972967642951,1.347656456786126,1.3313304642261983,1.3150004905659216,1.298671903275192,1.282349938323648,1.2660397018137246,1.2497461716129123,1.2334741989844815,1.2172285102169553,1.2010137082514234,1.1848342743061266,1.1686945694977453,1.1525988364599584,1.13655120095666,1.1205556734920492,1.1046161509150352,1.088736418018982,1.0729201491358253,1.0571709097237658,1.0414921579491079,1.0258872462611066,1.0103594229596524,0.9949118337561913,0.9795475233259481,0.9642694368534421,0.9490804215678281,0.933983228271984,0.9189805128603439,0.9040748378288868,0.8892686737756321,0.8745644008909608,0.8599643104387269,0.8454706062260584,0.8310854060634938,0.8168107432144325,0.8026485678337281,0.788600748394856,0.7746690731063381,0.7608552513169116,0.7471609149080791,0.7335876196758022,0.7201368466996314,0.706810003700582,0.6936084263859357,0.6805333797821049,0.6675860595545373,0.6547675933152846,0.6420790419178388,0.6295214007387813,0.6170956009466408,0.604802510758077,0.5926429366797947,0.5806176247380108,0.5687272616947894,0.556972476250337,0.5453538402322806,0.5338718697705644,0.5225270264596134,0.511319718506968,0.500250301867311,0.489319081363476,0.4785263117932459,0.4678721990224517,0.45735690106414495,0.4469805291441844,0.4367431487527256,0.4266447806818974,0.4166854020494952,0.40686494730857703,0.39718330924387146,0.387640339953748,0.3782358518179194,0.36896961845258147,0.3598413756499781,0.35085082230568787,0.3419976213302789,0.3332814005494811,0.3247017535890677,0.316258240746663,0.30795038984973644,0.29977769709967106,0.29173962790258656,0.2838356176869752,0.27606507270712655,0.26842737083370594,0.2609218623306333,0.2535478706188883,0.24630469302724123,0.23919160152973973,0.23220784346983692,0.2253526422718437,0.2186251981391365,0.21202468873997304,0.20555026988023428,0.19920107616280802,0.19297622163588812,0.18687480042763127,0.1808958873685924,0.17503853860182517,0.16930179218064723,0.16368466865446862,0.1581861716426829,0.15280528839610952,0.14754099034701085,0.14239223364700138,0.1373579596934178,0.13243709564437722,0.12762855492206882,0.12293123770496095,0.11834403140915128,0.11386581115715444,0.10949544023719682,0.10523177055074484,0.10107364304946032,0.09701988816203766,0.09306932620978614,0.08922076781180976,0.0854730142804101,0.08182485800540462,0.07827508282952067,0.07482246441276175,0.07146577058739467,0.0682037617037281,0.0650351909650908,0.06195880475439708,0.05897334295082146,0.05607753923749215,0.05327012140031684,0.050549811617315754,0.04791532673931442,0.045365378561996295,0.04289867408982673,0.040513915790484134,0.03820980184173095,0.03598502636975809,0.03383827968002606,0.03176824847912485,0.029773616090096766,0.027853062658664385,0.026005265353205687,0.024228898557055345,0.022522634052734247,0.02088514119981255,0.019315087105667317,0.017811136789305237,0.016371953338023104,0.014996198057929178,0.013682530617870725,0.012429609187051938,0.011236090566455914,0.010100630313900183,0.00902188286386263,0.007998501640429367,0.007029139165751985,0.0061124471618541065,0.005247076647947324,0.004431678031721731,0.00366490119614582,0.002945352150391045,0.0022716006212704087,0.0016421871765714968,0.001055629895461152,0.0005104305992063018,5.0806585818463645e-06,-0.000461933609017251,-0.0008921259365024525,-0.0012870054832774258,-0.0016480725770406934,-0.001976814803583693,-0.0022747034331018767,-0.002543190164999487,-0.00278370417942142,-0.0029976494783454655,-0.0031864025057188883,-0.0033513100284494612,-0.0034936872681896602,-0.0036148162687368313,-0.0037159444863164026,-0.0037982835905268075,-0.003863008463213191,-0.00391125638310541,-0.003944126385249547,-0.003962678783238971,-0.003967934843444709,-0.003960876601297514,-0.003942446809901412,-0.003913549009496364,-0.0038750477099256386,-0.0038277686770697983,-0.0037724993135839213,-0.003709989127003155,-0.0036409502770879953,-0.0035660581946217462,-0.0034859522648957864,-0.0034012365692888125,-0.003312480678346219,-0.00322022049027737,-0.003124959109698011,-0.0030271677608766367,-0.0029272867310510264,-0.002825726338357981,-0.0027228679206814377,-0.002619064841155705,-0.0025146435066289996,-0.002409904395506146,-0.002305123090820871,-0.002200551317571353,-0.0020964179801126193,-0.0019929301973320435,-0.0018902743332773753,-0.0017886170222141118,-0.0016881061846447665,-0.0015888720336079132,-0.0014910280698359202,-0.0013946720641797583,-0.001299887026164015,-0.0012067421583310534,-0.0011152937940437369,-0.001025586320054117,-0.0009376530813938189,-0.0008515172698366769,-0.0007671927943988521,-0.0006846851339332716,-0.0006039921722162944,-0.0005251050145602676,-0.0004480087867477778,-0.00037268341566232266,-0.0002991087837926898,-0.00022726473639522737,-0.00015713108894033212,-8.868763404734636e-05,-2.1914148589985416e-05,4.3209599141391664e-05,0.00010670384307331915,0.00016858881281223148,0.00022888472750537403,0.00028761178936065335,0.00034479017790545186,0.00040044004362016494,0.0004545815023107025,0.0005072346297652075,0.0005584194564107747,0.0006081559617427956,0.0006564640694364243,0.0007033636424580436,0.0007488744779493572,0.000793016302623073,0.000835808768329116,0.0008772714475071552,0.000917423829037034,0.0009562853139755134,0.0009938752118046068,0.0010302127360546365,0.001065317000666255,0.0010992070168072132,0.0011319016890070088,0.0011634198119168104,0.0011937800670125398,0.0012230010194116403,0.0012511011148035323,0.0012780986764937552,0.0013040119026754837,0.0013288588637578869,0.0013526574995808005,0.0013754256171409907,0.0013971808882047299,0.0014179408471477473,0.001437722888283588,0.001456544264101467,0.0014744220832199062,0.0014913733083972147,0.00150741475505356,0.0015225630895088216,0.0015368348270499155,0.0015502463309644554,0.00156281381049439,0.0015745533200970385,0.0015854807577966312,0.0015956118640474415,0.0016049622208242909,0.0016135472504288373,0.001621382214523237,0.001628482213618554,0.0016348621857673606,0.0016405369059953046,0.001645520986187421,0.0016498288739512645,0.001653474852389536,0.001656473039759021,0.0016588373888453134,0.0016605816867354406,0.0016617195547041774,0.0016622644477592985,0.0016622296549826387,0.0016616282990185027,0.0016604733363578816,0.0016587775573384533,0.0016565535865424863,0.0016538138822852488,0.0016505707375245038,0.0016468362795762914,0.0016426224707970505,0.0016379411087541484,0.001632803826964846,0.0016272220951805139,0.0016212072197845373,0.0016147703447018102,0.001607922451739796,0.001600674361327492,0.0015930367329701767,0.0015850200659315306,0.0015766347002568182,0.0015678908173981654,0.001558798441237741,0.0015493674387698775,0.0015396075210105664,0.001529528244134326,0.0015191390098152624,0.0015084490669892148,0.0014974675125927206,0.0014862032928704139,0.0014746652045118935,0.001462861895390688,0.0014508018658716537,0.0014384934702320606,0.0014259449173437133,0.00141316427232141,0.0014001594577734977,0.0013869382550524278,0.001373508305505311,0.0013598771117813158,0.0013460520391959108,0.0013320403169245765,0.0013178490398217946,0.0013034851694442295,0.0012889555354149707,0.001274266836901461,0.001259425644093426,0.0012444384000218633,0.0012293114215253809,0.001214050900841812,0.0011986629072566757,0.0011831533888084778,0.0011675281735961107,0.0011517929711999386,0.0011359533747281603,0.0011200148616694605,0.0011039827963941207,0.0010878624308361395,0.0010716589069943439,0.0010553772575576659,0.0010390224081220367,0.0010225991786114719,0.0010061122848128434,0.000989566340251713,0.0009729658579544775,0.0009563152518126117,0.0009396188384585002,0.0009228808386865239,0.0009061053794425789,0.0008892964952451621,0.0008724581296064571,0.0008555941372492271,0.0008387082856984307,0.0008218042568159944,0.0008048856487334888,0.0007879559772163702,0.0007710186774261274,0.0007540771056255835,0.0007371345411115726,0.0007201941879770857,0.000703259176134452,0.0006863325639301365,0.0006694173389405478,0.0006525164202457745,0.0006356326600780449,0.0006187688451859685,0.0006019276988808997,0.000585111882514866,0.000568323997299558,0.0005515665856137275,0.000534842133163238,0.00051815307057268,0.0005015017745790828,0.00048489057036249505,0.00046832173256916576,0.0004517974875852815,0.00043532001473067794,0.00041889144813467283,0.000402513878384525,0.00038618935377598973,0.0003699198825302119,0.0003537074343284985,0.00033755394156287366,0.00032146130183718924,0.0003054313784787155,0.0002894660026413476,0.00027356697506775163,0.00025773606733991983,0.00024197502347078625,0.0002262855616095294,0.00021066937580371814,0.00019512813770461435,0.00017966349770404122,0.00016427708681021613,0.00014897051789830584,0.00013374538730204222,0.00011860181638212453,0.00010353860284340044,8.855336989199714e-05,7.364271601772998e-05,5.880236267330474e-05,4.402730240826713e-05,2.931194535449322e-05,1.4650266109583754e-05,3.5949028642789926e-08,-1.4537466427100298e-05,-2.907644113747665e-05,-4.358729188425059e-05,-5.8076047537269915e-05,-7.254830552483327e-05,-8.700908819037068e-05,-0.00010146269954702802,-0.0001159125822596252,-0.00013036117428555372
26.365343238183414,20.631283652685283,19.33749853026211,18.530705583360827,14.14897801255313,14.120987751277994,12.814156538779798,8.689471596735075,6.8157679864989404,4.5444726739164025,2.7214272264590136,3.288420022775938,4.179640292420572,2.1748579907915087,-0.47804821381697593,0.9426770825282915,-0.8991893819995198,-3.871090445916934,-2.272039635609417,0.7696726607862274,2.3480075522318202,2.1032517543153517,1.564088964621419,0.7245041840811837,1.1422945130763082,3.2223028779757783,3.299090108496898,3.4332909308770354,4.354393501209984,3.7236483275730166,4.066288636901049,3.8750460630610633,3.2213261496972336,9.50133263693374,12.159089987683785,8.875438120977435,10.512337566107476,11.391464761697762,8.982169655685425,6.501390168189232,7.7077808504078575,7.6319987772290006,5.749829647293609,6.799265427292653,6.073656395653302,4.635761330563355,5.8752732172984565,8.447051813886105,9.104161857232839,8.598690677040054,9.89009163595216,10.1886106937759,11.358850731465054,13.566866247830774,11.816601230799506,11.861235372157694,14.295286293359766,14.657301191455701,14.200425443341715,14.180396954324522,15.055131164746399,16.062022077378856,13.984330109401867,11.305143173355873,12.1605018849109,14.559553639378692,15.961029576958538,15.62587495806605,14.464539062248377,12.785327272480856,12.401212714738108,13.073958740368198,11.110737616848098,9.985529386290011,12.074656729732453,15.510148116770665,16.077534227502838,13.638149855074857,11.106764464175967,10.96000528653974,10.029051665879138,10.145814271782228,12.953115856869204,13.138120200194294,12.456593301125395,11.454979776858693,9.014928077055856,8.981433894552538,8.834044022644889,7.333432286172979,8.309546528916314,9.418200560529726,7.866904137057588,4.209387996552209,2.686393809125434,1.9793061344972216,0.9813317735138298,0.32130354979409503,-0.4929174908637606,0.19396008512995877,2.3527538314824596,2.912838411411485,1.509612422781288,0.9028638206098094,1.9563232800477408,0.9722589836156885,1.942941359608085,2.4857933269844352,-1.5115292352933238,-1.3204283140299822,-0.5311691057190728,-1.5275218010199865,-0.5645281874869852,-0.9893169809894857,-0.03820198239623096,2.2947613368183966,-0.7099459838078701,-0.35192125921344086,2.5546273042068606,1.9483331188438342,0.9592661092041794,1.1675997647269014,2.116489656658814,3.017090507064836,4.364034609564158,3.8054268564578138,3.648856566924678,7.894539632725696,5.836728445970721,1.2608855468156435,0.9375803136183549,1.8846964517732658,1.3114017526044108,0.911421924434535,2.2610814213998083,2.390714616259743,1.910703263087953,3.4980792675113435,6.003153152680682,1.912435043110122,1.2546707911241128,4.43443003241282,3.073964161964568,5.82683516648126,7.131089588549685,5.481810741588674,8.184017749346026,8.922032165903943,7.810075849989744,8.732541887268212,11.091095531615451,5.642015421465544,1.5875934904403266,6.435632582569156,8.654659260075391,8.130924050994963,7.55832432297575,7.9702646872138985,7.990816723682883,5.047762152829478,3.421115782737843,6.0477217507000205,4.897138695646959,4.822103362674568,5.623075395836963,3.694965861274852,4.981788046024462,6.03866936957877,6.940145932939686,10.290599424647894,9.559340038448795,9.55350652887114,10.618139526540745,9.150768941108026,13.746921667284028,12.561907620250281,6.860562928386457,11.647895803724964,13.039265334741799,10.6676686052798,9.224908768302726,8.81489728500594,8.7137248698765,8.26523037934885,6.991840665672157,5.800991520197954,8.250996941343146,8.967553159926638,6.300903921510098,6.236851156932289,6.76961901850359,6.896910038755323,7.808198534194844,9.93392492851342,9.09008794661338,7.2349582692239665,6.691490726659481,6.2891701874560795,6.444578018971129,7.201919471362999,8.32665159173871,9.190676019514058,8.149047858313452,7.444943851288485,8.314276743092137,8.551491248725824,6.978375001764334,6.8290072611015376,8.35315262295012,7.772620899059575,5.977189815864335,5.2094195256609055,5.918290481465078,6.791796287225225,7.335251732404572,5.571610087443332,3.584675940036959,4.90899794962661,5.372459378123608,2.6515758090394,1.4188950034832715,5.651224711313603,7.409784161592711,6.476983424510308,7.018166399590882,9.653449287877947,8.539446612037409,8.143562945013855,6.610020853464107,2.9407691404696834,6.466918545766248,7.019396409544356,4.8071811831147215,6.561223272097891,10.100363226397462,8.441683127294482,7.7769466632207696,11.002567557347106,9.556462661398086,9.246298703405728,8.833781983098334,7.386648149012785,7.536963020994335,4.771528008349833,4.216731169032414,5.695249146343258,4.7579075759728084,8.239955352210927,9.472368432620328,8.993214235923574,11.983381499231996,12.552468997834694,9.728714445402261,9.82172637067049,13.755736352941312,12.529559950281282,13.112470329558505,14.667098779685034,13.541683188482239,11.809252457530192,12.277514310022298,14.12673388197652,13.874882601190393,10.269666810913805,8.6374657833137,9.63516313468483,11.495874527731758,12.369584778829335,11.871304410234643,13.745376203339674,14.642941068811865,11.319813835749983,7.988228767396777,7.247320850481742,7.996395171348922,9.344778064267189,10.82751527870937,9.087317645295116,6.890735243924155,7.013045273108446,8.271150218848561,7.427752647090642,6.452219335729069,4.969678038631741,2.760346196476803,2.2179051084434604,2.818433258613254,4.527510862402551,6.405139240102926,5.88302336081756,1.554549682041852,-0.2531923137497074,3.427542218040344,6.557298480175973,1.782320795557439,1.1092043938551797,1.6382027737731732,-0.05353248354538209,1.9639332423467977,6.797109808900132,4.6730207931874475,-0.24759508711747458,0.7500470492170166,1.8077975228949867,1.8543412964125991,0.26202770226780103,-1.2298202355228796,0.3574393285113615,2.052905971701307,2.076993932900109,1.5231641206702307,1.1908098530624898,0.005972245029965961,1.8848045971325291,2.102163822614216,-0.9504551701679702,-1.4761621752605834,-0.8626584072823107,-0.4990037578619422,0.5750851384864291,1.7557791557456994,-0.12334244234421021,-0.3251361144962175,0.25704973760457506,0.25507745065152676,0.763760995789653,0.6509245725628716,1.657988495545169,4.652563199765268,7.107666669296464,6.1919340987375335,6.169703096920216,6.112744735514525,4.327570680157294,3.0591075125547604,5.457036020328303,4.6644143707347325,2.5683492575935816,3.8458944180484878,6.4595342406112195,4.652697553423025,0.8796890035154092,0.7612556437439935,2.673423980011364,-0.300778825483917,0.3744329111773368,5.840011425843272,8.843995098559503,5.669944186307816,3.6769185499516652,4.933968938438454,4.861280986929387,3.4813347590647936,4.136403533527869,2.219144762353153,1.7798082573723377,2.2399204639712025,2.7101250811954287,5.093881746208353,4.985659346644752,6.143836172861029,8.208412331100533,8.81010996947316,10.016387475794545,11.180285852962982,9.412901742863085,7.0763377494292286,7.780345681789868,8.657900518392807,6.680172260432698,6.139558070657586,7.876428076611376,8.569988461803575,8.1189270439761,4.6303353248875965,4.8296816799510225,7.6796776738895005,6.447050501739284,6.85558835814669,10.604329037194134,10.06796882709233,5.7450738052285715,5.894646053912197,7.607199532116795,7.609539113257767,7.2033285291712446,8.077224158942386,9.41780646601103,9.457767166641474,5.778796058754779,6.359493615589088,10.801262466877802,9.27020187202993,5.83951450251584,4.607487552004159,4.532362464196694,4.126365817749502,5.1461085037071825,8.786219799306252,7.681666601937991,4.930824354199672,3.5886412168500783,3.079785316550101,7.183477643753008,6.959181800855504,4.514975173859568,3.9226490524586097,3.7571986205512644,3.7559111502401947,5.533637014470514,5.172877577783822,3.4265438076080272,3.329009777130068,2.1524727032109467,3.5761424092638094,5.425224597204419,7.3351663105530065,10.459938220229446,10.84617994137136,4.440035658356976,2.8488728361810445,5.474888818100283,5.175267234749754,3.9872753977912225,3.5515736560475943,3.5299706412546357,4.4865268272562275,5.7509883700557225,5.248651514113021,4.006465981523718,5.298115588658902,4.271703917258492,2.233476109094795,4.402488158066376,4.847588315193093,0.29802478187093584,1.3763863391903897,3.8324284864864353,1.7659126889710706,3.491565848926143,2.2013119576669737,2.5050739249302865,3.4507627215717775,2.7472082573933108,2.1913138275886013,0.8015400698181452,1.7177463283921952,2.130908810826611,0.06324134583132945,-1.267089081834115,0.7909153168126295,2.267873029232817,4.052282102467927,3.948961157553242,1.704256730608563,1.5283211152013791,2.4810073622078903,2.608099766156215,4.2828970219119356,2.983952690483193,-0.8227838551769082,4.092155746598792,4.390956743271943,1.1926826351979685,0.6982446281677994,2.6732510743289595,3.4366244649891655,3.8123834596774486,3.6208842648859445,3.562335000789858,2.3297107594605677,1.554279733767089,3.830292061341993,1.2532489450925368,1.6088367517721167,0.20224245523093032,-0.9723517702364006,3.4474918446749143,4.176912345943094,5.290057223859321,3.03658014282081,1.8753627538438877,2.9954804960835872,2.2486673125652032,4.572594346766095,5.1206917946406065,2.757967764024727,2.474002604591078,2.6901085679505172,-0.3263940409054271,2.6016048530666467,3.2537576187109494,4.949755427211585,6.324932434923539,5.722355457523236,7.400434916474865,6.027736911007253,5.8468014096806655,6.204965141563093,4.933908733464364,2.033830258103876,-0.18458686534597746,1.968826662888432,2.675666530537569,1.8182728573552822,-0.03784800056479298,-1.5829882088000886,-0.26274961682656794,0.6002369197287862,2.664208624975572,3.0407412860467957,1.3399455799045086,0.9587360786554768,2.3583887926772604,2.27389179467707,2.401719737929625,2.257042116679486,1.2147693959370827,0.5064402329770132,1.569708886253352,2.8447014874045067,-0.10754534437114671,0.5631892959673905,0.9742477394878506,0.17888534687682522,2.661448689989811,0.6556129360750447,-0.45776073446711507,-0.06255119703200762,1.508880876691478,2.282482319036717,1.6899615301990707,1.978303781734894,-0.2325810191077835,-1.2748705652553554,0.27676707713692394,1.8517658186008816,2.0033693564446367,1.2795111442063103,-1.1393682406943526,-2.377058085116687,1.4795593557785196,1.2413914729867201,-0.6446681623273776,2.4568114945180923,-0.3132389655178258,-0.2522436893445956,2.6591487381315915,0.021621574919890918,-0.5601749017286579,3.4344557258525583,2.301270352702545,4.2172816339300425,2.5798083910014498,3.3602046681862703,2.1863183923982206,-0.9034803845320312,-0.15985381182736091,0.546030989729104,-0.5295195942646274,-3.3923757464857545,-1.11209259291428,0.4668144285053586,-1.2307499307672742,-0.6501202237662937,-0.2025001667578863,1.2982945519788132,3.0851726610256947,1.929464389994564,1.136374171698776,3.228574507723806,3.9401330496896207,3.020345397843016,7.2121896197458,5.700232836393752,1.0414169358450636,-0.5128587560530491,1.0599231464676109,2.6347631338204565,2.0974037779266155,1.4888913423090457,0.18242520106298343,1.5547446184568798,2.183821750673019,1.3953092624816463,2.16912595769287,0.9730139869137702,1.8698080572769413,4.774057866503711,4.269014097209947,4.713226026871098,5.816530347858077,4.911413427703565,7.358162565959162,7.441899776113132,6.191947995993644,8.374903589160795,7.907630854667502,7.867668302904576,11.355624942562144,11.53134361470427,11.809854013113863,9.914992051486365,12.405858575813113,14.439209690586381,14.473405484321859,15.06290445513008,17.10447932760917,20.197324415770197,18.53667114153518,17.15115344811005,20.27738071995509,20.066053643993655,19.03157937550492,21.384438502615637,21.78014755209165,22.268630091942384,24.492245256303363,26.21151401494683,26.91769829662377,28.353095006590138,30.208179510675677,30.090386009322742,28.52599944192127,28.043285381400892,26.163243364497532,26.509683844321444,24.014947372502604,23.0688303457963,24.250274708681843,24.838842657349346,25.979664031320908,23.91231809053113,24.316750149292034,20.652535699042915,21.90283788743909,25.27676994531936,24.145735393707923,22.065125704467164,21.981809427073813,21.147340404491672,21.193214129160083,17.974404203393817,16.996089629717176,18.07802280852684,17.22708822967286,15.412784541999827,17.36702932594028,20.009147067914228,15.336616035216423,17.09169398836798,18.07300312102518,16.08865488447168,15.189037975425208,15.57966033134744,15.159692921577744,14.11016550905157,12.384262102454443,9.279464615861173,9.410392396795544,9.934907273037993,10.588781508282864,8.659239009452392,7.207062194903244,7.727511376833718,6.9367628947828734,7.946805303819701,8.39672607471232,8.992201239016936,8.312105451507648,7.095468717738527,7.048574850725117,6.348043867998456,5.664361049029139,6.558452933014564,5.259458383340927,2.8884528634087587,2.6422864571568425,3.5060780026477687,3.857676786605907,3.50941050491366,2.5188762430761926,1.8542542317517245,1.9154871450231212,1.3980191805323443,1.2222394127319944,3.133182772366581,2.701109898034588,2.8420452751727225,3.6617714198878275,3.1227600172073835,2.466107874263116,1.8630262320042448,0.7276765242227725,1.7833630648138978,3.449160358577501,0.43271695072695593,1.1784669302314228,1.9496614814604527,0.4014584092178666,-0.36454302626793833,0.44862993024185016,1.2815083304619748,2.007545544525442,1.6219599511331921,-0.2289682600494416,1.150265791962454,2.7200313154863807,3.549004288578999,0.6059153489343885,4.316648099658664,3.657256981704336,1.4971675863899918,3.3520148561055976,2.6120978901651597,2.614248655805909,2.3529831852274583,2.385439319516877,4.177476588291313,5.102058774811212,4.908492018027232,3.864331458402546,2.557566315863994,3.395216185623781,6.423430045809141,6.841798917838673,4.57482773156903,4.62996751002072,4.233846064825286,4.710472336414227,6.390995955115727,7.408812173960655,6.863441095161647,9.899629130831045,11.181531186425104,10.90073648017119,12.74779551448728,11.289722545468067,7.5749453493504575,7.485997018711657,5.304518775353131,5.406633514351768,7.461615455801109,8.284581784990905,8.530797866830596,10.570707681130557,9.570164510871791,9.237440015557809,7.328656460176035,7.144765508235309,10.827538402878872,8.830086004804855,7.17280935172289,5.747751664740406,8.841669803152627,7.428545393276522,7.669920212418106,6.886820158310513,4.113496680053913,3.0638270029101022,5.370968946650862,6.600239448493028,5.139128980822591,4.2581534790482465,5.481551509197175,6.022648125543526,4.04655006076905,4.868387859352993,6.236854893541647,6.4939668026487425,5.624866043708948,4.235299893110039,5.937362721003467,6.048745397838559,6.111472917125411,4.373044521015117,1.140956399105221,3.773210895485647,6.4749782089007795,2.5430724478833326,0.7994535578430941,1.7111312787106954,2.2664775751590014,3.885687971216555,2.3814138189515006,3.5567235623320244,4.158685651325754,1.3062859048371251,1.148752645824004,-0.8646371052593622,1.298035158728453,1.469203096633123,1.1518019464811005,0.314190383362984,-1.9944930035138668,-1.5542417364393941,0.006612253480511754,1.0146779592423627,0.36278751771277484,1.2958542631187129,0.6794579973145574,3.534482347647611,1.4537713227379072,-0.9438914808363279,-2.5640451216395377,-1.8298279562889093,-0.8293920198547653,-0.23824305828287606,-0.8809874932563844,-0.30046058902428285,0.07843103381571837,-0.041195030539995514,0.372666743715115,-1.3539713621255487,-0.5560162934881419,1.5017067678924718,-0.14670217742275327,0.07597805884711306,0.17964833999070606,1.7023162111520378,0.4484992092759512,0.358304300685063,1.4300354283363959,0.9796844876378259,0.6028452817749894,2.4101871995587203,1.8027848429529172,-0.41646247592541386,2.97132948218416,0.3684597240517178,2.985179840173828,3.962619069747916,1.0985225643909757,-0.22010100452632742,0.07475668037363903,0.5093580685935422,2.242045680285571,3.6379490940408914,3.121798494324537,3.223731416650196,2.7081380140393208,3.4386817987808627,5.647220592428084,3.3459768629005566,2.858726468473833,4.034452452357186,4.139648558215356,5.706951925096007,5.960771739019492,6.148801527420517,2.239193206031416,4.634515800313807,15.62738327782563,15.856417443454404,15.280581556927473,14.569378063815009,7.917179707800756,10.713456652583943,9.573783006473832,7.8779529978404526,9.439902964081512,9.400961032924783,10.421039593185583,7.9334265584270725,10.18250499151469,12.663969417830458,11.489113930443636,9.058843172432603,9.691693694605078,9.79467160086898,11.339906537681372,10.85851765054781,9.264527003717774,14.639466561916947,14.258623466933955,11.71936591614201,11.712108776755201,11.76201305850418,13.529523023736829,14.781832246880867,13.361938613474365,12.355239653918943,15.151758027266169,12.949620625793727,12.011772162540865,12.727193653241045,12.32113810580995,14.181576982006277,15.492104290771863,15.882143921719148,15.719246877359183,15.625662279020162,17.849766826496193,18.51899449490554,15.06931018923376,15.079834921551367,13.425739222388245,13.319838598666024,14.95718598426356,16.7064169654509,15.124337019498284,15.622883009674922,15.423102835644443,18.277109729313395,15.93048461855932,15.176200402376935,14.685615837884427,17.753379180204774,16.31225977449344,15.004040083145753,15.50327681623753,15.55502078890936,14.737664771833522,13.10567419893016,15.191631926837488,13.291394648110497,13.700237702156642,14.820765421509691,15.206276569460726,12.853549872536917,12.64220555421582,14.261280277229446,14.095549186183007,13.66735924174111,15.508272303607328,16.043525622561674,18.291525064572568,17.894820399068294,14.802935884684189,13.512177437838886,13.199238898954604,13.35047462247013,12.624631441728354,11.504368429243641,12.688438365770253,13.474164658969471,12.532435121486799,10.897386950973157,10.61402034964857,12.326486041322312,12.445108004808105,11.17177392767718,10.16216663970863,10.494636310535611,10.422153675605728,9.207606633793603,9.006856895274268,10.072017690868051,8.746235286256876,9.409184480936176,9.51716883844989,8.392091567361035,8.449788029984461,3.449384985753966,5.513960985843482,4.566307371254084,5.2692662011216385,5.381443238107977,3.489843376151157,2.4132824944823597,2.7826793948329964,2.2208654794030167,4.333490475640133,2.951667756092661,1.8733986876947597,2.4139572914321548,2.932013397044841,1.4549072471736508,3.478850861570834,4.085993614497454,3.5752203721739306,4.654045963314445,3.36726513254888,2.3536357821494676,2.96785786047451,0.9332529066903135,0.1544470948184653,0.9763130875861066,-1.5277455839349727,-0.3844536601326354,-0.7621528367915857,-0.33237009051921973,-0.8386463369850219,1.0982530154024346,0.45129034325512407,1.9951857258597272,0.6804404473739396,1.225164235014887,1.6320431639715025,1.0862277865255408,-0.048405311956571495,0.7149451499564634,1.2994517825178207,2.6082523344471724,2.0439351081126915,0.719949351112092,-0.18592483866279963,2.2724183703487313,0.7886299853244338,0.31934601569224697,1.2396594232673124,0.963176321523747,1.5095970603213686,1.3219007017960394,1.1881894481396387,1.4215287482602434,1.3532792203328654,0.7977877905750574,1.101231083860739,1.3330827644257113,0.03478599087483758,-0.8395727788781073,0.41987599065674885,-0.38500987279147125,1.5327195796047022,2.043407390497066,1.9803633682107318,-0.316083840301161,2.5555972168078256,1.3648610424893093,3.1690036810100253,1.280600581166226,1.0418289256352011,2.38069645751051,1.3689333498827807,2.2717204655071725,1.127492924776817,-0.7095184806497059,1.8480407074337961,3.5511672253726942,2.450662312208266,1.2341218958104605,-0.7728883703139786,0.49959706834368944,-1.238113499105225,0.6096488842642884,2.2691348907088695,4.073162514332637,4.158443565294931,4.108009026517095,3.194144225818178,2.25435014466953,1.6892835730576792,2.5718880628388945,2.9896638817067185,1.2252862110642297,1.4766826188950688,2.671577913935579,1.438929667409866,2.4272416921733964,1.8260332821888312,2.9133397240460113,4.538515701809672,3.14597786406992,2.8241548567371524,3.328192540420929,2.5597513858933496,2.6725209500525864,3.808517560188875,2.7874153573950764,3.972360391951298,3.8285797342242347,3.1679797448445868,3.1026830763896953,2.6321411662015066,1.5124274558067157,1.8332485463695605,0.48291013097539803,4.353257758447398,3.983552090450445,3.8263986902377667,3.3509585088400513,3.008798730859098,1.97687377904316,3.0974362371745485,2.423202968887324,4.330468408931267,3.0496527262984046,4.5557435280276195,4.228848965801944,2.414286696667574,3.616477348340311,1.7344946274200481,1.754890516554127,2.5826280798232517,2.8453111970300426,1.5587576010423447,2.8551635243767066,2.1885939401582277,2.0556855574799897,2.233149939817878,2.7543817946886406,3.362370332856443,1.743311276756657,4.923045398329805,1.4356225237008573,2.589658637080902,1.98487675685314,2.703329964700515,2.201735450458841,2.9334837176154167,1.6138669049526584,1.6539166039984252,1.1320073845423053,1.980136087505599,0.6460922872886385,2.5544109657468255,1.6352117569231837,1.6734571790680945,2.4482349531216983,3.5140537752564853,3.3316873556105406,2.040330073424343,2.2979748028945437,2.9590558645754186,1.5955366460986795,3.7110971581358285,2.9313502352030696,1.492137832894457,1.3287034691375936,2.3936397558105114,1.377606798873984,0.908749206135667,3.7182082738144686,3.6018529904574734,3.5275948194706643,2.566326431457412,2.1273343093009203,3.0063182534702264,3.11683673841992,3.1350059213710892,1.1699403050877208,1.9979751481692176,1.1443011830411933,0.6959680731912385,2.149098243653384,1.0208864375600513,1.3220116802042412,1.1356168840481473,2.4089042775948712,0.8331555656296814,2.2479218653676583,3.1917898552396196,2.865333293571638,2.678293099979612,2.1035507766867454,2.8725935151179556,0.43233188032778,0.7454537380016006,2.5317880238732755,1.5320071049904413,-0.06009190477814741,-0.24413245492041824,0.41295608143033746,-0.21597969237703296,0.24562993024147772,1.023264264772223,0.41106715291977025,1.4864770117965804,1.590771939088114,1.6433854014102565,1.7882685285671727,2.170791353407509,0.6074586786833578,0.5025894211224653,1.5204816847536335,1.8496110746161776,1.5264678752442506,2.636858592460868,1.6540331219227085,0.9802877264598919,2.503239548421135,1.5825591599583788,1.3186242803605381,2.7463446361879846,1.7148159183301033,1.3389492779049874,1.949392083709327,1.9014421443752951,1.0864230745723233,0.9600961650366173,0.39285730245198636,-0.8115557425270907,0.8506374860777441,1.2299814600918495,0.3771090672534143,0.4194047812869286,1.477317918576972,1.1848628170443476,2.164243364143374,1.7318161608736062,0.6244316713999325,0.8244541027213046,0.2094807536903005,0.2744336698156076,1.770788525560306,-0.10437661506398399,-0.0896528104367178,0.7715908616566338,1.4632994434152238,1.5432856977309513,1.2803836645054787,0.32430186310101305,-0.3126948576390731,-0.5895025699734902,-0.7810924365170706,0.2843628187298748,0.3686029897384486,0.4098967727073983,0.9762888279518052,-0.08532948448034006,1.1456559371855803,0.8967753226891659,1.3827566631811123,0.8957738440212779,0.6426429462782437,1.07807424855244,0.9967666736761487,0.5222917173383195,1.6539150504535343,0.9278590788163967,2.056966526228635,0.5942747258543903,0.5200974164893353,0.5259833238882834,1.2641897399604716,1.6813159450323383,2.2983095427183855,-0.07519337183055086,0.27734156524056175,2.450241820599558,0.5809561710706532,1.7276255923014787,1.3739281112191009,1.9218841723198068,1.7649310138595524,1.4358489436245634,1.1401552144900506,0.026459281937690093,1.6460728189765632,0.8543541268291506,0.6245049700404195,1.2414259412940112,1.50110308107719,0.7818816196994192,0.47239106118809104,1.8187361121440802,0.6086397790972171,2.0270340541839573,1.6153953633058507,1.136467629856213,1.0253350087552917,1.3762993757491984,0.6977402628394884,2.2053734901791984,1.430115613811239,1.695088779788108,1.137875745545216,1.5273457201029146,0.9891869515259089,0.3420196640506106,0.9963295225454658,-0.7476197051160511,0.7826738084863223,-0.42868097634681135,0.7764207940975609,1.1699874484311295,0.8309272620375339,0.30737141576258864,0.2683006167343649,0.9111608123398582,1.7657190901281865,0.8643440700674887,1.1032957971165303,1.1840786756004178,0.9156951684599335,1.1189121465951644,0.24854485125075598,1.1945432994754555,0.04253619440092393,-0.20363498967032,2.2741259780525667,1.292498276964281,3.099832001624975,0.860965764805826,1.1576232452713668,1.3838983359823942,0.9665538815200989,1.9594964479391734,1.245112271484487,1.5721165855665973,1.9537317927859306,1.581162468853563,2.041132250699036,0.3684771049285871,0.34522517684777654,0.671285586877417,1.6876311111012399,1.7096988749782724,2.018883476805854,1.6109195538723213,2.096440223218252,1.3027837630579597,1.683074069598348,1.4658446072543825,0.7025733132467167,1.8863654806530974,1.128265327655356,1.5127971084079945,1.6308059176082637,1.8938268537029046,1.74009391822009,1.571101573940183,1.2526652461087409,1.7562177260545013,0.6615100086971566,1.5440433405806075,0.9135001154766655,1.145887951170664,0.09690874055283416,1.7308076579207636,1.1713223605568999,1.5057676031707459,1.9644710238278336,1.1842389918529364,1.1522766974576157,1.6161537449001742,0.8132505668147303,0.9969882362219309,1.6972274115653363,1.5497208329862247,1.0735371109421692,0.9230863452056894,2.1171584110080843,1.6672608341920423,1.6486178173119868,1.0536210597707054,1.2104622670075287,0.5186602485723597,0.49429939731450645,1.781630252947707,1.4681673133239599,0.5696170368041749,0.17216989630935586,2.614747631041098,1.485062703950831,1.2409139864369934,0.5018395507571256,0.8220582837979578,2.2812559412076325,1.2122538775807925,1.6794978226580781,0.3614394274349664,1.2108717582092083,0.7407303622245252,1.0938983279909351,0.3892222624747035,1.9553455687697365,0.7831926474247268,0.5861570332877193,1.4710228384049913,-0.10284867432028477,0.9087272193112312,0.6327914863100617,0.44015941687655413,1.2819990211349364,1.672836572078097,1.1053399991670005,0.2515593887976877,2.061987099644824,0.7609916554126599,1.2650075662336917,0.7852957737094641,1.8271081818079153,0.025735831055300196,1.5322586112494037,0.43264334198744336,1.4079570924728273,-0.037429888699165303,1.1445651222378217,1.2896572081315298,1.329798519990284,0.975249948264775,1.2868276703477193,0.8916662780696853,0.8644481471761978,1.083051517615111,1.8014073993348347,1.0730911641933858,1.108893122316168,2.474656424517633,1.473792012334144,2.27634876343015,1.0754409751074263,1.516918617911731,2.163799218419001,1.6555047230463344,1.7875275710596554,1.2769413044847475,2.335585521946232,2.682963421181114,1.2256564423200587,1.1555832053174413,1.1436050786558383,1.2248525718513044,1.4012052713436027,1.543069099827477,1.659981385897563,2.5760163521814263,1.313314766734262,2.286518971064396,1.909403331720739,2.2627398961461154,2.304253645843005,1.9206129700731367,2.4736504411248426,2.6404488359536913,2.1356330272900017,1.9448485131012774,0.09742649087781174,2.872999324709074,1.2678131384731728,1.1548990470686533,1.3952870010149887,2.7003238366846176,1.9438299295100592,0.6961223483923504,1.8025862509308013,1.8564323476709603,1.6131159656524972,1.7605911781567691,2.219893714780369,0.9986966260090107,1.8875287278879398,0.6333758746542344,1.8707683637501304,1.0558859806718317,0.8445333390974383,0.8628404170871704,1.956078114717826,0.5044865756159709,1.3957920911844042,0.09648104947188685,2.1707226518289247,-0.4079720979086119,0.8342890567497534,1.251245169396924,1.3508481618569057,0.8752054857365579,1.0550127906879254,1.2363850266599208,0.639632136976843,0.649114997232914,0.2739960548011311,-0.13533382274946248,0.8158010253073655,1.4981689843902224,0.5713757911991593,1.118689218286221,0.6187608159048068,-0.141127987936585,0.8420462841004905,0.765880955251987,0.07906999001329496,0.9860674691625491,1.526143444574899,0.34575323328812146,1.5114226479191473,0.8864952460506856,-0.03955069344033291,-0.006510776407990804,0.6512496229332498,0.00972267010652672,1.1703874116158506,0.6440980837276413,1.97340131055239,1.1211746530725861,2.075655582352425,1.17192517682102,0.4254060279228593,1.4562235594338517,1.104004647950548,-0.146298314847229,1.6007922742801952,0.8092416806098868,1.235023409303352,0.5268902348784916,0.15675497985967013,0.9261736635939712,1.104103794269605,1.3200956295595194,0.6483223101954536,0.6738497129416601,0.6454599659530782,0.7003065975899574,1.2441998023185477,0.926613492415953,0.38351265904745446,0.8501015500821705,0.37209024204227603,1.0324497356561153,0.4196136409275102,1.0712971571199716,-0.4919983798755254,1.4240630594224797,0.7616327390490198,1.5522820992360948,0.717991019982632,0.480229201034831,0.04361103047151005,-0.1803905167027171,0.8970161031535326,0.39862270892780316,1.240782965230892,0.3614121194309803,0.11834716981815063,0.5435784064829932,0.23717128773515128,0.6107079793063122,0.823182351116202,-0.10876961421900155,-0.16287675486577768,0.02183536967183386,1.216548653434387,0.2172147712989272,0.9212829266340332,-0.10797280877648063,0.607528864364042,0.6097788912483946,0.1562451460624743,1.2526731061988698,-0.6808007257723139,0.8671131722878727,-0.275366749748998,0.8850693858644831,0.9459521891407405,0.4354929333855466,0.3973690105359253,0.484228411069239,1.2442631378502256,-0.02042288263351022,1.0098584755625932,1.2180975806696495,0.27914337302874515,1.2491699160745497,1.5300581850247301,1.3394973263836238,0.9254078094800207,0.755238167934948,1.2311645115909755,1.3980821435656026,1.2219034138121856,1.947248990422823,1.1374859860715398,1.1147579834412227,0.4300097019238649,2.153352695846733,0.22746613019228334,0.722200947863171,1.0511809571989668,-0.0245513205856005,0.7677810162322487,1.1610796050787826,1.300105518931189,1.1488126010112296,0.8415713965004263,1.3552987987114866,1.0480365900969852,1.9997092377091121,0.7975266987363625,0.5631745337717291,1.459543629844518,0.3243171074004758,0.2848312421700152,0.3094333248151875,0.33620528624646795,0.3624188228788796,0.38788237118842517,0.41259268208673916,0.4365598191375568,0.4597947583197879,0.4823084319561133,0.5041117263897945,0.5252154797333333,0.5456304796878442,0.5653674614331123,0.5844371055856357,0.6028500362253908,0.6206168189885943,0.6377479592262887,0.6542539002279,0.6701450215079205,0.6854316371554319,0.7001239942448763,0.7142322713074236,0.7277665768617965,0.7407369480034731,0.7531533490512174,0.7650256702501679,0.7763637265300929,0.7871772563181025,0.7974759204050201,0.8072693008636236,0.8165669000191542,0.8253781394699615,0.8337123591571753,0.841578816484315,0.8489866854836521,0.8559450560296682,0.8624629330981577,0.8685492360703506,0.8742127980811176,0.8794623654102338,0.8843065969161046,0.8887540635109872,0.8928132476764858,0.8964925430186383,0.8998002538622529,0.9027445948827904,0.905333690775592,0.9075755759615447,0.9094781943281305,0.9110493990052078,0.9122969521748701,0.9132285249141603,0.9138516970704131,0.9141739571680887,0.9142027023465857,0.9139452383276989,0.9134087794130323,0.912600448509636,0.9115272771836089,0.9101962057410731,0.9086140833355216,0.9067876681008045,0.9047236273094654,0.9024285375552665,0.8999088849595864,0.8971710654007836,0.8942213847664107,0.8910660592266026,0.8877112155295777,0.8841628913169473,0.8804270354592347,0.8765095084105212,0.8724160825821059,0.8681524427343277,0.8637241863858662,0.8591368242402098,0.8543957806283515,0.8495063939673742,0.8444739172348648,0.8393035184578537,0.8340002812157365,0.8285692051575779,0.8230152065325171,0.8173431187326798,0.8115576928486803,0.8056635982370324,0.799665423097963,0.7935676750656455,0.7873747818075003,0.7810910916342664,0.7747208741190548,0.7682683207258094,0.761737545446266,0.7551325854451818,0.748457401713523,0.7417158797289005,0.7349118301231954,0.7280489893567506,0.721131020398559,0.7141615134128472,0.7071439864507738,0.7000818861474727,0.6929785884235287,0.6858373991913709,0.678661555065645,0.6714542240771948,0.6642185063908244,0.6569574350259586,0.6496739765802033,0.6423710319553777,0.6350514370861617,0.6277179636699657,0.620373319899187,0.6130201511944051,0.6056610409387417,0.5982985112131303,0.5909350235324098,0.5835729795816178,0.5762147219519989,0.5688625348775815,0.5615186449708176,0.5541852219578516,0.5468643794127672,0.5395581754910665,0.5322686136618131,0.5249976434379846,0.5177471611058309,0.5105190104517305,0.5033149834875417,0.4961368211730246,0.48898621413633236,0.4818648033918862,0.47477418105546576,0.4677158910562582,0.4606914298460083,0.45370224710492835,0.4467497464439134,0.43983528610354483,0.4329601796493989,0.4261256966634335,0.4193330634316794,0.41258346362738507,0.4058780389906076,0.39921789000266017,0.39260407655748963,0.3860376186270571,0.3795194969231659,0.3730506535538609,0.36663199267511004,0.36026438113796644,0.3539486491300181,0.3476855908125458,0.34147596495179755,0.3353204955454885,0.3292198724437867,0.32317475196447276,0.31718575750360856,0.3112534801396407,0.305378479232445,0.2995612830165726,0.2938023891885564,0.2881022654889307,0.2824613502778277,0.27688005310548647,0.27135875527594067,0.2658978104049652,0.26049754497273625,0.25515825886949983,0.24988022593583992,0.2446636944964382,0.2395088878880074,0.2344160049808579,0.22938522069429723,0.22441668650611746,0.2195105309557448,0.2146668601408237,0.2098857582079745,0.2051672878370141,0.20051149071917962,0.1959183880290709,0.19138798089002762,0.18692025083356612,0.18251516025233627,0.17817265284688233,0.17389265406612253,0.16967507154160444,0.16551979551562113,0.1614266992630462,0.15739563950648972,0.15342645682596867,0.1495189760618132,0.14567300671168937,0.1418883433213125,0.13816476586887916,0.13450204014367273,0.1308999181185584,0.12735813831625364,0.12387642616954508,0.12045449437539446,0.11709204324310463,0.11378876103646007,0.11054432431006944,0.10735839823962579,0.10423063694645407,0.10116068381597643,0.09814817181060675,0.09519272377661991,0.09229395274556396,0.08945146222947642,0.08666484651104156,0.08393369092786429,0.0812575721510882,0.07863605845849975,0.0760687100021471,0.07355507907027459,0.0710947103444255,0.06868714115068997,0.06633190170555281,0.06402851535665377,0.06177649881846037,0.05957536240242689,0.057424610242492236,0.05532374051517763,0.053272245654312655,0.051269612561412714,0.049315322810798534,0.047408852849741834,0.04554967419394984,0.04373725361824654,0.04197105334245066,0.040250531212535634,0.03857514087744107,0.03694433196088198,0.03535755022906528,0.03381423775348935,0.03231383306987823,0.030855771332824133,0.029439484465257237,0.028064401304447983,0.026729947743916682,0.025435546870681947,0.02418061909872904,0.022964582298442338,0.02178685192208718,0.020646841125682158,0.019543960886267087,0.01847762011638565,0.017447225774219532,0.016452182969999285,0.015491895069260408,0.014565763792518283,0.01367318931076511,0.012813570338636282,0.011986304223313482,0.011190787030699312,0.010426413628067621,0.009692577763445342,0.008988672142379528,0.008314088501151673,0.007668217676922495,0.00705044967548929,0.006460173735774788,0.005896778391530688,0.005359651530625342,0.004848180451233475,0.0043617519154679485,0.0038997522004535767,0.0034615671471840415,0.003046582206621906,0.002654182483382783,0.002283752777287873,0.0019346776228701401,0.0016063413264362225,0.0012981280008546037,0.0010094215985247956,0.0007396059418738332,0.0004880548601988721,0.0002541348605689109,3.720761853287513e-05,-0.00016336770642055853,-0.0003482323230628026,-0.0005180258229131596,-0.0006733843497954695,-0.0008149389191771661,-0.000943313879957941,-0.0010591255131942034,-0.0011629807608812825,-0.0012554760798764164,-0.0013371964133170877,-0.0014087142751861848,-0.001470588941231199,-0.0015233657407236478,-0.0015675754440849232,-0.0016037337404100072,-0.0016323407997731465,-0.0016538809151711575,-0.0016688222193295132,-0.0016776164715395225,-0.0016806989097233327,-0.0016784881632929682,-0.0016713862227106802,-0.001659778461572614,-0.0016440337065546373,-0.0016245043525771052,-0.0016015265186126726,-0.0015754202409539175,-0.0015464897011270295,-0.001515023483477762,-0.0014812948621738542,-0.0014455621126501228,-0.0014080688453645962,-0.0013690443600467006,-0.0013287040162595076,-0.0012872496203328865,-0.0012448698240632439,-0.0012017405352935384,-0.001158025337701929,-0.0011138759177242719,-0.0010694324972178038,-0.0010248242707007194,-0.0009801698453486551,-0.0009355776823554152,-0.0008911465393453,-0.0008469659117054107,-0.000803116472354759,-0.0007596705092112188,-0.0007166923593615593,-0.0006742388393092824,-0.000632359670163396,-0.000591097898109183,-0.0005504903090240987,-0.0005105678372387956,-0.0004713559670790346,-0.0004328751283253496,-0.00039514108425464656,-0.00035816531280374875,-0.0003219553798317065,-0.0002865153055324754,-0.0002518459226905634,-0.0002179452274333471,-0.00018480872273585192,-0.00015242975379692325,-0.00012079983613944023,-8.991047008066744e-05,-5.975314388706465e-05,-3.0319336985940026e-05,-1.6005226086690527e-06,2.6411828855543718e-05,5.372624710275886e-05,8.03512592426614e-05,0.00010629538689954643,0.00013156714351225673,0.0001561750320036026,0.00018012754227925143,0.00020343314841397842,0.00022610030649161672,0.00024813745224605555,0.00026955299873065997,0.0002903553340729559,0.00031055281937142354,0.0003301537865638693,0.00034916653646632767,0.00036759933678354173,0.0003854604204605039,0.0004027579836076711,0.00041950018385250587,0.00043569513846364316,0.0004513509226740098,0.00046647556837342563,0.00048107706209066237,0.0004951633436292013,0.0005087423044756179,0.0005218217864353392,0.0005344095805241977,0.0005465134253768156,0.0005581410061665792,0.0005692999533550847,0.0005799978415836904,0.000590242188565071,0.0006000404539747706,0.000609400038598551,0.0006183282830818371,0.0006268324672475956,0.00063491980901631,0.0006425974634396425,0.0006498725221604218,0.0006567520124747261,0.0006632428966213411,0.0006693520711849033,0.0006750863664422013,0.0006804525456232113,0.0006854573046553014,0.000690107271253737,0.0006944090044385121,0.000698368993994336,0.0007019936604990562,0.0007052893544710059,0.000708262356170053,0.0007109188753702256,0.0007132650510754956,0.0007153069511502963,0.0007170505721774134,0.0007185018392874554,0.0007196666058746359,0.0007205506533409789,0.0007211596911531615,0.0007214993568140926,0.0007215752154365873,0.000721392760198114,0.0007209574119713125,0.0007202745194376803,0.0007193493593433686,0.000718187136214965,0.0007167929827573971,0.0007151719597402462,0.0007133290564240724,0.0007112691905035717,0.0007089972084486362,0.0007065178854759324,0.0007038359258615401,0.000700955963168326,0.0006978825607006911,0.0006946202114477273,0.0006911733387937602,0.0006875462965183488,0.000683743369449985,0.0006797687736934677,0.0006756266568288538,0.0006713210987072671,0.0006668561112519455,0.0006622356395382667,0.0006574635618790126,0.0006525436903075388,0.0006474797709472568,0.0006422754846937551,0.0006369344476127026,0.0006314602114798618,0.0006258562645200527,0.0006201260316913704,0.0006142728751967752,0.0006083000954504314,0.0006022109315040325,0.0005960085613310184,0.0005896961027360703,0.0005832766140656531,0.0005767530945774979,0.0005701284851511446,0.0005634056691405931,0.0005565874727722075,0.0005496766659689456,0.0005426759630324796,0.0005355880233821608,0.0005284154520950324,0.0005211608007300583,0.0005138265676976062,0.0005064151995384236,0.0004989290912646993,0.0004913705871558705,0.00048374198161127424,0.00047604551991753397,0.0004682833991580537,0.0004604577687530309,0.0004525707312268423,0.000444624342918587,0.0004366206149768459,0.0004285615140702248,0.0004204489632968489,0.000412284842752797,0.0004040709906121265,0.00039580920352477733,0.0003875012378387055,0.00037914881025358227,0.0003707535986734456,0.00036231724311619473,0.00035384134656624155,0.0003453274757703184,0.000336777162033286,0.00032819190207078464,0.00031957315891872895,0.0003109223627859592,0.0003022409118500491,0.0002935301730531137,0.0002847914833239429,0.00027602615023170074,0.00026723545286699846,0.0002584206426945457,0.0002495829444626452,0.00024072355708426585,0.00023184365431916376,0.00022294438602443734,0.00021402687860927472,0.0002050922363423524,0.000196141542062378,0.00018717585797389802,0.00017819622667047952,0.00016920367181683105,0.00016019919931409277,0.00015118379795353576,0.00014215844066711725,0.00013312408529486675,0.00012408167540911563,0.00011503214102503989,0.0001059763997943719,9.691535774436488e-05,8.784991030097444e-05,7.878094319835327e-05,6.970933335992413e-05,6.0635949921561405e-05,5.156165474318186e-05,4.2487303772986706e-05,3.341374764431748e-05,2.4341416263951032e-05,1.5270408624701304e-05,6.200582788551401e-06,-2.8683543860097416e-06,-1.1936757516650687e-05,-2.10049526003786e-05
19.618463594882826,18.467895466022412,15.993839047190704,15.026093996548525,15.354510863107635,11.47276559756682,8.947194968689814,7.80958869952633,2.897247093015608,1.7724147394978331,3.3683686544317766,2.9329913889255863,1.510002559594227,-1.2331602485278381,-3.0392158514063112,-0.6973186106266667,0.24080344069648163,-1.6124472919402706,-2.881667938840053,-0.01007370028042942,3.522008859395214,3.981262552917144,1.9640817548768723,2.2423365159590958,2.7713073349712545,0.4210999259402115,-0.09259921955003847,1.4980203714116556,2.8412632525316894,2.4044951070108596,2.9574800155647836,4.114250617287325,3.9040003883372947,3.2334858700104405,5.006838701484298,7.3960124642126175,5.515282016308902,4.753762784879427,6.495747868158105,6.763286236659269,1.7557943753851077,0.9799390695708325,4.220829311685748,1.2458738008921273,0.08822788458166997,2.7279461996220107,4.901675170932094,3.528250892043161,2.454060235850079,3.194007788828685,3.8162205482991567,5.369904293743048,5.838712665207822,4.587585386843557,5.076554372367696,5.490504592362981,6.000282423820181,7.664429007179024,7.031353046913978,8.995531816994117,14.188441399971907,14.253886080408847,10.538488548241276,8.48683149379849,10.360513155123272,10.508899476263196,7.978804095683472,6.975669972052856,10.374494930222681,8.444929417789353,6.361530071462539,9.73525405064629,9.736567155935745,7.204635386274958,7.084214587264341,11.004447091072052,12.063102451131954,9.81089101496491,7.795775341749959,8.385541228327384,8.328710996647487,6.942592751200095,6.109374134697873,6.8540643612193435,6.55677457296747,5.4543657150206855,5.905890459592456,5.6581572811153364,4.664394961871267,3.5071652144197287,2.6947494997241392,6.304703830375729,8.35153463308427,4.243241356432918,4.01587437166404,3.9468776686646834,2.5656479607346228,3.05557326570397,1.8367967159326781,0.7363825249415186,2.5899396444474405,5.7615193353409495,3.9724724042066555,2.098995272883485,4.185130645650361,1.8808780481372196,2.863153091366712,3.9513882881176414,-2.0230822796772827,-0.541241819755669,1.5169596722532788,-0.5602705855171735,0.3599400007146869,1.5725789464083846,0.23676947321780517,-0.6576768778993483,4.558983050963434,4.800578518556563,2.0928768042956563,4.322362480975244,6.270539443352845,6.300515157855216,6.811834452136964,9.217591328488425,8.677094928328756,8.637678373662311,10.852826262533767,11.442660512813859,10.192524125059094,8.092226728997503,6.442245880417204,5.990323950883521,5.055796906018259,3.8022383936612414,2.891512571697035,1.6419163232553728,2.5616876485644298,4.229010672723575,4.113304616225605,5.402921382131353,7.781024473889943,9.542837401533234,9.688661021991265,8.63658088244108,8.539972088537297,9.81453798383859,10.861637796188234,12.06560096338194,10.835536110488647,8.492843136486954,10.394565388051092,9.95127319460255,7.525196002356324,7.891648199899919,11.418045474082987,11.249634753840041,9.18064864270741,9.660469986445605,9.637748290874924,9.016088150456653,8.50420794197089,8.839328558557781,10.819216917936615,12.461731827331505,9.163026910482245,4.429178861361379,15.26461550842032,18.67980671766145,11.274759402843756,11.593204195683938,12.04239599104767,13.313218895573414,15.354063135879414,14.335302470542729,12.319460001641005,13.64719460475203,16.19212290788346,14.555887518072836,13.97812991142689,11.073001827213488,7.521242962356155,10.272024523665777,10.255657102547275,10.114364325703036,10.198986958332625,5.434400398730531,6.048213400292525,6.070036126098785,3.9765606539401688,7.759309997572245,5.000749155906874,6.388139715206762,12.998269128846914,7.90218690670099,5.81937875881556,5.8888852690813565,5.205251810544269,7.799790745487371,5.844072704730934,7.457726621147344,13.51929197601487,12.135212778276355,11.90363090369533,10.903766116077009,7.927910719331976,8.304366669181718,9.276596261368695,10.266100511980994,10.183026970384049,7.814475284333298,7.700656876250491,6.788520668359524,5.635915691725359,8.095245962623153,6.9362733321743235,3.8594839396321277,3.021356882966188,4.255067651541594,3.6603929950877045,4.7736326753278036,5.502546048883005,1.651071194230326,1.143323862248053,4.9276505957384416,7.889043330984464,6.164812847441226,3.722286225503467,6.078472546271996,8.367568018619068,7.101514825601271,11.120684489299492,10.70831891539342,7.974929405306739,9.338460271662939,9.856930713185875,7.868266221315935,7.7499420830502,9.537330747778356,6.829585628176801,4.4295334995949815,4.225754848955489,6.080584603039711,8.202975918397442,4.084657222426472,3.3106178409768745,6.247584972683171,5.042986168711877,8.561411441408382,8.331695904287926,7.4518876819126945,13.11946033520644,13.180202109591846,11.870647008857759,12.00722273830479,13.92253013257482,17.9627796654313,13.476438719166026,26.984946512605347,45.969640819275355,19.81316286655158,11.424943718438954,14.58233237950185,12.577081008685127,14.963208373106454,15.11437309545704,13.376278200544448,13.130574908770313,14.353578630252287,13.01537787611278,11.272216948678988,11.57642039170878,14.448365820957179,17.14854199922479,12.488949916350975,9.679538066070563,12.102861115098904,11.623040145009782,10.70227852318476,8.668928357045502,8.54543248066068,11.502670361206128,9.758639751939313,8.08694028319428,8.559632523504206,7.814389025676974,3.8683370529635113,3.2614302356134885,5.1848669342302856,6.820750944993279,7.690052733095172,7.873434464466527,9.565449137594669,8.00660843628009,3.0822595135598476,4.91187958118519,3.1053019879935846,1.064046603353745,2.406246755635266,2.9137929910222056,5.285445732261223,2.269525657594386,-1.7010767707802188,0.7876688191010999,1.796904366425224,0.6560212433304287,-0.004930178047288791,0.3683557799195114,0.7845915819482343,3.1697870192022037,1.8861090309480915,0.19452795041138415,1.600215582363262,-2.0651792370967996,-0.3838872264223028,2.0073159115206636,-0.14308781940110293,-1.6353837058957197,-2.310443997008406,0.2776184125771124,2.830206665634705,0.9071223146770535,-1.8908787809602927,0.2870812176581694,3.1332074629179942,2.664290039434036,1.354394109125451,1.5881680635761768,3.071427151118087,5.840003551110385,8.582866342800116,8.549530896435044,7.807565923194261,6.5760895722730766,4.628235325391074,3.9318381550967842,6.86269155548996,7.421710697799313,8.171516609953414,9.146226159740877,5.631115065767062,4.773335573421036,5.212776181386062,3.0088805750751817,1.163840942060915,5.271401903402648,4.145583842682527,5.337833374154343,8.941283709232948,6.817683248206322,4.2676222706710405,6.328262640080993,7.129356125159234,4.211603568833198,3.3801704331262954,5.540990801870294,4.884361213848933,2.331595720153132,3.455008860000362,8.397044333979466,8.426427235459869,6.90496043138819,9.475940086692844,12.649605035181594,8.777806932599788,7.513543630669801,11.087204681458275,12.786551932552925,9.503716240007975,7.9485762046599575,7.677139848067782,6.204887053182119,6.424250060239956,10.003966641333136,9.833538086284761,8.256200036083328,6.303602675707907,6.268686868423515,9.596736597134964,11.15155328428466,11.209474013735303,8.361165808881424,6.864347794826699,10.528923319151545,9.51159680081446,8.347611644943981,10.326604836759316,12.566337526718144,12.514281746680467,13.071216377341216,10.24497471203017,8.008720768204512,9.47660874976259,10.232274481605145,7.771584286284792,7.801401998282586,8.598414893671361,8.079263081664749,8.537661006947928,9.494251017216584,10.194406051713372,8.694594291662042,7.279493348064534,8.342727716369154,7.27621217970011,9.849912444720985,8.894035189693113,4.3799604242925625,4.954909553948141,6.740712921092722,6.689522638293056,5.543468171388554,5.143372164922539,5.572610420028695,5.270332149285537,4.901394015822461,7.075720515111357,9.29526446107775,8.081692315544387,6.5447433412758755,8.658718981149605,9.343354593880349,7.810804105905163,7.089931935106847,7.016974765163013,6.465155875445589,6.812580656129057,7.103247405559955,6.904774346295312,7.169361510098952,6.179286363257006,4.941801241057419,6.840134423358904,8.067267113809294,5.18001039844944,4.981146236280665,2.8979677870536307,3.6531168334977338,4.295040532608482,0.3367242502881709,-1.1107025458147746,2.9159403595257345,5.212729919678509,2.6112042221999445,1.8495170443105735,5.5246475857045425,2.0117731033119526,2.912449696129329,3.001939316663652,2.3539045050829372,3.926895196673854,-0.1889471117923449,2.605368781422385,4.709983409569759,1.3336918305216159,-0.2759540446304527,3.4200404329303637,2.225260046309586,1.7852081819207797,2.430202456777238,1.1071984929648124,0.45413067345521085,4.504074872063143,4.83173289375236,3.1144672258918717,2.7298962203340125,3.6044660424840913,4.731822291789285,5.998798683812311,4.709708929684211,3.2902650664372004,1.3967084452890504,0.18509698296179522,2.6238053510384134,0.7903390619669608,3.490108639252412,5.668966421897039,3.083555415517253,1.5285429611766403,2.9975707009584767,4.013515963935333,7.5413334161411285,6.683245388665,3.362518380337633,5.731544198227766,4.761012652995987,6.404340032929781,4.263745861152756,0.5571106414483893,1.4374951152881295,3.7295297926507374,4.405183906953198,7.254053271783732,8.348753279743846,8.234249672248097,7.719118195679812,4.25188738627844,3.808428758371633,4.1989029518799725,5.828929210255751,5.0711063375299545,3.2099588243721655,6.36027188480989,5.166981779062212,4.478271201634016,2.997363834237831,-0.12561767517831868,-0.2392692401211889,2.2051533367042566,-1.2224852145781142,3.128856373452436,4.045424341913986,2.705859638570246,4.354476634767593,0.8618101343912485,0.13965427150378673,2.6866561213304294,3.941282081069062,2.517352283157493,1.5882567784059347,3.182426869795677,3.7062233889819254,0.9785434704712088,3.211533389866645,1.5967704772602929,-1.9821516568456445,2.3231431532167335,0.7676669073553057,2.012620338006627,0.06350341724748887,-0.5644184591076282,-0.2695151555006987,-2.4016890345678803,0.5003784709726915,2.247639080124827,0.007550809510917134,-2.1604607755738243,-0.9155980402758814,-0.6622201838363253,-3.176930759045149,0.6820692333819807,-1.0098570408127898,1.1614596682496767,1.2216488033457154,-1.9029645081125182,0.40791446568448464,0.2877218544883817,-2.03501347930262,-0.4758667059692243,2.0968483617787115,1.5604891262181582,-0.060309388027803834,1.692803507928602,5.129375389099209,1.418939012778992,0.7355432248875786,3.4449481552314865,1.6195178639701453,-1.779834128545076,0.7657889345236981,0.24362418427710963,-1.3717866372614935,0.8680972110051925,3.0407973360186134,0.7512400430670141,-0.798175522110455,3.1545810587582537,3.125820566819357,2.79353559666788,1.6737921607855242,1.1107809923008745,1.1648791804001348,0.2683509102231483,2.2243708949531538,5.155205617813067,4.804825441151593,3.6044560711717395,2.0488603312500118,0.7444950202549308,1.321010091543826,0.9493151896497238,0.003322756692114126,-1.1462286882659782,-0.6387934975876988,0.12214723809063344,-0.017308493905716205,1.2172820080961628,3.43886259368594,2.5656748422870805,5.610747587093556,6.971386748481564,4.852575908408767,5.767525490756725,9.211806273993034,8.17860808873877,7.406664278029098,8.296755706880731,9.02175722620791,10.206080943186521,10.370256226878496,8.640280175738894,8.453672288696907,10.78902786080971,13.219423763642567,13.640628660951961,14.12944016798906,16.663167231254874,19.395814161650833,20.58599786157322,21.80526053993117,23.351521741565193,25.871026467508727,27.086982715673912,26.913269724995985,27.627777697586453,29.72360410516785,29.648311430122135,27.379671584814787,32.22687441521771,32.75301327933539,35.43200594920404,37.52695149187082,37.49448791165116,38.070058053915204,36.985622010677844,36.510550617729905,34.09286091464321,30.03450916102895,30.88506783611797,31.834304169596408,32.15682116983146,32.48232120082196,30.66749315697882,32.82884934463664,29.527601151818544,30.456609515693685,32.46363964723366,34.49685654378072,32.647488362562854,28.624740768154197,29.94689819162943,30.464395521901793,27.560745707882347,24.61976382782393,25.34807714531098,27.745950598670106,26.058275497670706,24.803866158736696,26.343636343245976,23.833541277502036,23.287382674538776,18.59139638747331,20.410746604746805,20.47413325331729,20.7460940628182,20.2379176451567,18.394545322787508,19.183194226403998,17.10214654177696,17.454125895732318,16.597152056444088,18.229819218549324,18.15820282712525,14.699301797236444,15.183418892189366,17.227354428797867,14.226837869596693,13.617025665322217,13.720401945589856,13.538831802531263,10.729635499206324,9.917295030729406,7.331088682532936,8.208411424100973,11.814123312120842,9.284665613689413,7.84607802386563,7.381076555336563,6.304969209618889,5.74931080871454,7.1241589620982495,7.5161454113447235,6.723571107487828,4.975461347603414,4.249681088440866,5.939683168110264,5.225296952878239,6.177769672074874,5.5708016457815575,3.5239177716144923,3.185267878392324,3.675657692540767,2.7762930125849152,1.1773148163579208,1.0598916360958128,1.7540566323966686,1.2151480356502589,1.0806328070910922,-1.2480451627799312,2.633487595975339,1.8483669089413297,-2.459275567895588,-0.2007893204171296,2.5770635006036855,3.1035847439280815,5.712140942016049,2.2780905044696738,0.41385181655221004,2.6539011411853153,2.2485350124070465,3.194021378552293,6.683039095914637,2.56360117404256,-0.5020710614446671,0.9041638688686362,-0.2490104757238214,2.0226533384999357,3.937536069840121,2.1279587040189654,3.705550915036497,2.4823816172223587,3.362926580912813,3.181165722738001,2.4811005956917143,4.301178235432076,5.9036003123194405,7.818207226753088,10.555185468459399,8.671961956282303,7.875620756671083,11.22187788138001,12.38320880850722,9.30283984708808,8.047958470181015,9.442037841653814,11.182268582297525,10.174214392137628,9.789990587346779,11.537270548707852,9.723775506129982,6.076537059232919,6.255508198539474,10.572374705356879,6.139786090910206,7.454301941999347,11.351409454102281,7.652190780391493,7.009453013117309,10.858961463685546,11.659735137088774,9.460025350860633,8.1831432917175,8.797382110529952,8.568702596884918,8.638003625475733,9.304691514905926,7.260261563729841,5.9952804056561035,3.732644270633955,3.402219003928167,7.783784628320063,5.561967017775828,3.2641341878046433,4.931905306703811,3.141841843309976,1.8068695193632038,3.496774093982026,4.901458333097594,4.6273895943703565,4.658659257033264,5.458941977815016,6.389372885078387,8.089742567151404,6.614666412877739,6.79396652165849,8.241003149787161,6.256269663223179,1.9838560159350322,2.268565647592368,4.398378069010391,5.228838482116771,6.462079783766455,5.362703830352984,8.235198306670895,4.634813300697829,4.6398083307977345,6.6687439655250955,3.0356881219535126,3.931569622548068,2.2494959412829303,5.607732850381581,6.416263426415014,3.0435967965089503,0.9549516512411174,2.02466502917315,1.652891744465478,1.4688513502183582,4.7864861346332646,3.159331744886458,0.1326530858334536,2.2642269534280217,3.7134231479366235,0.873192786171785,-0.585254109052471,-3.595260824897764,-2.4641577744320102,-0.7203701487347871,-1.941828773020461,-1.4815733076359265,-1.554226972026413,-0.7273646266547757,-1.353213713887385,-1.1097696216647819,1.1044656393569312,0.15445929719419382,-0.031375485661271796,2.3544943108832967,2.0360143710533976,1.2954492354220974,0.8557370690861035,0.4806484271282443,1.6998839548392084,2.404319786553856,1.522460060447088,1.3564964184024575,1.7622092172449584,1.3814504554940186,1.50322771716651,0.5717608504781992,1.816090109962488,4.81172175742995,4.841345710972746,7.422880899698271,5.030941325220226,3.3498875613170185,3.919273770470113,7.283933321187476,6.3611967486436924,5.027927551026721,5.097695133372895,3.7077073139421373,4.095696303568559,3.874424459893305,6.25797209036341,4.275391038811222,4.008680521318979,6.380323945570467,7.348845578147234,9.07735889134841,8.983859435088561,9.812055962874638,9.319175616937116,11.255974831737944,5.605783572712653,8.568391861339876,11.281424851879024,10.01946973237574,10.979323256092073,13.249687912624893,12.866713824107137,12.561068830671957,10.947757864687219,8.568206721554475,8.843204115571723,11.318568421793884,12.587968693456048,12.32429648474863,16.696627393799872,14.439404438651877,12.823812131746763,12.535126559164269,11.429520962103084,13.233070892702017,12.482580740616982,11.942056941337228,14.18940849068781,15.821647194194384,15.256889395472854,15.424388771990039,18.59678126458641,20.91849692596054,19.51601961319534,18.870658972383296,19.679481975358783,18.50674120689024,18.48986843614165,18.68520837652477,17.544184458870916,18.974761214240402,22.748793020837695,21.899210240250454,20.364977336140328,19.172458925997717,22.062952893549664,23.465957109574333,23.55196455300768,23.69141702806496,21.31173030212409,19.80549721678102,20.369233043005465,24.168811422779868,21.998033648663522,22.747622424459337,24.71686759010447,21.45111994319575,19.3160403096432,20.018260270635494,21.085057669116622,23.148322604017153,23.51673139583977,20.824336468223862,19.12413320563553,19.57189811323235,21.34330324469613,19.625005024643656,18.590352079299123,19.764650300901906,20.145554796874876,17.492345895441645,16.678590240348342,20.61749506009096,20.856665329369207,21.10279209589862,16.312686392040973,16.825298253159872,19.600517245459855,18.84112065691238,19.096807643562386,21.289712000779787,19.1557473525354,17.141915281719434,19.284601441975155,19.169750319629657,16.19614016590924,16.915928662721228,17.92619374735915,15.863867622554892,17.91492244646787,15.653603937355115,15.616131119637657,16.35199659886041,14.740769543955253,16.291839265998362,17.351233006285668,17.12862383786677,15.351718987339837,14.372491546565698,16.51468431246758,13.62294318573521,13.813488343324423,12.477044215131002,10.27841221884239,10.088630317410832,7.490130709619109,6.716223491636754,8.089756584839336,10.073103606167365,6.1590939065547445,6.086771649937305,4.190914026919415,5.709648449506744,3.9075606508476994,8.440898390782081,4.82803062042484,2.8877404858637874,3.254789654289766,3.9195608420102985,3.738738930088232,3.942299423255349,6.976892257057102,4.313611552887039,2.9869662617931567,2.265443174946938,2.9633661871667414,4.276315070242504,2.4499181277521984,1.6993161750957029,0.034083376430999124,-0.3311586665935806,-1.2587231701914448,-0.7159615760111251,-1.10276901668567,0.46566494949945536,-0.4935140995777374,-0.09002220487150225,-1.8254467422495964,0.5081900126245387,-0.10297893695872062,1.4110721837377582,1.229623098630043,-0.5450119415042991,-1.1753259377560994,-0.5311673354418645,-0.8148924754012228,1.2234485854734771,1.7209293362408857,2.943743016661756,4.077394217841459,1.1308125294796696,2.3349425143961753,1.4699839934232273,1.378483966008048,1.299321071709187,-0.21984933229470016,1.754492239055594,3.9035481113899095,1.9564330325454193,1.9848822096136018,2.3724897849020863,3.1299859326990713,1.0986364787156049,0.730607814570476,1.5029075306124469,0.22417766561397912,0.4735984381349567,1.7876559525205948,2.3386700059904797,1.9739480099676143,1.3542126693515684,3.169880095162796,1.5625991731566842,2.2423168119444767,4.501255154502417,4.33674476215316,4.143332542968892,1.5190866998630668,1.3621543671187624,1.5132179275012163,2.834535555294565,3.342479042992352,3.438277077368923,1.2637585968883513,1.2638832997025702,0.44601920485314395,-1.3989574942252716,-0.07746068776248194,0.5418537243158994,0.7818589292575098,1.1886336265308728,2.005674650309402,2.6377335987153856,1.4751575724288841,4.317351025543985,2.888950198232749,1.465646807135272,3.2367370163248097,5.276404538622444,2.5709421381754396,2.0500014264906667,4.353255730637045,1.9174973133083313,1.6683180507008615,3.503538631167487,2.655726890682331,5.12801916252198,1.7824687507183512,4.560077421110918,1.8888157554328018,1.539610422378189,5.285615684962806,4.890494685444423,2.3748985629097774,3.52488934434939,3.7461577255139673,3.7381562566964135,3.1053358928706984,3.252928465195282,3.5808859532793917,2.4670652848766395,3.7661296702774507,2.422005989081242,3.9413343673209624,4.881810597032711,4.446393747993568,5.817656659612169,3.7691751446269564,3.4090276078381976,4.54466341501967,3.9769092765893106,5.654449114513909,4.250911521429032,3.531904504994145,2.0716599153556103,3.0845154506410495,2.6317629475153694,4.671147791613777,4.184737615160628,3.0825170637344286,4.974375759947463,4.627765274020021,2.175660970726767,0.2809754962065085,5.46434832981322,4.1074418720220365,3.2944478840997817,3.634322731217651,2.7575983768361993,3.41414541024173,4.045270912538712,2.8546259837686137,4.006890372180237,4.102107310090872,4.852166552957016,2.529305956766649,1.1623394303769032,3.3280695213159674,2.6580471960342322,0.5952244553626826,1.6145049386244352,-0.33302674410646205,0.23964830403582482,2.796099518092774,0.4462280962504792,2.926598165092855,2.8136785917371583,3.577721519976791,2.6697527380185306,2.958888496609518,1.6571402873341015,1.86203261155174,1.8295370705330356,2.2607086975090738,1.3491713124840317,2.7644396226724552,2.4185666525200418,7.229144090458277,2.7650390178277746,3.8852178907108055,2.1485522841935847,3.4341953672624186,3.417763106743621,1.5946800860050132,0.8041663230051199,1.9186295424454158,2.9513770468140024,1.60088135200931,0.8312091612141046,4.035076919866697,-0.40284039155145024,1.639085539284963,2.4376994151647864,3.1235445054371667,3.6418305837280514,1.3246994843559037,2.6198322282373567,3.5278424430768496,4.312389759244127,2.1956753244418223,3.8540929703679865,2.2609876030983855,1.4555149005259125,1.5956352460855499,0.7881003815666645,1.6100750972030937,1.8513553300046226,1.5402775053872517,-1.1172098316806114,2.1332578474366812,1.8110707801895956,2.3762317836716136,1.4026198366425433,2.832399813051552,3.6169069788125228,1.4064814435521669,0.2166057774722958,2.4882995195014814,1.5010373871030538,1.6779095715665733,1.3690538435701,1.7265334651802675,1.4533911758163072,0.9606315783768764,1.8330109614763046,0.9528776807516124,1.2882122327575303,1.844867333214097,0.6771117067154364,2.558009669736265,0.35696946518055483,2.45176089655763,-0.254821854257699,-0.1986841913869739,-1.514352653441989,-0.4844688774906274,0.8660461799670145,0.4074789953913296,0.4618066324662493,1.2416463729170175,0.5660302472100511,0.5593795659438285,0.5525364815514422,2.271652538770269,0.8619313511074438,1.2795809435766614,1.2361803487485474,0.5766702876417753,1.0615492189850784,0.528601310441843,-0.26745822413585074,1.6018986424548132,1.1371325168937858,0.308125232389699,1.1186635377350456,0.27140194876130863,0.8791511194336294,1.0774725310693043,0.8086139784375064,0.09183425695886172,1.2205162267000844,1.2282313371776752,0.2880925418329525,1.6608896732372216,1.0857450546838265,0.9569169517756109,1.3371052940016739,0.6739586456284314,1.0530496315476796,0.03565881706751384,0.25853663289436213,1.1777084085123306,1.6190267180595583,0.45944570247363004,0.09226150387559073,0.165813248226641,0.9210837900550928,-0.5055125141374219,2.0204091810970795,-0.08432871806718367,2.3902020716047616,1.5550460856826476,0.11321997179024379,1.6087054930428906,0.8509034075815407,1.1185365172663921,1.9321411985354473,0.10374236343380971,1.7040546111635564,1.1162467541855108,1.8975062944179228,1.7789937056506204,-0.5757424224133416,1.2896930017172679,1.3277792605944683,0.7986508422736591,0.6976792236143154,-0.2606479874518044,-0.2898522859639172,0.5377217298601238,2.567968110148655,1.734312894714762,3.4177984437233704,3.5850153447870667,1.9732371323126898,2.310596967557345,0.6865864570323765,1.6983263707206362,0.8022208572121201,1.9787675231936248,2.5797102330206485,1.8859308367657803,1.2519422131516507,1.4087981900030684,1.5009741008100548,1.7513295375968596,1.1937362103567182,1.0278218795357787,0.8187384781988385,2.306862140827633,1.9858114127059707,1.8992152895836227,-0.5212053903551492,0.9694261490821106,2.336099876247701,0.8481803573755258,1.7780836829020075,0.581705167527474,0.31390845400323997,3.057549375445319,0.7320239557468398,2.7338244706632224,1.868111640813737,1.8017555081618184,1.569782360965263,0.9233972013491325,1.4259539223119333,1.074186451465522,0.792303549412253,0.9204608297849575,2.7148218225916025,1.9580315942120308,2.346919509856434,0.6487874562169225,0.7199721194734252,1.7511835950481611,1.819293710565404,2.2351295018316932,2.6126184086617172,2.4471878914978333,0.38203889219644793,0.6094672617036565,2.6627569719414907,1.7858013699202786,0.9195379089333358,2.361257623459636,1.2810541903992885,0.38882360179607645,1.6849280301821068,1.2753051707304905,-0.16690774284725762,2.1473245279542255,0.18802337109733003,1.8276376331517952,2.537142142861427,2.6047188826321417,1.805747457132128,2.3663594688583203,1.9010759271353663,2.423534120765197,2.0982653134813063,1.5574747820348875,1.8182095122959083,2.2427540663206287,2.2591734639927097,1.5217059017994075,2.5173606515801623,1.6128541694296246,1.4948260605854102,2.106301572222293,1.824830338165313,3.4846039324881986,1.8322511857465713,0.945012762652766,2.390081232096435,1.5351632896571346,3.2416940296017174,1.2142175235400998,1.9606603924479202,2.899479226211156,1.2438081530245384,2.0622993521992328,1.4059847919955857,1.7489881228716513,1.2175515375483599,1.8058369757227695,2.8455573722800978,0.37346164485211375,1.8636992443857991,1.0389471113375919,1.8637223623427772,1.3219473751320834,1.265841917968281,1.4758788007474948,2.804441564935786,1.1226552120774898,1.4523631522374387,0.9904193643673693,2.0804443447804317,1.0885690193123025,2.407585024943465,1.180459365871826,1.0436394879095303,1.426415583813224,1.7751714004226145,0.677693740178114,2.82069577219238,1.0232529635310925,1.3693559654991247,2.1988203698005577,1.0286619485866026,1.8063733964604012,1.8644494413894748,1.163970446133483,1.951863297212526,1.6308889627475835,1.0574672732906905,0.7880453621252173,1.28281781538157,1.0467369834033775,2.2810136331740978,1.2958252543960498,0.9345064573029092,1.4869592579460686,-0.2815039596480986,1.242482018366843,2.5979138548354967,2.5884136376710742,2.7134878995847203,0.8120784918389745,0.8692833053825666,1.8317251133350467,0.8887748623861285,1.635183565076261,1.8478615688964624,1.7021069667550819,0.9703055268815888,2.3695144781543718,1.0072709939247488,1.608490245456096,0.7228744431772114,2.5844556232400464,1.1057478051732232,1.695671305235237,0.8784913303305757,1.7509521658432732,0.8569110464176788,2.5127546336536284,2.2561562771415495,2.2375400822762685,1.6083675264936232,1.3839571327621911,2.5280640002745827,1.3672856496419854,2.348786670446657,1.5564426361478922,2.3209932041736465,1.6196851394913097,0.8378956207208077,3.7118279279413287,1.6379712071493415,2.1904189084513135,1.86722977225822,1.9589771209643843,1.1498917745673225,1.6121613578989127,1.273233848331131,2.1316286867755707,1.2090566388470734,2.797228714761104,2.1549616693061964,0.3157988452236964,1.2089208819659198,0.2184301098172341,1.871434109263589,0.962733004866152,0.8206903479343168,1.479041450193563,0.7981301991370628,1.5085090745882326,1.3559530259959125,1.6690367634573136,0.630437949852876,0.7949635214673663,0.5740850091344782,0.7287306513006797,0.7582834477296387,1.5042703377631064,0.620456878151856,-0.6355096888429408,1.3880588783954408,1.1479604150314309,0.2753338192059118,0.9286311066853195,0.668012868608006,0.8297988897480764,1.2996329237230384,0.6457739213219611,1.2008010769055808,0.07241330175162375,1.1963085020478275,1.2462464816478018,0.19518698275772195,0.8196708607520122,1.3585192249240698,0.8579719258420369,0.7526697097162582,0.724890032003831,1.3009654486762656,0.5043044777618206,0.7320433056543152,1.0624303577454839,0.5280825775314497,0.03533124928697262,0.939539434311996,1.9393815001879489,0.59178138484884,2.2352161007229974,1.094579989976694,1.5135015309957112,1.1066528701736047,1.8781217435205804,0.6094692260885495,1.5743159127587205,0.33800368145949733,1.8355241397724136,0.1363922532021924,0.8424790659082646,1.335183272595259,1.0657792008829574,-0.1646683820071626,0.23697938805975127,0.28744889715909494,0.6207512824485661,1.1990913168916677,0.40184900434542214,0.5538607335797128,0.8852525031432492,1.988832598727413,1.114611938140797,0.663066251905434,1.1440366223388878,0.3596566603617912,0.9258454154696665,1.0995617495199763,1.1678089874495754,0.4177543762215805,0.22704108209001106,1.1162622875166903,0.6997010707775644,0.7199925637440856,1.3192183157445356,0.04034061770647668,0.7282377510721858,0.85505773812298,-0.7208238639565234,0.778264681161092,0.34636424547119304,0.1292309017682669,-0.47104214595708527,0.6813428603177858,0.24786220820499238,-0.4642215974172377,0.18638598225891023,0.5063664670891512,1.1156585756976938,-0.11735637408679622,0.4794747966550421,-0.3120210249428492,-0.39924791857799846,0.6462838950184278,0.45938604928119275,1.1350952183021263,0.5313483827123378,0.7397869765891301,0.15189998371909041,0.6796421647403577,1.5649557910405747,-0.18509833501838102,0.278165646052571,0.6348496489334252,6.375470828431958,7.073085834281301,0.49779981959824227,1.677017607082007,0.6693615447256889,0.7259024288482028,0.7864393213518497,0.5400511874398717,0.3401073418330611,1.1026677801105524,-0.09986789077362346,1.7883478544321747,0.6538872921837537,0.585654063071047,1.3542677075664074,1.7433386591145563,0.12258828445948211,1.522563505381072,0.11578568055801952,1.1975177156314771,1.2823122843268493,0.7800189910939253,0.7902532423267417,1.0942500105827566,1.1837992659928886,1.4533645905768804,0.4497684567631399,1.5549152457822988,0.7384282575108045,1.307369219707823,1.572376064976197,0.2945422607702426,1.2020536313449952,1.3336428465008794,0.3139809095072241,0.9347156189798511,1.000846182566363,1.0311177853047298,1.0578138727436226,1.0833429856842258,1.107888636966095,1.1314768748323445,1.154125053668281,1.1758494610374441,1.1966662690904855,1.2165915323933518,1.2356411858453384,1.253831042686386,1.2711767925924846,1.2876939998564012,1.3033981016533858,1.318304406389018,1.332428092129419,1.3457842051101352,1.3583876583241477,1.37025323018554,1.3813955632700754,1.3918291631279658,1.4015683971701947,1.4106274936245882,1.4190205405623715,1.4267614849916868,1.4338641320188685,1.440342144074009,1.4462090402006424,1.4514781954081286,1.4561628400851419,1.4602760594722781,1.4638307931939494,1.466839834846894,1.4693158316445647,1.4712712841165398,1.4727185458605163,1.473669823347393,1.4741371757759225,1.4741325149781233,1.4736676053723272,1.4727540639635777,1.471403360390184,1.4696268170147846,1.4674356090596916,1.464840764784583,1.4618531657052358,1.4584835468536426,1.4547424970762677,1.4506404593711864,1.4461877312620572,1.4413944652085888,1.4362706690516234,1.4308262064926112,1.4250707976055423,1.4190140193817342,1.4126653063055414,1.406033950959511,1.3991291046600622,1.3919597781197126,1.3845348421380663,1.3768630283184393,1.3689529298108596,1.3608130020789986,1.352451563691261,1.3438767971345555,1.3350967496506883,1.3261193340936757,1.3169523298079753,1.3076033835259864,1.298080010285048,1.2883895943621155,1.2785393902259443,1.2685365235064978,1.2583879919797027,1.2481006665678365,1.2376812923541252,1.227136489611894,1.2164727548462224,1.2056964618486745,1.1948138627631693,1.1838310891640162,1.172754153144183,1.1615889484134527,1.1503412514061893,1.1390167223978551,1.1276209066297724,1.1161592354415006,1.1046370274100923,1.0930594894971364,1.0814317182001787,1.0697587007109632,1.0580453160778234,1.0462963363733024,1.034516427865185,1.0227101521917348,1.0108819675396035,0.999036229824128,0.9871771938725828,0.9753090146082855,0.9634357482369182,0.9515613534333056,0.9396896925285887,0.9278245326976844,0.9159695471466875,0.9041283162991931,0.8923043289816519,0.8805009836076465,0.8687215893605185,0.8569693673733241,0.8452474519070279,0.8335588915257972,0.8219066502687724,0.8102936088190518,0.7987225656690384,0.7871962382817514,0.7757172642479873,0.7642882024389337,0.752911534154066,0.7415896642640405,0.7303249223484727,0.7191195638280874,0.7079757710909007,0.6968956546128879,0.6858812540722852,0.6749345394578654,0.6640574121702798,0.653251706116805,0.6425191887989854,0.6318615623931692,0.6212804648237693,0.6107774708288503,0.6003540930184386,0.5900117829245346,0.5797519320435072,0.5695758728708142,0.5594848799264014,0.5494801707727675,0.5395629070235941,0.529734195344588,0.5199950884453415,0.5103465860619281,0.5007896359309711,0.4913251347543337,0.48195392915488355,0.4726768166227657,0.46349454645263677,0.4544078206713493,0.44541729495608706,0.4365235795434046,0.4277272401278083,0.4190287987515262,0.41042873468438756,0.40192748529301525,0.39352544690132163,0.3852229756404313,0.377020388289111,0.3689179631035131,0.3609159406380513,0.35301452455536264,0.3452138824270037,0.33751414652277845,0.3299154145912553,0.3224177506295973,0.31502118564338843,0.3077257183960569,0.3005313161489198,0.293437915390939,0.28644542255790384,0.2795537147419509,0.27276264039085163,0.26607201999684094,0.25948164677606655,0.2529912873374087,0.24660068234123855,0.24030954714902464,0.2341175724620257,0.22802442495071773,0.2220297478738189,0.2161331616875941,0.21033426464532567,0.2046326333868933,0.19902782351874748,0.1935193701838216,0.1881067886222354,0.18278957472205093,0.1775672055606492,0.17243913993644355,0.16740481889110015,0.16246366622249298,0.15761508898771126,0.15285847799748353,0.14819320830099514,0.14361863966166766,0.13913411702390022,0.13473897096980636,0.1304325181682202,0.12621406181375505,0.12208289205773326,0.11803828643030556,0.11407951025307739,0.11020581704389087,0.10641644891222768,0.10271063694733584,0.09908760159669328,0.09554655303685422,0.09208669153559867,0.08870720780578267,0.08540728335185577,0.08218609080728356,0.0790427942650922,0.07597654959914735,0.07298650477935098,0.07007180017757264,0.06723156886715742,0.0644649369141348,0.06177102366154941,0.05914894200583376,0.05659779866630288,0.05411669444754352,0.05170472449412955,0.0493609785390845,0.04708454114461347,0.04487449193692328,0.04272990583348246,0.04064985326448323,0.03863340038702745,0.03667960929351466,0.03478753821275404,0.03295624170584688,0.031184770854906674,0.02947217344632236,0.02781749414833712,0.026219774681578656,0.02467805398504197,0.023191368375648835,0.021758751702577683,0.020379235495738612,0.019051849109246177,0.017775619859150993,0.01654957315639649,0.015372732634546082,0.014244120272110194,0.013162756510325835,0.012127660366218151,0.011137849540205025,0.010192340520177368,0.00929014868000877,0.008430288374086103,0.00761177302769056,0.0068336152231722735,0.006094826781804841,0.005394418841319748,0.004731401930087031,0.004104786036975838,0.0035135806778612277,0.002956794958095088,0.002433437631623292,0.001942517156805934,0.001483041748656433,0.001054000391604859,0.0006543673877104084,0.00028310660468378046,-6.0824567924555595e-05,-0.00037847154322889764,-0.0006708791320306773,-0.0009390883985247456,-0.0011841337650935202,-0.001407040357094047,-0.0016088215767808833,-0.0017904768970424811,-0.0019529898631844844,-0.002097326294915547,-0.002224432677337518,-0.0023352347321292655,-0.00243063615897654,-0.0025115175390624245,-0.0025787353903297117,-0.0026331213666139774,-0.0026754815923482056,-0.002706596123800864,-0.002727218529798847,-0.0027380755840908932,-0.002739867060654433,-0.002733265626773118,-0.0027189168247900852,-0.0026974391376484164,-0.002669424130999687,-0.0026354366663099427,-0.002596015177459776,-0.0025516720079394872,-0.002502893801135997,-0.0024501419391071977,-0.0023938530250688927,-0.002334439406126876,-0.0022722897302855927,-0.0022077695344364656,-0.0021412218597447463,-0.0020729678905695437,-0.0020033076132790484,-0.0019325204914935057,-0.001860866156391694,-0.001788585107021845,-0.0017158994197643551,-0.0016430134639904281,-0.0015701146215292283,-0.0014973740084087694,-0.0014249471962557436,-0.001352974932615325,-0.0012815838579740557,-0.0012108872185763175,-0.0011409855729311857,-0.001071967491839132,-0.0010039102501195885,-0.0009368805102667466,-0.0008709349959303836,-0.0008061211556196213,-0.0007424778152653744,-0.0006800358204372969,-0.0006188186659414896,-0.0005588431141063666,-0.0005001198013019348,-0.0004426538311577133,-0.00038644535612775144,-0.0003314901468343123,-0.0002777801477122921,-0.00022530402156917262,-0.00017404768158257866,-0.00012399701796539375,-7.513790404800602e-05,-2.745620065525145e-05,1.906223877767843e-05,6.443156343038936e-05,0.00010866592049296742,0.0001517794505616621,0.00019378628354616012,0.000234700534122112,0.0002745362976384058,0.00031330764625181473,0.0003510286245500538,0.00038771324528852347,0.0004233754864344519,0.000458029286846795,0.0004916885428656315,0.000524367105242618,0.0005560787754461671,0.0005868373026487461,0.0006166563804299585,0.0006455496432522523,0.0006735306640734962,0.0007006129512774351,0.000726809945547302,0.0007521350177626118,0.0007766014657590858,0.0008002225122254458,0.0008230113019180862,0.0008449808997852415,0.0008661442880679715,0.0008865143644811724,0.0009061039402809001,0.0009249257379337905,0.0009429923892980696,0.0009603164338045644,0.0009769103164671833,0.0009927863862913,0.0010079568947389816,0.0010224339937394689,0.0010362297343817772,0.001049356065777829,0.0010618248331866198,0.001073647776991038,0.0010848365316746822,0.0010954026240028725,0.0011053574725679027,0.001114712386197425,0.0011234785633860156,0.0011316670909877757,0.0011392889435342113,0.0011463549823247376,0.0011528759547445588,0.0011588624934120162,0.001164325115723841,0.001169274223229877,0.0011737201010078024,0.0011776729170946965,0.0011811427222028215,0.0011841394492080326,0.001186672912638187,0.0011887528086163002,0.001190388714405799,0.0011915900884673647,0.001192366270288403,0.0011927264800988269,0.00119267981909843,0.0011922352687747662,0.001191401691471583,0.0011901878299340751,0.0011886023079341612,0.001186653630213641,0.0011843501825410385,0.0011817002322231929,0.0011787119281052583,0.0011753933009117645,0.0011717522631897737,0.0011677966100478443,0.0011635340191560317,0.0011589720518259128,0.0011541181528400557,0.0011489796513046713,0.0011435637607064564,0.0011378775795378715,0.0011319280916950447,0.0011257221672735795,0.001119266563250676,0.0011125679238830344,0.0011056327813321332,0.0010984675564600366,0.0010910785595115158,0.0010834719909667,0.0010756539420526678,0.0010676303959940014,0.0010594072284675349,0.0010509902080002576,0.0010423849973903998,0.0010335971543327105,0.0010246321322142649,0.001015495281137646,0.0010061918487167532,0.0009967269809862955,0.0009871057233112879,0.000977333021467075,0.0009674137222646095,0.0009573525749146938,0.0009471542315964143,0.0009368232490487571,0.0009263640892527292,0.0009157811204545396,0.0009050786187003723,0.0008942607681206027,0.0008833316625782572,0.0008722953064648209,0.0008611556158371059,0.0008499164195541198,0.0008385814603570907,0.0008271543960063354,0.0008156388001907544,0.0008040381640057603,0.0007923558969196165,0.0007805953280239919,0.0007687597071708296,0.0007568522062797456,0.0007448759204180533,0.0007328338691081626,0.0007207289975212916,0.0007085641773869611,0.0006963422083572368,0.0006840658192004412,0.0006717376688243348,0.0006593603481519494,0.0006469363808605522,0.0006344682248027311,0.0006219582726885164,0.0006094088541885867,0.0005968222363890163,0.0005842006255534216,0.0005715461683166723,0.0005588609524806998,0.0005461470087197995,0.000533406311831186,0.0005206407818718617,0.0005078522857502321,0.0004950426379082273,0.0004822136018560741,0.0004693668915365379,0.000456504172689165,0.0004436270644987417,0.0004307371401068849,0.00041783592837418837,0.00040492491535815134,0.0003920055449384563,0.00037907922063595834,0.0003661473066358667,0.0003532111290951434,0.00034027197767727557,0.0003273311067459872,0.00031438973621789046,0.00030144905321094484,0.0002885102133518558,0.00027557434225400357,0.00026264253682484195,0.00024971586634592313,0.00023679537406451345,0.00022388207810308813,0.00021097697288041672,0.0001980810303052749,0.00018519520119752997,0.000172320416538696,0.00015945758872248916,0.0001466076127485394,0.00013377136792769306,0.00012094971884835104,0.00010814351668386735,9.535360067047804e-05,8.258079924416961e-05,6.982593123439074e-05,5.708899823275715e-05,4.4369310217007296e-05,3.166561214129615e-05,1.897621007174166e-05,6.299096298789664e-06,-6.367924527239666e-06,-1.902711011325664e-05,-3.168065489944638e-05,-4.433056471953023e-05,-5.697853185893109e-05,-6.962580971503485e-05
33.166183821687355,33.07372160785212,26.450616428961894,20.366563809462832,19.94545584748971,18.594629870148538,13.052475897496151,7.4046721291922495,8.37434663152203,12.386531027179672,12.951094968610732,7.756373666483341,2.3580106066690405,-1.6494110709113556,-2.957563344950586,-0.7457727634089224,-0.9299088599946117,-3.648612105578877,-4.3792588821213485,-0.4406201143851831,2.0217944009666553,2.3297643856619743,5.982193382684045,4.886554037979749,1.847291055526739,3.415308611582759,4.454498978928768,2.1828800653763665,-0.0774046901501606,2.5835564876736044,2.706047234228663,3.0898724109140403,7.609543639775666,6.491989226059104,3.8792978468688943,5.3765702254213465,9.779946736068268,11.75116780144026,9.390083217736219,5.860262309162863,6.294389671856379,3.285964745614365,-3.2170214717043564,-3.063941592087531,3.567982761614985,7.452976315200203,3.876982187665817,2.4443021277129446,7.407308785405803,9.430483941379862,0.12618461210104215,1.9123088631749852,9.084928575714912,9.536917197414368,9.502944142475144,11.196437637031977,14.338393316300198,15.956324250539183,10.256941294919216,6.998223240227389,9.579261132807233,7.911962701992252,10.986725930126795,16.679201914609393,18.23051916979057,21.43453891710169,19.030188914297014,9.492356689739609,3.3850391968985605,7.7367099790699285,13.399084428544711,11.030395718631098,6.473323924916485,7.218741379323319,11.345044180504829,12.290368916177158,12.231742641115261,10.983520282619338,8.237008669814713,5.922038924099752,6.2816737650468895,8.607803445025183,10.782161338235255,11.689531715911471,9.486304216382678,6.271982543400554,5.691845819272885,5.02422917973513,4.551251371025046,5.709693722895963,7.964901563100739,8.139763593735779,4.785439204782733,0.446617245683683,0.5274831576496126,2.1897906966048595,2.4429498157255694,2.195418100770894,4.473572815080843,6.622638658702954,4.889085001515923,-0.0007610504280819441,-0.5750894815473657,3.5422066062742488,8.346990781100885,11.518231725525766,7.393832834318346,-0.49262493863852796,-2.152849464781866,4.6846593864377155,12.345378136904401,11.600827761911432,3.210565111589176,7.581118532235905,14.93176018971758,12.989451921477212,12.004225360843066,10.405920412512387,12.606553515133783,19.541699637077272,16.542196157931585,13.814244714052847,19.396198607890483,28.129510346407642,30.930093387572015,32.053091774838094,33.21775778677693,28.70169010602467,21.09791378094087,12.360534974091479,5.272881371064614,3.9949884057691634,5.959840203576505,7.071856037234056,6.149517083505998,5.654614358845265,2.8709597491279055,2.6581702388311896,8.460091040960378,7.997544641766808,8.766010884617344,11.643415102187419,10.140982531802138,13.996988027694897,17.213865586250904,17.931621046344162,22.466161845775332,20.638398511995092,21.456861396150543,28.570703785548176,27.13835416555912,19.547974492609228,15.919291392101059,21.130086175265205,28.46646375671571,30.34965877399509,24.129980166438145,15.771381299349969,16.123067031288883,17.467468182736866,16.525490524369616,17.166353509803002,20.647824744791706,23.802255079392353,23.17903431450486,18.600254948928068,15.237372397933541,20.19384705270386,25.21388485099851,20.900332289316793,25.968948381832206,31.100944154247372,28.481800496308324,26.97448542204188,35.82843870666966,41.04236500608977,35.94711871367008,29.896011056040606,24.164224665119036,23.84419992541075,29.478692187809884,33.27219758285355,28.565317691647124,23.294720104013777,20.12021408449391,13.818671997843921,16.670748376485335,22.146427425660022,19.897210238222897,13.080943348635628,15.708986926639682,21.576391240130533,23.590265532981675,23.93933310236457,15.903989691111292,12.282817124683334,17.135137825643596,16.659433144522836,15.77134580427628,13.47025709629088,12.960380719193836,19.765387032399758,16.99280740397262,17.50944856918727,26.255968103101168,26.252733743888484,22.00534009631474,17.23153734299558,14.340479716013533,14.119859763359955,10.645332466165655,6.168210573262513,6.626939558013419,13.74267912070809,20.241715252068616,19.61376030292422,12.498915224932716,6.28715693806339,7.7288126748944705,12.438100640850735,16.342836901288138,18.754381199628597,18.220297699696857,20.920594978942972,25.584596199036696,28.27682750771487,34.374190423940945,36.217084615558406,32.72488580517893,28.81928542964306,24.43222555955299,18.385904172644587,13.717238483118308,15.852181952522415,24.3912472175557,23.093636735949076,21.144209705995763,26.1904695010021,24.94668984078976,21.172674052695584,18.974048164701344,15.03517143908266,6.917842646961162,9.594503587191184,18.058591460592197,19.02644289915952,11.79117495559035,15.027494576813751,20.5119141712662,20.953805972758573,22.406534304535853,32.01733346477522,35.560266565687925,33.43744527556419,33.054395675418164,32.17955554158175,37.71246286057249,37.73917583845241,31.615280160036946,37.025947579974854,38.669408214824216,38.79418144729857,39.342508379107585,33.35220728723107,23.02942747533507,20.14476803686557,27.43952888732474,33.31333312305151,27.40420441674246,35.255680687887434,45.54789379524209,38.037143946995,23.789663319981855,14.06540587326299,17.723444280682315,27.93913398922973,30.866344298550757,33.64392706594026,35.74935410893363,39.13323841192323,42.11117961874152,32.11864650677262,21.69596204071877,15.598167653107112,9.373881708429963,2.4487962066768887,2.731390296386053,8.745621396841216,12.927556029188054,11.30639948844646,9.58970050344442,12.300436359869309,15.250401743813427,14.673631322262281,14.039998080912028,8.303382327156669,4.013854370642548,4.80058525317645,5.406393076118093,6.6959216326436035,3.3469245268520353,-2.6547398379989318,-2.1003130027197585,7.305903836303969,8.969737697660094,-1.4506657947154054,-7.430706835736373,5.952055889712938,17.139180229495196,16.549152147205632,9.16600765033354,2.1861834352021106,-2.444983351278097,2.1651098441850536,5.953035092718892,2.7839531161264404,2.5287613455955125,10.131599121418503,14.792709046636674,14.596365914256694,10.308849873950749,-3.49264729830702,-6.20359110742811,1.6684049016971585,5.097478052854967,-0.4155010985714398,1.6905181571169123,12.87234259620368,20.929308122796783,20.18162337720696,19.062165805251652,17.110866498649102,13.105081400713516,9.671041696796692,7.544108121117915,2.1151580189150536,3.073896106015127,7.988200714854884,11.636643229855963,13.635440720994666,8.7214145633327,2.923254885575261,4.525510319286241,8.631698930266339,3.2415785661405607,4.281297812926823,9.501345752798443,18.102284281985703,25.545172393459552,15.02129187933815,18.04174619597211,21.222495696020815,12.58831240453128,9.364771888362384,12.34373263523048,8.273351024499334,6.946948216785131,13.37061310005629,11.566913359773253,5.699406555274436,13.834847331393576,29.759838395837505,36.163691033764735,33.099971366850696,29.295337603526377,29.746464173475488,26.46637999872246,20.0247516516456,25.820466690798185,17.87435891444511,12.383773210680374,16.400422797348938,17.743109497668456,21.707195994813674,20.007110580461358,18.26157625056794,16.602619664442045,12.150424834921523,18.689969036457796,26.118533015959656,24.94545619821338,18.462668169590415,12.07122688129084,2.466988242935713,6.686505199210842,10.64816638560319,13.248509183011038,25.77982186064196,19.210050542539875,14.8739600638296,17.81603013550557,20.30388351241686,21.80814409749655,22.838740403914926,23.279255990590173,20.422695960691726,17.885305276963663,20.487550492693117,19.530731333573385,13.23545699998158,13.575630637658378,21.589973404736156,25.533391625222976,25.237815831315856,23.571673025311156,17.094305654472464,13.046206152647528,18.87440821300197,20.946232310019695,22.68344039011754,24.561503242590106,22.837627669637413,17.643773876683326,16.53548376976505,24.53985510772918,25.86208458181204,21.51974435895272,20.425667691756644,15.93519056366813,14.718344181189423,17.197233352616877,17.609635242537934,14.550258889566521,13.930828172914744,16.743998133957575,14.050293514736495,9.588337968831638,9.549268393229568,10.327101585460014,8.514339716250106,11.157219275180069,17.320408517583473,19.333711301821722,16.245313543277916,15.710332817714516,11.463963201361821,9.262393293168088,15.43627343630942,22.80013976647342,19.05219386790668,11.829233677655111,11.98888042285762,5.947836178979287,-4.704468685214124,-2.0225252941786493,-0.6144891356302651,4.079473075714986,4.456236841395821,4.6028628018787,14.221279316068603,21.288926977897063,14.823039881042405,11.953398818415735,17.118254780311872,19.401365374185843,15.297619308167214,12.87331448306145,7.665816605850068,2.7874412680580463,-0.09224572880998494,-0.03426968230496641,6.202346976379886,6.413635866257664,4.501707087669729,5.311907404281328,6.597420043648981,6.562355436513826,8.03228331481182,3.5001311526816608,1.2111449569702017,1.7439444079504938,-0.8215081617829583,-2.6694107502787574,-0.42352841796741814,-2.3482247981130513,0.11843461426406066,7.851639993443769,9.89528267373771,9.77579714960666,19.47677024629479,24.42673410053021,21.76637710448813,18.652498488921083,16.05463944856774,13.945757281666374,17.88352447786656,15.363844554118259,14.922292090579958,20.801471381025976,19.47152428950244,20.5551784905324,25.724842328674185,30.66793674140672,34.447490445285894,35.053897254137155,30.078011404224753,27.954189485797315,29.135461839115123,26.383571829331686,23.79558705649265,27.06915841978571,28.21187096227777,21.292220106057812,17.079137905152493,10.985231042179294,7.103524413716059,7.7925447475063265,2.360891303127346,-0.8453618531598295,3.5483014916292177,5.984521153936839,8.934623118810805,16.76898062441137,19.761896679498932,14.966725350309616,9.456105836266715,3.3456445901185816,4.663422704942832,12.132467228312862,13.957860405524798,16.395220378001113,14.931487133568226,12.765635153340781,7.620319065912099,4.253470543621916,7.191941395218464,4.397275386913407,5.954550721976602,0.18163324988495333,-1.7613266190855938,0.29985959311102306,-4.299957667091348,-3.0854250535608116,6.535796708792532,9.768504198579194,9.143054864265423,12.161118654031497,10.093163429877222,-2.1588744357472933,-3.244573251584825,-4.413709680080956,-0.15870404365796276,5.5226959372373585,5.514580050830773,3.310046322138305,1.7201853887809193,-1.2061194738732866,1.6261574156496863,4.664714812218335,8.223706386211006,10.59299334934758,8.21233843472669,13.4063910114603,9.31803693211532,13.921215396117304,14.39799455390289,8.027731202849509,9.589292419283993,8.850802289261082,-0.3621209429059036,-5.96964849220285,-4.313212637056267,-2.8342842126228334,-0.5431390095041024,7.439196432519111,13.629518333552596,16.327703224472543,20.40918779663889,20.906511600828935,18.542763904714548,18.25428872125383,19.339977037253902,20.161584225028264,23.61247993383313,28.364230038951064,17.877460554417894,9.56006028284446,12.699554910971301,9.609592216408146,6.607541851338965,4.967498581208474,-2.2504937822616284,-2.8206814748814395,3.9460294185215616,8.85008886286596,9.630911272218327,8.804582538916861,12.694987885177852,16.85934905510328,18.359097949077523,15.929248765924967,15.059574610748996,17.86326008166384,16.4085053606708,13.85744194891447,14.407233886375934,15.515297733542639,14.51514724299102,13.887938658736743,15.161335562342856,18.07265590829752,22.88002912323668,18.32131915465527,17.482288052670356,20.571926015735926,22.769375302671392,23.961783927602937,26.436993428500614,30.7183165799687,31.41518411838092,30.897643825465025,31.73361631799594,30.46318709173147,26.09018358625758,26.69850831983979,32.52928776422664,32.16727365100246,38.32636484944851,46.13940232461823,50.04549762299098,50.686638536480814,49.91391429776513,49.80130946148324,49.654859254943176,45.00056462844941,42.150432309006874,43.001425461063604,38.8137842840257,36.91817924746829,35.68916121693155,30.670527854420243,29.2547060655221,27.57691754033476,26.885967469266348,24.05779451550302,28.901379087226815,32.00377535871587,29.444832465673016,29.33430356998622,28.04310832265344,22.499414417805838,25.417824733543966,20.263611284746503,22.236357509352956,18.614258100192842,12.371428378020937,12.325365591229684,15.5648059854434,22.22658027687453,20.773262254161978,21.706424948130007,18.759756011495483,21.665598152895654,26.930340056554428,24.136723220605063,20.48467395014643,18.980573656136585,11.52911713075298,15.71401338139799,15.543835985217129,16.049617885455973,15.69335970925681,15.19963372098789,13.239910029744124,11.352051267625711,11.47040311774208,10.357679268622064,19.670207984410354,19.133103114577807,14.534159647042202,7.595130617349696,5.714891631066507,12.53297915534074,13.197290902236773,6.182078310990164,7.7602975557946365,5.775155657479445,4.7065165756889655,-1.021664510573828,0.16916915782417163,2.694010235744827,5.443803509569989,9.165999843937243,9.086260008322824,7.443671589977157,5.6656147245564625,4.566004447880914,10.730056498741078,6.483525710107415,1.836980295070589,3.0464712168061396,6.036018004791117,5.94558226666868,8.249597662730025,16.875561223551927,14.654472572719783,6.268342829857033,6.441662117889564,13.977899425096552,13.202007470591298,7.630710036634127,6.148771577472871,13.101282932721574,15.862020850554472,8.335827663549594,10.88884782901971,12.090349970695229,12.145526916390509,8.833422823947103,14.013769113217222,17.860993586334757,16.035240417495515,16.869625627607434,18.088804161398457,15.701303788352789,15.542310625323807,16.32548822294143,15.178072796353831,14.126163674254258,14.96343679252925,14.290085229135912,11.687013456312798,10.922807622759137,6.622131810035171,7.794475667576762,15.616442440418496,14.647508129304356,13.704410356927156,13.412845242167009,12.060555873306157,16.906963684842367,20.16217249896806,21.429228783117082,24.838825914287213,27.944628759365173,25.977118549011948,22.99221317255035,20.99632840987306,18.450528620556724,20.96535116220184,24.46639502391838,23.71897877796937,19.971633882009314,19.622120378826367,23.215168970295622,25.590430271080322,23.376065757919832,22.47788327429248,23.471305025288416,20.05418749164778,15.219245646823538,14.31392878697477,17.2216954285243,23.445143281500805,18.62846989626439,15.675391963035509,13.83605985606323,14.620632147681818,11.61739102661977,11.500066438292379,10.28937202965767,7.539772739072532,5.8023145072069156,6.947256387941138,7.940987226017569,4.08302505426559,6.019749904384298,8.957844134145944,13.002121823565972,13.490977699844734,17.028063979032595,16.98332791480152,17.14852902286043,13.20959015964786,11.243301607375088,13.382482600730782,10.032656328199437,9.485147862672761,9.105255883152267,3.4655535107496007,5.573183268550565,6.02568039949233,7.748277343099517,8.123786502735584,6.81980954599851,7.000407289044915,6.44981808870682,7.892037902556922,7.687292511935993,2.865911889450217,0.9546241647570923,2.6193173371732428,-0.18432576757197694,-3.155285671618458,-0.6249263261877331,0.07718957435849916,-0.8552400830398028,-0.12359798556781243,0.5275897909971263,4.5281758359042215,-2.165070810450061,-4.903303923768362,-5.072995201020831,-4.481954515219286,-5.098586047972731,-2.2511128907904094,2.5242234931636176,1.3671682822121056,2.783616304599036,4.964215669820305,3.648930615260497,-1.8941989462425681,-1.6881490917439805,1.8006414089584268,0.4060434674922817,3.810438557609359,7.292338483550566,1.1931819146068392,1.5016235877103554,8.595539311881453,10.27815874988437,15.329822521335473,12.456590432879011,12.399554937864878,10.942898064296173,12.095837221314468,11.848911965959132,12.412692383966828,15.69849200508952,12.444100168591262,11.204260210293114,8.78536217082501,3.375447802422059,3.20467223659557,6.054764974343698,9.64385656338493,14.648389934241663,14.229243088208023,14.292348714082209,15.187974015238524,13.647000000191156,17.574988775844645,19.789549424247298,20.517529992604864,20.3406959827621,18.133901665123062,17.306850350241234,14.711321171998748,13.026972392967537,13.415333363181162,11.566313477632548,13.548482899155829,15.966177235516625,14.729150661506992,15.959558099051605,19.72437721591018,24.093574806542847,22.38772604453402,24.77567029567399,24.631505917448294,20.716596856182605,20.338264067707428,20.188531026037936,25.21576682761247,27.04888054220396,24.048773346915368,25.751331506929546,35.49932364817755,35.29066718864465,28.035080195602404,21.912540879130916,24.418515368458316,25.824041332027605,28.40235126205539,26.862099873041416,20.403699293156933,21.77223669873763,27.732023299968546,32.1918383446548,32.31979668630515,32.25538447096369,31.10543080410116,28.128067717993417,28.015872376560992,31.61156561529242,30.47240404230797,26.74994042097751,32.53041685024323,38.620409668115826,38.74989283847049,36.639742224860356,32.59743870256807,34.21915577196455,37.23265547055189,32.98733948032282,28.11965409984805,25.733388520370795,24.59968751960605,28.6090780675554,30.385544146907478,28.21346727006835,24.92965511010857,30.81164738203313,32.449115096943956,30.322961536340927,31.7292112485311,29.026812995619366,29.54376754257055,31.442484372762237,32.36266493707012,31.11746945618438,30.789036848121896,29.16091893477801,24.677431060706795,19.653979404370602,24.834922754613217,27.831011977849585,26.101750339815,28.549936662987193,27.207212374512437,28.318655987949796,28.727609897699836,25.152901947547207,29.115298026484425,30.01910643008887,35.181779515064136,35.54881839401594,32.100510700434256,34.449037485583744,31.18844914927172,32.435375654214226,27.60472265287592,19.10272556199675,25.21006772143778,29.93826552172527,29.984806953472457,33.8114592400284,31.23313602032397,27.84471581386299,28.226852825429432,27.58464915892921,29.526768548708333,27.845709861272553,26.67790211591978,26.02232037550175,28.911140160080095,34.300972864047026,33.024525623493105,33.05366230066193,29.514662400656675,22.715625853683377,19.48668332988791,19.079410981759906,16.667502153745545,18.5055198643812,13.996585035765634,13.98644369257056,14.03470764730912,6.834104989631442,6.614593851029213,7.049796230365132,8.176614715042433,8.504424332015901,9.298702806204119,11.56351343786423,12.676575823945882,8.23618945973476,9.580581772077721,11.04407311420266,10.144210420341778,7.131754852351037,5.1934406787595435,4.310251943201592,3.8686287129366974,1.6368465616988033,0.3216572388591885,-0.992196947239222,-2.961550868856989,-3.622563071598279,-0.37421678562031957,1.543476169169594,0.10474107604738947,-1.775523107933509,-1.8275590377561457,1.4541870178686622,7.175506609627405,6.714041728725192,5.867660699597764,6.5855373276205,-0.3428841725035454,-2.325914150875178,3.8193269603956423,6.290878474498982,3.511144557067496,4.712648373551701,7.500959613288046,5.013385775598067,3.8327292151759593,2.163617957252427,0.2541977101916473,3.638319532402079,1.209087386559986,3.2062235238535095,0.17609069956176882,4.794201738966876,3.910874137241649,5.889608503888894,5.367830838573923,7.357356200438744,6.165165127467162,3.3679517773763337,1.578237328085379,0.2826270933746855,1.0373063073259345,-0.9095842578359452,2.390291378883717,2.587792851800941,0.6816799468278987,4.961727816097323,1.7747183795113415,1.0824843303305443,1.924311797625478,2.900033677217266,5.496506598277847,4.079004868725747,2.4681245124534144,3.054224329046974,0.5116594533112675,2.2451313943156492,5.264749324808008,3.063532349272805,5.711525412906781,-0.14926639622729,1.8914719856553575,5.529152314921021,3.436847291600884,4.619904453435879,6.653495213232759,6.711789545244642,5.1623161333752705,2.8761430294124466,0.8834564212554596,0.49648566622079215,0.9863833731232603,-0.9157979965277718,0.015195580295539912,1.4656867633334514,3.332996745963044,4.620220500773598,3.3488852842426695,1.8959866408254697,4.473419682432677,5.169605210282327,3.9530294962195285,3.09543146895669,3.0513194372942394,1.756524642676709,5.885678070244751,7.601325568549214,7.042239204213729,4.657493018104105,5.383068305846962,6.022713231303555,4.904131718856888,3.4861611238213754,4.680000371645349,5.994443254004693,5.832722791840638,5.268756221103615,4.798487782362088,11.434981550636962,8.274675144538264,6.686343906364982,3.4188282689175935,7.221395242455799,8.3899728723095,6.074370317606736,3.0947145019936215,5.513471829570051,5.039684322698577,3.0813070266134446,5.6066277345336175,3.0662947713907442,4.381689544032156,7.788981971034843,4.7709540816349545,4.60329484101419,2.7390914188995907,3.742667096954051,5.18334976574414,6.012394431803841,5.805964030597977,5.491295115101764,5.100421020975432,3.240112083577742,4.047503118459645,0.8218074745830108,2.777155088346717,2.5272119467812217,5.34659346623306,4.118832046655257,5.638134602169771,5.554817254155864,3.060485843382594,3.2773486824810334,2.2090835045959807,2.3597644436530913,3.6905271802477273,5.2850657527487215,6.473167580472136,8.938928636258595,7.385761872585022,6.0723161644414745,5.345710107226012,7.443595136370959,4.825332357815512,5.577601469076853,5.1320218706858896,4.274979251116463,4.725933736811953,2.5023491771086697,3.7536164389837268,3.945776529804448,5.101602259310653,6.053772048524024,5.825485048540486,5.384611435937927,4.946396293027192,3.986124446860856,5.109512358758252,3.951817107051113,1.6133221145889252,1.7588550867735648,4.000783850877895,1.8227223961796426,0.12521546422192387,0.42953515333795167,2.7821915864490165,0.4056897165694977,4.439312782948036,5.545873036998444,2.0890795030003346,3.0163808850210216,4.456225434079215,3.599347476508399,3.3919130219257454,2.9113743411074893,-0.8124545738145343,-0.8030131956739979,0.10987056162070985,-0.02319113710188958,1.414911664734177,-1.3714916084217634,2.026151959200945,0.4822596912181325,0.5203575953490827,1.5063483400712698,-0.18785349528292272,0.0444687640777488,1.083867881209983,1.8058917319109469,1.6866129859349712,0.7799849918218342,1.591315909918933,1.3634626507004555,3.383898664727667,2.209842139262264,3.883984555988718,5.437176355294753,4.470519054013209,2.407806496353146,1.8651538568155388,2.7453581980269064,0.7934710347700502,2.257076566276396,0.9708255628211191,2.6962789693620834,1.124837721665699,1.7244527788386108,0.4599621945356489,2.191406486684798,0.0783256389363487,0.39488343923738967,-0.2652372893288657,0.8548847622229232,0.3537872982586805,0.7232574493746711,2.6797832385227593,3.311129471797585,3.139905658019188,0.9469302034100906,1.7127587490299447,-1.6093511323865073,1.4981432389393206,0.022191344502971333,0.03604622692316184,0.12652599007577692,-0.7721238976037625,1.330311257948182,1.5195738143533504,1.3150607813581132,-0.5302189227013514,-1.917446574471711,-0.8058273762368913,0.0038997180656963337,1.6160635466427493,-0.8846298554235545,1.431770746670793,1.771088993026325,4.2380436442384735,1.6716977662151749,3.3884394405132525,2.5955409809334924,2.5477444552059865,1.3542075650612446,3.9784120982754985,0.26344786150099253,0.2947748690177434,1.1417093099326223,2.905778647586203,1.978503517280643,0.9771275303419316,1.0963629723159158,0.7291642185357432,0.5482859497370498,1.0202144631923602,1.0979319730253962,1.4689634380183634,1.9893517735663124,4.421801735472968,2.520961239981432,1.7350812767799084,1.5583873149059286,4.797879308091808,4.085309861848259,4.33841132650727,3.0269786321509855,2.7943750006064647,3.423489718190069,2.0167460935383303,0.8617019806343365,0.6891218188959556,3.8750946686019745,0.5806674068613233,1.6354198484690414,1.801930407379615,1.6916237695525354,1.6380618919260428,3.3091266306358307,3.491718232698844,2.02354838179744,2.5343205999420775,2.450964158936756,2.072707271489719,3.0263993651737735,1.2481242794315222,0.9426270500893565,1.6822825930436238,1.7846286937951845,4.686679287976119,0.6247035038486501,0.025460723663798035,0.9950773326318085,0.931290431190348,4.002863631597165,1.7428182654811053,1.949235688989404,1.596878602542347,-0.6150184424649865,0.5660778958697392,-0.09610825948516322,0.9839245015805318,-0.037352831421571864,0.3592320486433209,0.20679835190571794,1.6697213560891555,-0.3218460938725798,2.1721516340839457,2.377005902243752,1.946642499231075,1.3788437874933948,2.9503988928215676,2.376375001364238,2.725430923175793,0.9438497423918193,1.293878015721532,2.1747861312706505,2.317326281351086,2.149744947631916,2.7669143566120056,1.934315040323554,3.1629106525450084,2.760234477841948,3.4130309102701517,2.291396728995039,2.156340237113227,1.3868352068236902,0.6759421087535884,0.6180426859793045,1.739967954802836,1.6443392749955592,0.7373514407302082,3.2094703219801204,2.5943623985769193,1.2141307190534292,3.4112332971157002,4.020620700838151,4.6127167899840344,3.8512982937390063,2.4531276250359753,2.4622907252522737,2.003042968187117,2.0194102943984262,7.979184008105136,6.929569579260601,5.640847546598863,2.735050990760385,1.972991114824012,0.8143237580317759,3.6300357390840645,0.43546956917487023,1.932483204600146,3.0062536499054744,3.15399537507993,2.535100589037526,1.2251675451563528,1.8266115650813646,0.8868017663979231,1.2992756020963725,2.2427800922486654,0.2281925591278764,2.4025213873505322,1.5724429074638806,1.7349560857394408,2.263547463138096,1.9547457044882321,0.8105846193573143,1.4289230171505096,1.0660363742614436,1.0131350217502586,1.6390048676668698,0.5997776049782146,2.48624662798494,1.7788994848768311,2.9166661632075943,2.1640379960784344,2.44589878615443,2.5551512237006477,0.06437609911870368,1.7098578657521557,2.4244370618152544,1.964188612641749,2.5635426088367836,-0.2801010847106795,2.5887687128000607,0.7732062383731773,1.2978124061708058,1.941536807917501,2.666030016396519,0.3567552764487232,1.2210520921905754,0.20109269573504207,1.828030825507426,2.1230485811722133,3.431127012890954,2.7229030864502874,2.0211679655395187,1.9785343189014384,2.1053569227329376,3.9563018788143722,1.474668806417867,2.3834657914895843,2.3404618198723597,1.5411911419922717,2.094769622373576,1.4694514601910669,1.9597693316659388,1.5995975019142747,2.6754574399774356,1.020272432476304,2.056153120556246,1.0806525482179268,0.22182129554607855,1.4101161455955662,0.5118687982036363,1.4419032438369186,1.3779218397435216,0.3797831710517272,1.3188386050192094,1.0260265680927887,1.02251667807775,2.2594100908014525,1.4730022568119239,1.4876773899743512,1.470509071013339,0.11292375922926112,0.8177811775155845,1.1126968968486608,0.9856669606257356,3.0014084923806195,1.52717834251996,0.7300835251764966,1.176885290192672,1.007716701609759,1.1110780153505928,1.543209254730641,0.6047503563714898,1.0293168716165155,1.6225877373792628,0.8018522002390682,2.57024529178193,0.4199194499810801,7.357061127024963,7.797406446245077,23.696008879983538,0.7249926540449678,1.2747298992911738,1.4725769270140745,16.875363797985642,24.27207908660864,1.173667840149733,1.3901449442928424,0.886966451534029,1.2184211305793724,1.5828406301883433,0.3168316237625959,0.3073813332064219,1.7639371233018437,0.48713285152939534,1.5704298051775893,1.5494240799988575,2.5065637265195093,1.338982461855494,1.0760616772718095,1.8850190864338785,0.6661197807522967,1.1512135935560082,1.830111564755164,0.5279250646950686,0.24425334833631496,0.5186889039802054,0.4296158519970277,0.848894365624119,0.8632969896881377,0.5712157519967533,1.337556418491431,0.3319427155698804,1.555838751011379,1.8265159419302108,0.7692976128452074,-0.38708809559750534,0.5166403165982345,0.9719176872155302,0.7598783568168983,1.4938251478744178,0.6974573827995982,-0.3438566064429551,1.589165626936051,0.99110137677701,0.7042565072523601,0.3723207555921064,1.4845305110128422,0.8803227785754117,0.14673878500479276,1.7620168735829793,1.1884651971370275,1.077829598503179,1.3313217440536391,1.0601637209424553,0.39523461820078865,1.3391823702595538,0.7266193648242734,1.2555077702326116,0.6367014515699339,2.0110048624821957,0.6516209982917189,0.7447394085917267,1.7391895772024135,1.82408487953467,1.230946506582086,1.4954317431748905,1.1096262788812545,1.1652765271386443,0.9609635835128074,2.2168554173982784,0.743291716058252,1.323401709474748,0.035286019365003085,0.12258964499403646,0.49089911041801315,0.6227052243093532,1.2352628453712668,1.201084948747166,0.3558134296329172,0.7366434078426174,0.7975141997862956,0.8924714782631362,1.348411635881579,0.4502254370618175,1.3157312152404792,0.3158619591489469,1.0105420725760723,0.6064740344146458,0.21186855380153347,0.2686822356471339,1.3508983360380853,1.6250465472056703,0.29739794240435913,0.31912318213983326,0.7425910935888851,1.0270212868360886,-0.6458897430654815,0.592409712397739,-0.5183922543284325,-0.64550420122589,0.2219653096987031,-0.6295388654822318,0.7498916996366916,-0.05557388053807699,0.18508401934809626,0.3673238225121622,0.0024086059040655527,0.7954547880372047,0.402802160597048,0.313201248102132,0.4050833972166856,-0.1850853705989266,-0.48098769499779337,0.05057370661688587,0.45657288942333984,-0.08737496791752619,0.45663374263415335,-0.6452603074440049,0.6009964104943037,0.571106154786321,1.0510370462158107,1.2598473584168914,0.39648131491219196,0.7650322823443485,1.5649774225460078,0.3066172613987401,0.9376033950929923,0.19139690606402837,0.8665928314487701,1.5133769180044947,0.5427718085556972,0.9199887229216301,1.4172008398886629,0.16183923422101998,1.2609624482145119,0.21449323527656183,0.7250386251835153,-0.012930169330843455,1.6955872812091002,0.37041396012966743,1.6844231038669477,0.6529485441395764,2.475141807688372,1.595229581789111,0.729712323537683,1.6818069824229287,1.0788089948379138,1.2657203092931013,0.709290736998355,1.1421486399600553,0.7109371255385213,0.9760069200340258,-0.06929552514338866,0.34342344606136344,0.47650901954023084,1.0183717917889226,0.49448037897388986,1.3911130030655823,1.412555877968316,1.4610998010699632,1.51126672122723,1.559957362695739,1.6069667001543166,1.6523060363565492,1.6960017721479517,1.7380810968182914,1.7785710300568098,1.8174984177453553,1.8548899279087436,1.8907720468217804,1.9251710752706686,1.9581131249640293,1.9896241150934202,2.0197297690390315,2.048455611218401,2.0758269640758726,2.1018689452098442,2.12660646463587,2.150064222182209,2.172266705016227,2.193238185299606,2.2130027179664467,2.231584138627113,2.2490060615917855,2.2652918780120217,2.280464754139075,2.2945476296952165,2.3075632163556747,2.3195339963415336,2.3304822211171086,2.340429910193052,2.349398850031662,2.3574105930525775,2.364486456735108,2.3706475228177624,2.375914636590437,2.3803084062780044,2.383849202513943,2.3865571579008247,2.3884521666565206,2.3895538843433997,2.3898817276783575,2.3894548744231088,2.388292263351218,2.3864125942901637,2.383834328238663,2.380575687553687,2.3766546562092117,2.3720889801213616,2.366896167540858,2.3610934895091304,2.354697980378319,2.347726438390737,2.340195426318928,2.332121272163022,2.3235200699036795,2.3144076803098415,2.3047997317979707,2.2947116213447316,2.284158515446393,2.2731553511283664,2.261716836999881,2.2498574543546965,2.237591458315137,2.2249328790171603,2.211895522837608,2.198492973659654,2.184738594176906,2.1706455272341145,2.156226697201646,2.141494811385769,2.1264623614700895,2.1111416249889317,2.0955446668302784,2.079683340767815,2.0635692910208263,2.0472139538399006,2.0306285591188953,2.0138241320299812,1.9968114946827882,1.9796012678042416,1.9622038724401136,1.9446295316759006,1.9268882723766865,1.9089899269447415,1.8909441350932639,1.8727603456364932,1.8544478182939201,1.8360156255090487,1.8174726542811186,1.7988276080068317,1.7800890083364038,1.7612651970375737,1.7423643378685938,1.7233944184616803,1.704363252212488,1.685278480176862,1.6661475729737276,1.6469778326945743,1.6277763948155552,1.6085502301153838,1.589306146594481,1.5700507913990123,1.550790652743899,1.5315320618391297,1.5122811948153867,1.4930440746502427,1.4738265730925377,1.4546344125864152,1.4354731681941075,1.4163482695138327,1.397265002596555,1.3782285118586515,1.3592438019900328,1.3403157398571466,1.3214490564026846,1.3026483485371045,1.283918081026286,1.2652625883716837,1.2466860766827494,1.2281926255425333,1.209786189865099,1.191470601745209,1.173249572299369,1.1551266934964133,1.1371054399804734,1.1191891708826915,1.1013811316236115,1.0836844557047698,1.066102166489486,1.0486371789726263,1.031292301538656,1.0140702377082107,0.9969735878725032,0.9800048510160195,0.963166426425687,0.9464606153879913,0.9298896228729063,0.9134555592036122,0.8971604417142771,0.8810061963937414,0.8649946595149913,0.8491275792498527,0.83340661727118,0.8178333503384465,0.8024092718703741,0.7871357935026708,0.7720142466298512,0.7570458839329604,0.7422318808916089,0.7275733372807736,0.7130712786525919,0.6987266578016715,0.6845403562152796,0.6705131855080708,0.6566458888405577,0.6429391423218931,0.6293935563961668,0.6160096772138104,0.6027879879854936,0.5897289103205594,0.5768328055497705,0.5640999760305476,0.5515306664366335,0.5391250650317261,0.526883304926173,0.5148054653178633,0.5028915727160665,0.49114160214980984,0.47955547835886136,0.4681330769684564,0.4568742256484484,0.4457787052556341,0.43484625095925367,0.42407655335046,0.4134692595357592,0.40302397421464775,0.39274026073906043,0.382617642158948,0.3726556022495515,0.362853586524011,0.3532110032301716,0.3437272243299958,0.3344015864644234,0.32523339190129263,0.3162219094685952,0.3073663754705649,0.29866599458932797,0.2901199407704098,0.2817273580932351,0.2734873616253708,0.26539903826096634,0.2574614475465751,0.24967362248810332,0.2420345703461635,0.23454327341323733,0.22719868977867463,0.21999975407777583,0.2129453782258679,0.20603445213782834,0.19926584443430784,0.1926384031322641,0.18615095632230805,0.17980231283081594,0.17359126286976334,0.16751657866973346,0.16157701510314837,0.15577131029033353,0.15009818619421367,0.144556349200343,0.13914449068465728,0.13386128756667404,0.12870540285177867,0.12367548615918622,0.11877017423728375,0.11398809146646727,0.10932785035083725,0.10478805199466024,0.10036728657019012,0.09606413377025547,0.0918771632516382,0.08780493506367293,0.08384600006831988,0.07999890034659529,0.07626216959533849,0.07263433351147341,0.06911391016558355,0.06569941036480031,0.0623893380050049,0.05918219041154771,0.05607645867110023,0.05307062795202455,0.05016317781507951,0.047352582513667585,0.04463731128487325,0.04201582862981468,0.039486594586492174,0.03704806499092683,0.03469869173045481,0.03243692298747192,0.03026120347487904,0.028169974661523156,0.026161674990134998,0.02423474008583071,0.02238760295836073,0.020618694193444753,0.018926442138877064,0.017309273080513776,0.015765611410984093,0.01429387979180774,0.012892499308236438,0.011559889615796237,0.010294469080577073,0.009094654913496925,0.00795886329581208,0.006885509499397813,0.005873008000207847,0.004919772585935789,0.00402415890107477,0.0031844738842892184,0.0023989846350787047,0.0016659267267868927,0.0009835119828949246,0.00034993573410702083,-0.00023661642524075432,-0.0007779623654187162,-0.0012759176138388284,-0.0017322899964256067,-0.00214887470690428,-0.0025274497889995473,-0.002869772013241345,-0.0031775731273455676,-0.003452556468914736,-0.0036963939168117577,-0.003910723169497032,-0.004097145331570573,-0.004257222789874504,-0.004392477370629422,-0.004504388752934574,-0.004594393130219032,-0.004663882102477146,-0.0047142017854184814,-0.004746652122662454,-0.004762486386880482,-0.004762910858403302,-0.0047490846691289335,-0.004722119798088897,-0.00468308120821348,-0.004632987113041054,-0.004572809363367014,-0.004503473944282632,-0.004425861569188783,-0.004340808367487625,-0.004249106651968759,-0.0041515057622518725,-0.004048712970984525,-0.003941394451089764,-0.003830176293263321,-0.00371564556883186,-0.0035983514301278774,-0.003478806244970656,-0.0033574867564993838,-0.003234835268244751,-0.003111260843979835,-0.002987140522691334,-0.002862820542418376,-0.0027386175678429936,-0.0026148199226554425,-0.002491688818054172,-0.0023694595779488736,-0.002248342858365504,-0.0021285258575289845,-0.0020101735150319655,-0.0018934296980432919,-0.0017784183734192993,-0.0016652447627620859,-0.0015539964808795048,-0.001444744657078445,-0.0013375450361081676,-0.0012324390597768797,-0.0011294549281046784,-0.0010286086400128625,-0.0009299050134359277,-0.0008333386825825073,-0.0007388950756421764,-0.0006465513713465043,-0.0005562846744169292,-0.0004680720256828863,-0.0003818904107220078,-0.00029771676815926185,-0.0002155279988755865,-0.00013530097351122095,-5.701254099221842e-05,1.9360463170414732e-05,9.384120971844823e-05,0.00016645286655148084,0.00023721859247416432,0.00030616152889706427,0.000373304793583884,0.00043867147337550705,0.0005022846180509077,0.0005641672325964464,0.0006243422723173353,0.0006828326355616809,0.000739661158263516,0.0007948506078037099,0.0008484236772119402,0.0009004029805055325,0.0009508110465503705,0.000999670314058676,0.001047003126927848,0.0010928317285561207,0.0011371782579772116,0.0011800647446307266,0.0012215131039283733,0.0012615451332749217,0.0013001825078617912,0.0013374467758922037,0.0013733593563074464,0.0014079415342393986,0.0014412144575999264,0.0014731991332155303,0.0015039164239851743,0.001533387045924428,0.0015616315640727407,0.0015886703909018252,0.001614523782222932,0.0016392118347994256,0.001662754483959361,0.0016851715006396262,0.0017064824901353859,0.001726706889144225,0.0017458639637197848,0.001763972807339087,0.0017810523388561705,0.0017971213005694153,0.0018121982567436135,0.0018263015919046666,0.001839449509361657,0.0018516600297289187,0.0018629509897891694,0.001873340041015581,0.0018828446488896589,0.001891482091537,0.0018992694581356773,0.0019062236490299256,0.0019123613744795875,0.0019176991542053656,0.001922253316934075,0.0019260399990344013,0.0019290751447442744,0.0019313745057161213,0.0019329536402210579,0.0019338279132625757,0.0019340124964628558,0.0019335223682901415,0.001932372313376618,0.0019305769235415937,0.0019281505968820056,0.0019251075384545402,0.0019214617600482597,0.001917227081321471,0.0019124171295743508,0.0019070453400900078,0.0019011249572713496,0.0018946690344137096,0.0018876904350690893,0.001880201832932471,0.0018722157127513128,0.0018637443715761037,0.0018547999189877373,0.0018453942785754407,0.001835539188846269,0.0018252462034524797,0.0018145266924420866,0.0018033918433957297,0.0017918526617677344,0.0017799199735009097,0.0017676044250265477,0.0017549164846286658,0.0017418664444903698,0.0017284644203527932,0.0017147203542435818,0.0017006440148179536,0.0016862449994050621,0.0016715327350311782,0.0016565164803523658,0.0016412053267913507,0.0016256082000154493,0.0016097338618692447,0.0015935909117388292,0.0015771877874612983,0.001560532767712175,0.0015436339726875303,0.0015264993672872151,0.0015091367613422335,0.0014915538118884797,0.0014737580254404747,0.0014557567587871745,0.001437557221379393,0.0014191664771487922,0.0014005914465542446,0.0013818389080597626,0.001362915499726114,0.0013438277213708716,0.0013245819365010902,0.001305184374473356,0.0012856411317443417,0.001265958174485604,0.0012461413404025734,0.0012261963399851084,0.0012061287596907277,0.0011859440634225393,0.0011656475943482292,0.0011452445771737985,0.0011247401195078055,0.0011041392149309104,0.0010834467440190565,0.0010626674774130151,0.0010418060770689408,0.001020867099100542,0.0009998549954843838,0.0009787741162199382,0.0009576287111485726,0.0009364229321136008,0.0009151608354613927,0.0008938463834056165,0.0008724834464146625,0.0008510758054853795,0.0008296271543031253,0.0008081411010607553,0.0007866211701639259,0.0007650708058690725,0.0007434933730792181,0.0007218921599587702,0.0007002703800935706,0.0006786311751056928,0.0006569776165861185,0.0006353127074589793,0.0006136393845963539,0.0005919605218878132,0.0005702789318320356,0.0005485973670147359,0.0005269185237466445,0.0005052450428593147,0.000483579512660981,0.0004619244707555481,0.000440282406316328,0.0004186557622460896,0.00039704693710973515,0.00037545828763541067,0.0003538921304198084,0.00033235074442927726,0.0003108363737283071,0.0002893512288437705,0.0002678974894934072,0.0002464773060637526,0.00022509280245230912,0.00020374607743178785,0.00018243920737859298,0.00016117424809181102,0.00013995323695326078,0.000118776616204741,9.76434425865591e-05,7.65515965213126e-05,5.54979924345389e-05,3.4478786687941465e-05,1.3489586308423895e-05,-7.4743434197444e-06,-2.841787056695466e-05,-4.9345789534527285e-05,-7.026261266673828e-05,-9.117236459132982e-05,-0.0001120783737178499,-0.00013298306623710232
29.752242790950845,28.634291468644506,23.743204846895424,21.085019567518543,21.356687866759103,12.006746786422582,5.387906037333551,5.387175887454418,2.9699352065819085,3.272765939076521,8.622862525273717,12.139533336044678,1.7905355870059338,-5.2823024545549515,-0.7951849269658169,3.11691308405193,0.8768246580760888,-3.156704351069152,-3.422535599116486,-2.2052636505825376,2.1731972974940845,7.658655075496881,7.63911700352071,2.956447057670175,-0.5644593232995021,0.9232656599729125,2.9799963715584,2.1955260285136546,0.7532144444276128,3.1162063695860525,2.822414545359834,1.9179301124368067,4.465994808169853,4.665836506243068,4.835823258742266,7.430675190231568,11.081137332319258,15.034897332917808,13.079436653704533,4.925819237239693,4.642163382204217,3.4066943165701105,-1.5778270630926272,-0.9576392243211558,0.9987205327092852,5.011860130640116,10.53908172817819,9.72457663128057,12.449717709185506,17.654226468047682,14.64794035654927,12.788546620450916,12.29017635321975,12.815201556967395,20.120231286037324,21.615315696067682,19.694145508796055,23.023114362554452,15.619444004384832,9.689440793081076,11.815508158305192,8.129364967024003,12.033969139029068,15.888942820238299,9.893140351610555,16.19304632114745,21.49581327284841,17.996995451721432,17.246637140693565,18.40952691674147,20.16607663217974,20.432169931181306,17.03250191787447,22.742815457857887,29.46458413535629,22.34341988531196,21.782255914959705,24.981874759692346,21.583608534489485,11.93105736395546,6.925070190896349,10.000552382200794,14.415406659124528,10.61674372724383,7.902136717781332,7.615910629973996,3.940890649406356,7.354945145384818,9.244511429064914,5.529473341731318,8.564894464281679,12.44143352779065,6.819206414656037,-5.019235713430589,-1.39095175169723,3.5437873763112293,2.4543143612222593,2.719434195534177,-0.23138919399752922,-2.068301527561971,1.992777398219232,7.7670761925960505,4.031004906165435,1.643126133129499,9.031215931776387,8.356814844520613,9.267790635653228,11.23598484316085,6.610679484499997,9.504339047279473,13.094857045540266,9.737982488201851,4.024326355948233,3.030948850977211,10.666330671491323,19.639123111035815,16.09218049808578,14.58180734564121,20.60461417467218,23.455671962029555,11.633174624103503,7.076353770778951,16.124830473623206,22.87127685438122,21.787880023876596,23.92995468861818,29.157867087265004,24.920359971729795,22.618931967202116,19.233814558397626,12.182981108764125,10.32385618336798,5.795479339915346,6.728832463101071,15.61964295182247,9.296034993030844,4.740916367963791,9.068663654817101,12.056983035821077,9.799619825400896,11.058042741659392,13.90438846804932,10.635401957220665,13.919042591696325,17.70244349514701,18.951291086839547,23.126143062671872,18.610528856225756,16.085216799405316,22.56678879275114,23.64518938609308,13.522177278834079,10.222873063670704,22.172542465456218,27.265810538320466,22.06099640820139,12.708701630705946,9.880399578778906,20.782596534182176,23.5992147828249,17.20436007923263,15.148283278946337,15.41421691550886,20.08719864826071,24.456976509181914,20.58478089653363,12.651834880066644,18.595218846053967,26.557944532772126,15.427528654914113,14.235039958877678,22.08283471080904,26.68752556585082,25.48276398648636,27.867652868010282,30.203084549627874,29.14633530252945,27.384097322908474,24.2541829392012,24.602946663308785,28.609992534839876,29.892422133108084,28.054638863928176,23.50280095637254,16.046750357488236,8.853626468728635,13.657095407185352,19.471462053024652,16.41112757695305,12.037268546280757,15.259936840329146,18.531663603443576,18.900803649288264,23.04022165711058,19.504738423890558,10.320730059774178,6.5957474822444055,13.608483154838268,19.307794897142685,18.894248152272212,17.69731268256055,22.346993470293455,26.77883572021301,26.64188337892392,23.784030254210393,23.563543466231067,26.918399670803865,29.73811125333077,27.578447672998664,20.452328735496394,14.472525004292947,10.140232731999276,9.09629516147379,13.605211748114925,16.8882681470659,18.13183654357499,15.678659504374536,10.103899658015052,13.880301072992552,20.26869274491355,20.87475091416718,17.22602479427337,17.845056628464135,25.742424046744645,32.70885426180121,32.32059437301541,33.22078274013461,28.02106035022007,20.624202563568133,19.179319828994267,16.573191431331225,9.212003917167294,10.029041785147001,21.954170643963153,24.31215256034352,26.28761068684844,29.93491672138589,30.07943582685175,24.985006735151728,16.42474251399699,12.068726388848518,11.635135645818082,8.330061403205946,10.319554553300577,14.457897577258791,17.209479346156968,19.55748611340755,19.293940302100737,14.616257887390475,9.742116586912289,11.10672195355096,18.04786645660397,21.0027066890716,21.428050759480584,25.40265291827336,30.49354652308807,31.914857117859356,28.51437418935484,26.513175048482935,32.245493334400635,34.908963355261676,34.54496619466954,32.081964406269435,26.04448642514717,21.994166853191928,18.722862297219763,19.94259318025479,25.731100709283965,24.3764512454743,30.72774373313223,36.19388913204375,29.884723063596084,22.577313857912486,13.107930958207135,16.25729955777433,28.240591781302783,30.605863869940094,39.30998271733597,40.00610121905402,36.82417498028508,42.46678744154724,39.075483204691636,25.37590907020308,18.034503829454934,16.70061389247985,3.219994998671609,4.539597506426389,14.364428092765365,17.473833801063165,14.211613363251672,12.42656864669243,11.896943456959434,11.250467661657922,10.889284001198575,11.547321200320312,12.801158262021318,10.691240222068018,5.855545015797816,5.70255732192436,12.103285647669736,3.7816432034369427,-7.235723635699287,-1.0839120368900694,3.2235124273145175,8.76711112603175,5.099124793527153,-2.291072923583215,7.22712646296759,12.53691759963067,15.625010035144442,12.753868900493671,0.34208569384873044,-4.047706393256021,0.07315118712972435,8.89477307087509,15.234104941220721,14.62903885755577,17.488925316796212,19.20663386076626,16.807722712084797,9.565184696145707,-3.731875761179708,-4.400190151476181,4.127336041741728,8.046136795279153,3.257700360707986,-0.7737416743887024,7.3430439049275265,16.896636840825295,19.285723563043803,23.734184124159583,19.247756999738385,9.741602120053813,4.242571826540825,6.553518463036653,13.773070316308349,12.767189002147461,7.998880657473819,9.28991479092656,14.437768119069005,12.407518968534987,4.218809651869833,0.7358857330532373,2.03576090887168,-3.2830668224773945,0.7815868570651219,12.20935576010811,22.92274471485007,26.283222172305614,17.828035541213467,16.600533117616123,16.60182508662683,11.281506301430454,7.471494173780002,4.100750885714888,4.615327715875537,5.7010216265771305,5.518726774852212,7.397183427318396,6.550385204971008,5.468203895336046,13.3872147324646,26.8193830285868,28.256409085336372,25.030688764595197,25.260625844793594,23.230637226291947,16.90482478338845,18.74509080169355,16.582720641959895,15.842991931055622,17.525887668827636,17.060100208323092,21.46306526718854,22.695698302372648,20.42093899170527,19.502408337196584,20.110365923763084,18.241119190767677,21.59629583216247,26.200031483412204,22.50224087035167,12.306473794125168,9.827044407214999,8.444525397081634,6.180845890355613,8.993236903590514,15.364929811817092,11.313578918868643,11.514795976459482,12.584865433071172,15.908747343518371,26.59185948850336,20.02062391722984,12.651650449402041,14.692157254224412,18.025874907612433,15.842806930327697,16.61054293116922,14.891763708093094,17.322268515188853,21.989881484556918,19.78638009419683,20.552148021556604,19.311282785759886,15.024891569464216,12.543239780449994,12.677772964633732,10.1818299448571,12.54312327618527,13.657445550187276,11.058161346307088,10.196358487619364,11.159232089819852,13.288492850530474,15.604927499888618,18.16826186886874,18.44007569670316,14.379871710486213,17.981940832366945,22.310885046507792,18.37759360137761,10.562704490919486,10.186795277566944,14.908943444045462,13.500774282526436,10.736108859912292,11.282077439901968,9.542869759459563,6.791448841402598,5.957270894888097,10.112735785863606,15.093060167364456,15.331604212400634,14.3690263893659,13.00611546942946,7.731158786859396,6.140108390936803,12.747616729702486,15.92917548093601,12.728487938280296,10.361863224335593,6.795365048228177,2.6538695594613273,2.9245569155016256,1.5498072037412385,6.562332250366353,7.154145484395485,3.1053944442383,7.175351929452518,16.119384179056397,15.125840112970764,14.688242820427604,12.74115391713849,8.872698003114692,11.767556021440896,10.404841621681726,10.591548136021629,5.001489145223331,-2.2862493916059066,1.2650595860563953,8.243557374162037,3.992756235908473,0.6397369460748905,1.5176345676645724,2.9067276543955813,5.231703787909055,6.020277602922306,4.20909875785992,0.03816103567828577,-2.6944367328251246,-0.07780275191885266,3.9797675818640528,-0.05978109994907754,0.5627366471287587,3.7457890859802774,4.530178407588892,4.453776740860121,4.255139355430401,10.903900177121386,20.88006868280354,22.472613219895038,17.246134813430444,17.447483217748413,19.88686095475964,13.746172903189745,11.594773124953917,15.572204737036827,14.639298759446547,10.819995006532963,19.416796281841016,22.644679892853674,24.087761830374347,30.4693159769879,35.75956204869112,34.28455167548759,32.44491787236166,28.312799014904158,22.219241367027735,21.305102814490283,23.900325935187766,20.074963481191844,17.5808285098567,18.92803285228706,11.957985409633238,3.833138112115421,3.409301069154708,1.8444080302972452,4.324346505721451,8.533172766477037,9.560826440241499,7.586235559187344,9.444088918156012,14.014606779925998,5.449370767556275,0.5756202823317835,-1.3838980068994715,-2.103776356038452,3.9831058983527328,12.640911731473125,9.635146493649927,5.794058411743663,4.31076291316208,2.9314754318452287,6.375677572220184,11.542171934627504,4.0935544271537765,7.186316288043145,4.9033399477459625,0.8499680555818259,-1.3679079130570244,-4.683153891995289,-0.3320280344873936,3.929238338185769,9.088985062913707,9.58605207194455,9.38753766597074,8.641691530829803,0.4806491323550972,-2.174819673881757,-0.9365378538125242,0.6070085870341018,3.6106290476661798,5.348334526546978,2.867451090765485,1.1026333741384633,0.08185847764525533,2.4389383529385213,8.993903205204106,12.66651444104673,11.260138524711579,12.109573759262275,14.656367810028655,13.200953850133942,15.603150794095882,15.958921255868631,11.626494355497357,8.477403281197326,4.66375867181614,-1.2273931581017905,-5.022275403356389,-9.467082017711846,-7.423374714874399,-0.11028750006323662,4.081793429317486,10.628388729429048,16.441297945128326,17.265815652183164,17.571600016607135,16.70983823955089,14.27201117516131,14.745960311288286,18.989398755456477,25.98680816012552,22.844677556158103,16.797056852299875,15.44872121188996,15.360437770906628,11.383560499361806,4.862544858567617,2.460021441011804,-3.5314968345733178,-4.115761943893972,1.8169124194737378,3.5531942259665357,3.2027493112049115,9.089171378146034,6.920514258691128,16.0081633953547,20.646718870632412,18.100017447452387,14.353817652195971,10.402115947337279,12.081985973249061,14.39602767384281,17.000465273113036,16.77564264920136,19.746250124734274,21.750452907274166,20.311167647726847,22.797195052422467,21.626528132510657,18.85607363504755,16.399303527248662,22.97193398447257,26.413886085116474,23.783401364290057,25.445054164933026,25.123279732895867,27.448211453116187,33.061882053673344,29.60815257251238,25.451461796078547,26.722114690626313,30.953672954608464,35.253670223641166,35.41243733094234,42.93557258045644,45.996822590353304,46.44412402118269,48.94797973459379,51.84826050641675,52.6366876864339,50.436386131007566,44.81694760079995,39.27380109799128,38.07825004931715,40.787421590851636,39.08850496881246,35.77293339755022,34.623530225533955,31.251728505189476,30.36307403752653,28.95986242807021,24.849623062443584,23.998146590440342,27.45215379407898,29.035218524314473,28.94969606657287,28.934559896509427,25.39870246980945,27.929907391671463,26.011890786017716,21.52051686268487,18.2465031873528,12.302098376774325,9.487476469145918,13.686855682610485,15.362334145938462,18.167475904370804,16.80406124035244,16.123709928175117,18.302136741411687,21.28922476313869,22.539249777469877,17.401443935689485,8.903015650782208,8.864018275275612,11.475781126864831,11.02368781262453,13.274505069395218,16.533694820710707,13.385221080623523,11.292501776222707,15.290730839825642,16.541626953405625,15.888303754237995,17.614913264498114,18.157217245655602,13.991747182064273,12.455201199386465,12.403563133485704,14.390020164548787,15.640792900374436,13.620137619135107,13.469982374768279,6.900185988102862,6.17449997593917,6.696872918965255,6.5983035616692405,6.281945740570109,9.289014155795144,13.903276590214091,14.09026259310781,10.848520342961137,8.13826653110766,5.951699185903635,6.259897357816271,9.278080127143312,6.6573179989732125,4.324681527149437,7.198085326346018,7.026742406894073,7.335316719472189,12.380038894897552,5.506067053112133,2.368189423709282,5.181740560677213,6.59277987884002,8.840689028754923,10.109001833732236,8.945753186137608,11.298391029937761,15.742536242648384,10.835559060227524,1.3015151560987306,2.834307752941868,3.2483233417227666,8.640174692476194,6.454496711342699,8.690061624038549,8.298582905362082,11.048972868136502,15.803404714076692,10.909341067344144,10.080453909259518,13.60762360286651,13.899588389880932,14.553561713757517,17.157356213929347,12.445816765879727,11.268654693418057,9.76525292733595,3.3762628028080144,7.063635948016554,12.055803145703862,5.7335382222495355,6.415235868764967,4.043252605351199,11.097175755898775,13.527417435284974,12.879542457264051,18.38972707581661,20.35206862025109,24.978814436371863,26.85495153399529,23.62704889771271,26.06001999458863,24.600721729764587,15.991052347691266,17.056464761654865,16.182163703804576,10.052241360799371,11.96260470733182,17.528129439433087,19.306317009998793,20.273551396455332,22.251429489347174,21.404136483895627,17.969707889241022,15.872578441297833,15.396128832915906,17.456428599374703,21.39813460352866,17.674727646182873,13.478211778953778,12.31675139536037,13.187034931725407,7.802729573165379,4.999449428281196,6.399367883993818,5.517968374155316,5.425238087211028,4.886048913716877,5.576954330610533,11.30347461138092,9.620885331196746,8.64781542706669,8.8404783231299,9.270687164681021,11.051636048904811,16.898385821698298,10.977168098795005,12.216663977965027,15.219686760042691,13.372984071071642,10.978219007314237,6.367631941015361,2.5166506231604444,5.168829609378008,6.199864316912908,1.8844974976891535,3.5427593695821997,2.348500762798494,5.0046248876442405,2.8364712430127383,9.601812909366231,6.112499831957507,0.890708144295786,-0.8035936626097282,-1.6324952922889224,-2.22353259425779,-2.9604508422660274,-3.1017291564659217,-2.1961615868276567,1.339812742547565,3.9193662933075757,1.7540722720257236,3.0546490011512333,3.771316580850794,-1.290602655110888,-1.1884576485385878,-0.3456123963017035,-1.0961857311015137,-2.060731052357937,-0.3449593642834543,4.878422128584361,3.977359050868472,1.7619352112242268,4.00311048541505,1.1400574636359124,-4.4500633829793514,-3.9844520488652506,3.6982755662338604,7.461508340679984,4.563227068163769,4.189207206381525,1.8900308856127594,1.6028154617476957,8.547270875111053,11.153250948714685,8.27156812349972,10.298504916488582,9.774447021452943,12.185274707783037,8.534933673674459,6.820410390982261,6.390191942912793,6.4172886564119835,4.1430085592510295,9.263493021846898,8.192595402659663,1.4145416689561898,2.235761558587683,5.05240634763868,10.337653455804684,12.651899035822112,12.212520628536822,11.134416482261031,12.166577862336112,15.667919237068077,15.23825961982402,18.34521430874156,18.45352842578859,18.10045502403659,17.49457099479787,15.019073001370543,13.563320508376592,10.221688568375157,16.440967869780252,10.337808918681162,12.43431712003894,16.530062665346236,15.950493408914326,14.34216150907912,14.589288427564952,20.787886184067474,21.807891120603927,22.951549512121346,18.996874495746283,16.74696236266925,15.604272738768259,16.558482813506316,18.96529604795046,21.9647770402878,22.119901089832865,22.990284365828302,28.564556938808096,33.52855117012177,29.788433478725324,23.489258532282406,19.891556535238465,20.128597042331762,23.66952408398879,23.35561102543261,22.004447224309047,24.058497632390186,28.145344629909687,31.131581863126712,29.475047722359704,28.236848969143807,27.575074280790773,28.092755799989845,27.080483947079188,25.598072407339828,26.28248059550458,22.261815268843065,26.440852919657686,33.54986830235089,34.997783429583365,33.8165638340289,36.44478775952052,36.264267372922745,36.77094693880849,33.6341069390744,30.059523201959564,24.861183524323906,20.7134852947313,24.0681671656273,24.94447060092125,21.824525282706077,27.800443750190198,30.7168388015358,30.13725356032944,31.18321147691131,34.05271003867733,31.291949181108862,29.579693793790852,31.739603098051134,31.813961286935523,28.55604791468602,32.15572382680466,27.53276644678249,21.289567170038254,22.696117177776955,23.3842219284968,22.84664652514664,22.474957443190874,26.413465455460255,26.85536824744645,25.896998070325367,24.3323163256739,24.319234462087934,28.518102901181464,29.249975199051505,31.634486044359846,32.12598399764545,28.30656103803028,24.93512477969398,29.623485279597503,27.241811917595783,22.814323845570243,24.035037295908637,21.159489657066274,24.309732027275913,30.09932950210259,32.340270039107395,31.57360352732394,27.87608218816581,29.275260749748213,30.902756093984635,30.35313383541893,31.210763627225333,28.29811023179616,28.104505407634747,26.297439704527505,27.51290672118489,29.259517055479932,28.670756483682226,23.647747016266294,17.534356820068183,21.64588724402438,16.675445500823002,13.25705460731399,11.655656322958293,14.009482097136924,10.710424323040115,11.520796356191113,8.44796663341458,5.079319529299255,16.9425461908246,13.241667823444686,18.280191243046374,8.78355797650579,15.291660847680191,14.436615923164595,9.695630513825336,11.913036951711206,11.16693124774531,6.540962420765709,7.140079642448654,9.467119613968066,6.5654456662396115,3.8913840506547785,3.494216905029134,-1.5926431625853184,-2.1398000068392093,-2.3327587074035137,-0.851632066179377,-2.1251670173188586,0.662160631495567,-0.5185252749834035,-0.5413768371258811,-1.3279653383076493,3.400948961788572,3.6295750050245488,8.308796197854349,8.433562966587374,7.380477738684249,0.18043897324980662,0.42226675462188723,5.5161922819072515,6.409556086985845,7.790725982149752,8.96617216607899,8.843560347443827,10.338673014078267,5.238080343679144,5.765363198825867,2.872861683915062,0.9675662057130694,-2.2168119248937046,0.5697348929435293,-0.002780883332548001,5.810726388935109,4.566621676809291,1.2665208311235574,5.598867859330767,6.794709181294365,1.7156448562095648,4.37018588489434,2.314450518477088,-0.6676602258065714,-1.5822235895108179,1.234794776115109,4.082088438524238,4.1329846307512526,1.8008614471542614,4.066784557073561,4.027114859920289,3.411025348426165,3.276057753236728,7.386662643582326,6.892483132181724,4.103439913399598,1.7886204728205257,2.874094307561222,2.821086985875013,1.2272373628261448,7.6865219019933875,6.489144971577048,4.125078237530488,1.03625804892431,5.723092022008473,4.307996946751473,4.585630251749421,2.307069833236426,5.366703675758799,10.277632912061563,7.387613899938913,5.15573009442096,1.2436093777927226,2.012372524968896,0.36662773533146265,-0.6721957039122799,1.5944859987977225,3.603544539759014,5.624432022226756,5.733637542617373,4.353932593888544,7.526008017508957,7.887813741038656,3.569486439436673,2.9126488152870706,1.7969786341469671,0.586406299996213,0.9693859628979453,6.753146128337278,9.563884931423047,5.761381374918358,5.281615897775907,7.619314700701011,6.999855311705915,11.663079828902994,3.871321105496918,5.5404752815095435,5.904156615689715,6.053431205317224,7.37779595374036,11.889366787870529,13.17746836949567,11.38336508943621,7.0076645031873,5.505471318923128,8.082377825301592,7.446569754574,8.625171239738165,6.172100102728621,7.5757825803066225,8.342649663117129,5.641485099851479,7.940205105717837,6.339659902087874,6.9383490627974425,7.574487103887975,10.415175787019166,4.483839358589535,-0.39360874214503383,2.4527691338905697,5.802747296169798,3.6920507366237985,5.057496396205465,6.656549040022355,6.727874099307201,4.685185167762825,2.970057715132725,3.71055966256381,5.090544767009476,5.479077596008096,7.473280069371526,3.594010131269556,5.034762917997114,7.9370617709012095,5.7215127798055505,4.072240527937197,3.2325426103562904,1.8275216348205277,-0.7028702606507977,2.8659258128029705,5.369742792302134,7.170597410405662,7.0268986849638395,7.702059799579729,7.549733713682315,8.828601913369198,6.7841005008585284,7.888074607617682,5.808016880063292,6.142724107445019,2.7777051446953465,4.408313203177386,3.2728394489057564,3.6327984840168597,5.69095824547253,5.51855554523604,9.292386928909082,5.686623878519072,8.13221184919837,7.452185571166979,6.965245465329986,6.276986959326905,4.326500878022898,3.976858131474671,3.9506873025576965,2.662663695602305,0.9802210089325172,2.1757914539031162,3.8300652004872973,3.033345238188474,4.907458831706492,4.867537385766127,4.810370749893082,4.025540034906101,7.707990860821269,3.9682568240068576,-2.117278419889999,0.6723606731084146,0.5263712916297436,-0.6495272261373088,-1.1049805848756478,0.7551595387075736,1.0251368798691374,1.0686958307719578,1.6373675462992878,3.2658251643090352,0.7817409265001629,1.2530821581452756,1.614484807514998,1.4174059866336393,3.258041415608602,2.9452331571814625,4.046947704149034,-0.3529490870121208,1.4312759112611957,-0.4615461968501222,5.105706565332355,2.2787972184037812,5.425442618091779,6.224455583650581,5.014072219915079,3.1585289858373358,2.222745432711747,1.7472267334800904,1.8677232001376183,0.1349935148788859,1.069400665313367,2.88784082867636,1.6223651045601173,3.275513805725609,4.185550959650811,1.5493828443866846,0.7192192745073953,2.1173687866020714,-1.1499917464593068,0.8778065239566217,1.472173811870391,0.9267065228186766,-0.05710113566021846,3.3667456837230816,2.1498026962938184,-0.8993037964461337,1.7486486055016144,4.30714108317278,2.172805887854963,1.712184508090786,0.5659271018605807,2.2257426158874978,0.3456781971379428,0.1767656332852141,2.26871221454428,0.8146730894300163,1.180883623922,-0.769747313483208,-0.9246924421036056,-0.9153133451342796,-0.19647929701770295,1.2343469503430526,0.8937884524947037,0.9483094501428582,3.197003489145885,3.932387482444881,0.9711021687887751,2.0457272247424783,2.846911077416962,3.5300083702490497,2.8784862549530885,2.319839240203237,0.809149437450543,4.220611885341555,4.241547151959594,2.5500743335220193,0.9711321704510283,0.9276663503097495,0.8811356471419742,-0.3103337773065391,1.3966868849715866,1.9628658424132368,0.48412507003661176,3.923299188370436,3.0847449863277348,2.7069161505302475,2.0903235542427296,5.496094865467626,3.2056364738391494,3.5333132037571033,3.128221614721923,2.7286607937618896,3.4442063705521093,3.421344712643929,1.377560988675782,0.6605890485894292,0.033949347734534285,1.747948164073506,3.377080004595655,2.7981463304016643,3.415078391837369,1.2315691223248564,3.959975054208087,2.5801849453069963,3.5995377189673547,2.2736630561414586,2.4564263618121913,0.45843414660390636,2.093985302451472,3.3393659801335502,1.7997683710303818,2.4215403384450838,4.356275537383453,4.638135740072244,0.28286492471244173,1.5044793107694545,1.7686582974301928,1.0167433648792894,0.7777223008101828,1.6448985871404602,1.5207644707887198,2.044933616214962,1.1834813277952776,-0.5162642428297204,0.1735211534529526,0.8681638250142214,1.0634527093572501,1.4801522431063745,0.19873744990007935,-0.6492914040133542,1.0861663916078896,2.104152911513779,2.1088828513296676,2.434621355445131,1.0095359452523098,2.3652484885248555,2.5069677882156043,1.801566229111927,3.893427541984238,2.242990575297995,1.3980808731365642,1.9163046390733598,2.2071508714439005,2.822869607422149,2.0241914984279674,2.7671136372270837,3.068607035259504,3.353860811043404,2.2355485174462615,1.9766424442156563,1.346721713208126,0.6138241109205467,0.5196201016775319,1.9368073101011305,-0.2926478923209004,1.4924650569844573,0.9052333971013127,1.7509286661091892,1.6813646699627043,1.9578749980199177,2.7399635426935447,3.798637601683126,2.0344360590434007,5.383007892597959,5.026606796160422,2.178117944286555,3.536792280844395,1.4339987569872363,2.355959790990255,3.7354156020644496,0.9643423188447144,1.441742368787473,1.9344006756878684,2.653308256959974,1.7903748208548222,1.6448477619527466,2.5544874793900476,1.9550919275447427,3.1363864176506553,1.4766733359399495,1.7767248477795192,2.1633017404003994,2.6045723992399417,1.3465522834441117,2.758868041897358,0.8601024876568886,2.6386715319160317,2.5855849939983386,2.7756918458641735,1.2285276905637943,2.110112228578373,4.24220386810272,2.2286424103237863,1.7817419636536442,-0.45148357415280316,0.8955153441217476,1.1342390244449234,1.898727966435942,1.5419175147859931,2.5089440572238146,1.9387151895907806,1.0822064331032948,1.7493149290713177,1.6701113556035807,1.4256107349202125,1.0168794969376336,1.3010096248117975,1.8258278632917353,3.0676428826898245,-0.013403516276355276,2.8577868253857446,2.8544521529765348,2.594990338127161,2.0674355026683315,1.4233346925250316,2.180682195609279,2.425564503691021,0.8447682688903342,2.318088323622362,0.31169942070857815,4.121922870712297,1.9413354461909194,1.9134030949118142,1.475277483594823,2.832329081760065,2.795198597141905,2.092495204242084,1.6052402125924914,1.6963577986475684,2.714657598454778,4.606841839655942,2.277788137606933,0.9132421772521866,1.5095954728867582,1.0033487004107542,2.0964824262691195,1.4959285936226365,1.6438560575659835,1.7711679596359886,0.00298572180808776,2.1434238140383854,1.4350046039334075,0.6200061041322016,1.9532260201988834,1.736932088470212,1.4084550213469242,3.234524466423352,2.7994358484169766,1.242110733436732,2.589310678643642,2.348647336714407,1.411372390700997,2.118741866427854,1.199478079245928,2.6256846328765846,1.5453072962494616,1.9341495469170695,1.0679757979890496,2.119519110712531,1.771072070884884,2.136247242780996,0.5827005926702213,1.5410418221714508,1.894532552172457,1.9931853480896393,2.2254036991670887,1.5692210222835001,2.719825968319469,2.7509279968101126,2.81067248305186,2.827851805080286,2.687030459766156,1.5320538196423854,4.06881303956424,1.5787339417380508,1.0370895977386496,2.435010617800458,1.4458822997089555,1.0365848759710161,1.7900377106285603,1.6838324578632253,1.0310441438782618,1.3423489448531427,2.5583393156983902,1.314061770204944,1.2397369742889168,1.5303933543058292,1.6104178857332272,0.5039707979919967,1.3263262036507513,1.9284644942266596,1.3607525252839423,1.041900312812004,0.8813976134342738,0.7012630712827104,1.0985243976230095,1.5734532521493065,1.4710210443225833,0.840415029676933,1.418448201653753,0.22460635173376886,0.7743849562124296,1.8123711132116114,1.2308721803286744,2.031619924987801,1.0047523635964808,0.7041211460702925,0.782454774974326,0.24006163851652929,2.0202699136020783,1.6765380631889002,0.6832418591940197,1.0836694119838057,0.6774030140888954,1.415182228822573,1.545270050293432,1.2768897192751112,1.1433381135179914,0.33920501286853977,1.4335422105257294,0.396099173897138,0.501505369248779,1.5206747080997047,1.9354165901481792,0.2785122478887807,2.1696224504989914,0.3290167649885234,0.2792792997054221,1.1608663682554834,1.2356789584649697,1.46020183489577,0.5262406834632429,0.8998930362505462,1.7663420660765077,0.6659458740801938,1.9804529945090543,1.0939445823929645,1.4385419847319554,-0.24124609443776635,1.0743364789184398,1.3671129702131566,1.1562943853256265,0.2743564402258052,0.6013611762941764,1.5207504292529848,1.1761683825253613,1.5510093573760741,1.6376225592838374,0.9430874921176837,0.7251796782352358,0.8624612125551039,0.33452065251208296,1.4099460267898394,1.449917569999002,1.480166157006014,1.11977578916958,0.7563850073320246,0.9547390976566703,0.5169165683983046,0.498100995911269,1.2169723037841287,1.5432586446033838,1.2296950988189792,1.139408209376029,0.9321094792577505,1.8116863991912169,1.041503219109586,-0.388902591343367,0.39366188142059855,-0.6784444589818577,0.24274470409284277,0.4534331472962094,0.002498725788992573,-0.3319937388923755,-0.3645506840067583,-0.0485130744059461,-0.41930292165136684,0.9243514345027961,1.1571480466129742,-0.4190302573408662,0.46050593656639194,-0.5396903809344167,0.2003761634256307,0.28530253829194585,0.7225081867788958,-0.6400647104164818,0.19697134394664317,-0.014818299832315418,0.33442426850035467,0.3989887923000861,0.05256538736432326,-0.19028768345867775,0.7928960863247294,0.8371114084674218,0.6446090799828426,1.1405077798721095,0.7740187969303634,0.5393543358698025,1.1254553753199161,0.6878479992759594,0.731391942310438,0.7675911191739715,0.9782508088552504,0.07289952596227067,1.322767461874152,0.9978106917939158,0.9962629372727179,0.7393261123170305,1.5037880832478567,0.8560618103001616,1.2039373616304374,1.0656964724137197,0.48592309507773557,1.6607589978439137,1.8529848468740528,0.614433151836467,0.5683406941934663,1.3078271590513832,0.7971812649531103,1.235730356983595,0.5719376715785529,0.9180293678656426,0.9579364122807874,0.5476468312513134,0.06080965007652139,0.41561996661016565,0.7865213467459835,0.9952017682462593,1.3888513351159872,1.460226038473138,1.5110378767910788,1.5587617945609509,1.604719249599043,1.6490260995092285,1.6917160254322425,1.7328158678858472,1.772352298216333,1.8103518144880582,1.846840737530215,1.8818452071367346,1.915391178417849,1.9475044182986494,1.9782105021656662,2.007534810654647,2.0355025265803306,2.0621386320038937,2.0874679054364833,2.1115149191747378,2.1343040367688673,2.155859410617154,2.1762049796875544,2.1953644673621966,2.213361379402386,2.2302190020327544,2.245960400141371,2.2606084155951294,2.2741856656643904,2.2867145415586947,2.298217207069115,2.3087155973151994,2.3182314175943475,2.3267861423324803,2.3344010141321405,2.341097042916772,2.346895005170495,2.3518154432670144,2.3558786648907244,2.359104742544673,2.3615135131439047,2.3631245776927017,2.3639573010440245,2.364030811738303,2.363364001920445,2.361975527332561,2.35988380738047,2.357107025272171,2.35366312822714,2.349569827753726,2.344844599993962,2.3395046861330684,2.33356709287159,2.3270485929594997,2.319965725790098,2.312334798051779,2.3041718844358456,2.2954928284009384,2.286313242987603,2.2766485116874264,2.266513789360488,2.255924003202722,2.2448938537578442,2.2334378159779362,2.2215701403250705,2.209304853917729,2.196655761717352,2.1836364477543384,2.170260276393492,2.156540393636419,2.1424897284579174,2.128120994178971,2.1134466898713526,2.0984791017946236,2.0832303048634913,2.0677121641446092,2.051936336381573,2.035914271546744,2.0196572144189986,2.0031762061860263,1.9864820860694863,1.9695854929730103,1.9524968671524903,1.9352264519047822,1.9177842952775563,1.900180251795291,1.882423984204138,1.8645249652321354,1.846492479364656,1.8283356246348603,1.810063314426884,1.791684279291303,1.7732070687727628,1.7546400532477264,1.7359914257713172,1.7172692039345065,1.6984812317292608,1.6796351814203945,1.660738555424814,1.6417986881959905,1.6228227481140038,1.6038177393787691,1.584790503907925,1.5657477232376777,1.5466959204253499,1.527641461953408,1.5085905596345128,1.4895492725173654,1.4705235087917572,1.4515190276923704,1.432541441401554,1.4135962169492586,1.394688678111379,1.375824007304118,1.3570072474744848,1.3382433039871557,1.3195369465059912,1.300892810870664,1.2823154009672635,1.2638090905926447,1.2453781253126408,1.227026624311634,1.2087585822361007,1.1905778710299728,1.1724882417609024,1.1544933264392512,1.1365966398263936,1.1188015812341519,1.1011114363151364,1.0835293788414901,1.0660584724736282,1.0487016725192007,1.0314618276793226,1.0143416817858224,0.9973438755242796,0.9804709481461487,0.9637253391687182,0.9471093900625647,0.9306253459254776,0.9142753571447884,0.8980614810449197,0.8819856835231121,0.8660498406698025,0.8502557403767241,0.8346050839311374,0.8190994875942579,0.8037404841671787,0.7885295245409907,0.7734679792325778,0.7585571399063156,0.7437982208793983,0.7291923606128421,0.7147406231879359,0.7004439997659802,0.6863034100346113,0.672319703637072,0.6584936615860215,0.6448259976624513,0.6313173597978903,0.6179683314414888,0.6047794329108456,0.5917511227260093,0.5788837989292688,0.5661778003877771,0.5536334080808274,0.5412508463691665,0.5290302842503252,0.5169718365971221,0.5050755653787746,0.49334148086779805,0.48176954282916995,0.4703596616938057,0.4591116997157769,0.44802547211338606,0.43710074819375677,0.4263372524613942,0.4157346657108292,0.40529262610255046,0.3950107302237029,0.3848885341318464,0.37492555438404906,0.36512126904824527,0.3554751187002694,0.3459865074034951,0.33665480367358214,0.32747934142776103,0.31845942091729285,0.30959430964571766,0.3008832432702775,0.2923254264884463,0.2839200339103627,0.2756662109129593,0.2675630744815862,0.2596097140344682,0.25180519223351894,0.24414854577969436,0.23663878619311163,0.22927490057941213,0.222055852380322,0.2149805821101154,0.20804800807763968,0.20125702709378857,0.19460651516465077,0.18809532817033414,0.1817223025303747,0.17548625585470745,0.1693859875808812,0.16342027959831285,0.15758789685708052,0.15188758796602997,0.1463180857754196,0.1408781079462642,0.13556635750717305,0.1303815233992509,0.1253222810061061,0.12038729267385406,0.1155752082164554,0.11088466540843456,0.10631429046725316,0.10186269852204077,0.0975284940700476,0.09331027142229686,0.08920661513718642,0.08521610044124373,0.08133729364067221,0.07756875251982365,0.07390902672943866,0.0703566581631776,0.06691018132346471,0.06356812367687326,0.060329005998937646,0.05719134270827908,0.054153642190726714,0.05121440711229752,0.04837213472376334,0.0456253171539629,0.04297244169458736,0.04041199107484772,0.03794244372670619,0.03556227404101264,0.03326995261386401,0.03106394648523292,0.02894271936804671,0.026904731868739873,0.024948441699507384,0.023072303882145206,0.0212747709431369,0.019554293102373776,0.01790931845164323,0.016338293127773795,0.014839661475889443,0.013411866207434286,0.012053348549898146,0.010762548389493531,0.009537904406784037,0.008377854206059965,0.007280834437665362,0.006245280914299656,0.005269628720498076,0.00435225111220916,0.0034914691767653494,0.002685560913732843,0.0019327697577864456,0.0012313125564560323,0.0005793870226398212,-2.482132049408392e-05,-0.0005831326858469765,-0.0010973670401881463,-0.0015693385778376978,-0.0020008506287467753,-0.0023936909864232803,-0.002749627635694196,-0.0030704048643883652,-0.003357739738703458,-0.0036133189278189093,-0.0038387958592238647,-0.00403578818850292,-0.004205875566754003,-0.004350597690745417,-0.004471452618872718,-0.0045698953389319286,-0.004647336570769767,-0.004705141792442191,-0.004744630473282996,-0.004767075501945328,-0.004773702794636847,-0.004765691073430389,-0.004744171800325603,-0.004710229256829734,-0.0046649007576888835,-0.0046091769866052346,-0.004544002445300066,-0.0044702760050086,-0.004388851550743311,-0.004300538712186608,-0.004206103668934702,-0.004106270025658887,-0.004001719746383969,-0.003893094142881637,-0.0037809949106986096,-0.0036659852028151363,-0.0035485907409338324,-0.0034293009533712393,-0.003308570137164679,-0.003186818639278499,-0.0030644340515664226,-0.0029417724159657155,-0.0028191594361715033,-0.002696891692266945,-0.002575237854216539,-0.0024544398930856914,-0.0023347142844158952,-0.002216253204892382,-0.0020992257170746598,-0.001983778942644676,-0.0018700392208756966,-0.0017581132509576491,-0.0016480892190884333,-0.0015400379054426594,-0.0014340137745421089,-0.0013300560442530696,-0.0012281897360253424,-0.0011284267038718099,-0.0010307666424296258,-0.0009351980750125222,-0.0008416993201763034,-0.0007502486034809408,-0.0006608240665855192,-0.0005734037756610633,-0.00048796573082654504,-0.0004044878750164571,-0.00032294810250732553,-0.00024332426744422264,-0.00016559419157147204,-8.973567275916139e-05,-1.5726492279100057e-05,5.6455577123415424e-05,0.00012683276429470425,0.00019542729216937005,0.00026226137106277747,0.0003273571921909024,0.0003907369198259403,0.00045242268549827713,0.0005124365820847743,0.0005708006569875579,0.0006275369062223035,0.0006826672689612678,0.0007362136215078863,0.0007881977721808653,0.0008386414551750931,0.0008875663264689138,0.0009349939577987243,0.0009809458319978148,0.0010254433391310158,0.0010685077702419221,0.0011101603141696614,0.0011504220523192998,0.001189313955705984,0.0012268568797253465,0.0012630715613113352,0.0012979786143887395,0.001331598526576272,0.0013639516556622766,0.001395058226648871,0.0014249383278865935,0.0014536119083459198,0.0014810987745477178,0.001507418587493703,0.0015325908599379545,0.0015566349536584312,0.0015795700769558607,0.0016014152822663164,0.0016221894645696011,0.0016419113583197031,0.00166059953585318,0.001678272405683856,0.0016949482095469648,0.0017106450218307145,0.001725380747188865,0.0017391731188354242,0.0017520396978625286,0.0017639978714214521,0.0017750648511309919,0.0017852576721679725,0.0017945931928124992,0.0018030880924015946,0.0018107588703060173,0.0018176218459302618,0.0018236931566661951,0.0018289887583478048,0.0018335244244553905,0.0018373157453197564,0.0018403781276674636,0.0018427267950755777,0.0018443767869484873,0.00184534295829053,0.001845639979705993,0.0018452823372854255,0.0018442843324919522,0.0018426600823886474,0.0018404235195248475,0.0018375883920498381,0.001834168263940228,0.0018301765157957561,0.0018256263442708587,0.0018205307633252232,0.001814902604451163,0.0018087545167873031,0.0018020989684828237,0.0017949482470385192,0.001787314459306799,0.0017792095324011825,0.0017706452148331664,0.001761633076966973,0.0017521845121564184,0.0017423107370859725,0.001732022793021315,0.0017213315474009505,0.0017102476946320166,0.001698781756772405,0.0016869440847813166,0.0016747448601108772,0.001662194095047198,0.001649301634756739,0.0016360771576273692,0.0016225301770873557,0.0016086700429696066,0.0015945059429895991,0.0015800469036548748,0.0015653017919703416,0.0015502793166888296,0.0015349880305848274,0.001519436330681856,0.0015036324609809526,0.0014875845130291054,0.0014713004279656161,0.001454787998000029,0.0014380548676626859,0.0014211085367605847,0.001403956360718439,0.0013866055531934762,0.0013690631880081128,0.0013513362001731366,0.0013334313877066961,0.0013153554137943502,0.001297114807584876,0.00127871596703244,0.0012601651599197794,0.0012414685259045655,0.00122263207879314,0.0012036617077910705,0.0011845631798905742,0.0011653421415758203,0.0011460041209829797,0.0011265545298329016,0.001106998665250103,0.0010873417116954442,0.0010675887428988062,0.0010477447237917659,0.0010278145126676463,0.0010078028630005065,0.0009877144256051906,0.0009675537497741971,0.0009473252864609094,0.0009270333897575256,0.0009066823196235418,0.0008862762429089344,0.0008658192364237038,0.000845315287961057,0.0008247682990258909,0.0008041820857442872,0.0007835603821604309,0.000762906841714539,0.0007422250399713448,0.0007215184763254001,0.0007007905760474387,0.0006800446922170522,0.0006592841076553668,0.0006385120373124664,0.0006177316296316349,0.0005969459690504664,0.0005761580781609155,0.0005553709199830337,0.0005345873998976458,0.0005138103674653394,0.0004930426188138881,0.00047228689902567567,0.00045154590338825074,0.00043082227989543753,0.00041011863163475937,0.00038943751803799387,0.00036878145749597024,0.00034815292906387185,0.00032755437496234663,0.00030698820228280965,0.00028645678571592725,0.0002659624688021722,0.0002455075665466211,0.00022509436723794352,0.00020472513483582588,0.00018440211078996072,0.00016412751631378342,0.00014390355374871433,0.00012373080051020224,0.00010360840929024562,8.353430837360065e-05,6.350539979393943e-05,4.351775908162381e-05,2.3566833192489867e-05,3.6476384366324055e-06,-1.6245042615992134e-05,-3.611646309309435e-05,-5.597171514182264e-05,-7.581553370528127e-05,-9.565209938955377e-05,-0.00011548484235390788,-0.00013531624563256628
16.701136360813564,15.753488686803053,15.565147204006962,14.676391870087969,12.606779650647013,10.52341853388009,8.388001428946325,6.920063210240869,6.693233372343059,4.6598333447792015,4.378842823299067,7.094940500559517,3.955941838364538,0.24055148160209683,0.15044731237856013,0.6172571399167737,-0.314933966214312,-1.2008874337182078,-0.7801760255774184,-1.4392417195043663,-1.0618942577500547,1.0420454753025297,2.133201678336036,1.4387206626253715,0.6997255769067579,1.4907439670596432,2.0784419808661596,-0.1744145294504733,-2.054260358964541,2.0206049688756593,1.954534103736762,-0.5874088368532284,1.0208080867585068,2.5537211647283584,2.7435387042729644,3.282429694736493,5.219130233921874,3.379902946857783,1.989142260878907,4.81787312470442,3.252537768607908,0.8309451285759337,0.4541545477628688,0.03421161435386466,1.1659011289309547,1.3930435331865283,-0.2688611602773108,1.3693014237903753,2.8864798653347066,2.3469436522924525,2.2516990444994462,4.090002799519027,4.792487182166383,3.6570325834128425,5.375348260684007,5.610181924061806,4.319812972655541,5.496608379322311,7.626587028687595,7.601620527200225,6.284954230369408,7.851905487448221,7.519600101225649,5.7851923861746855,5.91558077785578,6.017537400887818,7.541705858644377,9.681191310947952,9.175027118528817,8.206978340013734,8.03072488801115,7.312635063416224,4.554006783972966,7.479281767411635,12.308964508484166,10.260201820420207,9.847685672271723,9.123521557852087,6.441480245971263,6.541653614571999,7.278909508776678,7.350461310948617,6.612152046654273,4.539086701726319,4.31318722773517,4.891216430936765,3.1703663737682746,3.7956313639200516,3.4536313686083986,0.6219710829084306,0.8981889385634076,3.276124574650737,3.2797383900380623,0.23621311223109842,0.9575639044334139,1.8871230448992264,0.49263677862631994,-0.8908087502089757,-0.3197900443506114,1.0655680835577641,1.9352941332782052,2.2188769472349463,0.6142072739318678,-0.30899818813975344,1.5507154793405107,2.9759585975253913,2.776959740698942,1.3943793144554775,0.21031421427198893,0.7984200340779353,2.091147512787188,2.6392029247060123,2.168737891666524,1.283558800877472,1.2339561976738196,2.3771846103628604,3.3260831606529564,2.8990266212059623,3.1324375277786203,5.229547208256292,5.424867194858791,5.364102344507046,5.56664471577642,5.4762327546601455,8.026106303611755,7.670439716055284,4.612857226398091,6.191564821534826,7.147081259496304,5.914230099078736,4.4837423874952265,4.092869576629596,3.0625723867881334,1.2014515098498464,0.18331118885839714,1.2120458787435382,0.6810031411040427,0.7914832971933947,4.532597879461605,5.204615567773374,3.9828045887330745,3.7537973945777594,4.774129603717256,5.438275912306153,6.457025236352024,7.530942559363098,6.622402521879167,4.44115449962726,5.036119569375273,7.612620951666372,6.103489908353481,5.1181926822149535,4.507924642008447,3.172281523578363,4.454034881508278,7.482119283231555,8.564881692575,6.845110463825677,6.860490555719821,6.569421574513967,5.696537791978017,5.424755293642875,4.2707298297603415,3.366167877638077,2.685030126182312,1.5299512440888066,1.6962108952218387,4.200798795528954,5.904668114383298,4.895334101078447,8.218838025769287,8.98317135267132,6.701933854974868,8.24166019856932,7.4817627971194725,7.539812419810801,8.841667661872293,6.825454430957279,5.716101949771314,5.688886658865272,6.240373489679655,7.860718113360008,7.790624893420954,5.961501753008633,4.7640453869871635,5.799095937039738,5.86835976766406,5.225935241571847,6.525090056515069,9.778588457964588,8.035876167788274,7.929283672183033,10.719741727977407,7.316739869382218,5.155767535198493,5.260692338801846,6.767808135804444,9.812919974497959,7.391390331863931,6.194259414527778,9.689055947789257,10.251205986741411,7.399139988664501,6.032879182593433,8.02339132327495,9.856572761385223,9.641365920263183,7.545305987589131,5.551906190814066,5.4674329091077425,5.731269642231041,5.952355007264032,5.557742282534264,4.111508076915925,3.820611744289863,3.999434102386317,4.093642207968514,4.503004280355299,4.178862836534108,2.4592786931906403,1.7337648858433568,3.6680793212708522,3.9589855922497463,5.378930518499146,7.989117848058754,8.844708310605597,8.293769551749165,6.075969895128537,5.806404081099458,8.380256574451323,6.855858231989828,5.666661142807811,6.685569835411911,7.906337881017976,8.031397381503439,6.897212851237214,6.136573685041526,6.855107943487155,7.916316608642546,7.524032008316794,5.488897202123667,4.354769829305496,5.403666159902286,2.489806618320472,2.557437944069193,5.581202135489093,4.999791228145568,7.709416230734178,6.969752007440206,5.254767085101321,9.254798922486202,10.797574589605006,9.086918863801884,9.540400559849672,12.655665708829929,11.277161145596438,11.855533611311671,12.83434864129697,12.233525565789023,13.407638193309253,12.532609206681968,11.894284264374164,12.139225545029149,10.227775776143858,7.574133893166618,8.149138433769735,11.245587627429813,12.632719318397335,11.42162813652044,12.891498268688338,13.051432193220194,8.79676156803589,6.638417331849837,6.934985793700093,8.023690294095331,8.391045472233827,7.592229715726262,6.71153434260907,7.284787997634453,9.430460255962771,10.151785589275732,6.085298307459652,5.589394498191382,5.770882726554191,2.078642531896662,-0.6097056684435529,-0.8362499169460307,0.910211471402306,3.302204378457077,4.609971880209287,3.814480599382364,4.3422228207497255,5.696014910527538,4.953318796803046,2.778693006031176,3.013972180662904,5.34147530442101,6.095529116271109,3.7151045964221794,2.7493710901399027,1.4194030887575764,0.7068033731248988,1.664036398557414,-0.30590854796605527,-2.238274767745338,-1.0023174261636427,1.0024265152376302,0.34423397293767266,2.5846984135637285,1.8946051638511108,-0.23958687980973536,0.7862262531830311,-0.38329123333045345,-0.025380731711152293,2.7745536563571136,3.723954760147194,0.18691185999227855,-0.8995186068730163,2.5210129909854686,4.8214545457046825,2.0373208359922046,-0.6567747204957186,0.13192073860227538,3.489190259358111,4.137474589495412,0.5936477215689138,2.4953107734482955,4.105522567310459,3.0894107675979967,3.856731534451228,8.127116207350696,8.750139587760373,5.96554290076017,4.72427865461907,6.180912042302111,5.446398165205437,5.8029256374935585,6.803312411503953,6.239633671781235,4.75274932292939,4.479124114339243,5.696152495907995,4.801986526260748,2.992934432688685,5.915102546269111,3.463284642925885,2.0139023250417267,4.433153459999062,5.086991573165108,3.8821107133881014,3.9958648212085564,5.335252224345993,4.94304355601173,3.0398043260482837,5.316924745306096,4.039158978467697,2.334541908523306,4.523216168843987,5.887482362471587,6.3755036772358835,5.28847005596856,6.440571292232221,10.660065254257802,11.11993572871961,8.352021637457199,8.55655678641051,10.863370093582944,11.318488351791189,11.71546534368656,9.875105917337578,7.257099247313022,5.97604074723364,7.921824177275823,13.1397992429807,9.307486488566553,5.949237419662268,8.044755394351114,8.098004650402004,8.149844373061455,9.478986941681796,7.9555440671149995,4.684459275986569,4.565475104055054,4.52412097214858,6.7257024558763305,8.84886086007566,8.81720141662322,8.597083599462678,9.187824985192549,8.897671734062556,9.156115425430357,9.019050557480341,6.56058970692618,6.5874190114665225,6.030644118757493,5.126667869275252,7.024673262150827,9.907808848301102,6.679071108988808,5.718414763211058,4.933381752682976,3.6538156933719392,5.822322159079135,5.813177500802112,4.932450700197251,4.9108622572125,5.511267188315969,5.854430175140351,5.480152213425299,3.3018604224523074,2.275492359815644,3.4266568837828686,4.648699441478584,4.7753337897055985,3.583541042662091,6.2353726377943985,8.128719497944758,5.630588133355502,6.525342639834662,4.9680740891939195,5.051342383132464,6.354096086698291,5.915427302774049,5.122999276176529,2.737582570335803,3.122913544976086,3.8180517723913567,2.4288289735218314,2.221324290236794,3.750465498476217,4.265424536812873,5.420219160179499,5.427521482122586,2.5390655741666706,2.6147392619593006,2.1934462305227385,0.5999480577019085,0.21918676606003373,1.5273213591810304,1.570579178105163,-0.3482818271409087,2.0603430602400294,3.33026366519141,0.5775039620912139,0.047299018072237686,0.6658225632201038,3.582484406874869,3.518959916794415,1.688897979441208,2.864144150866423,3.9651339061218778,4.2498573654856955,4.312607963660014,4.234708739658231,3.651956178186083,2.358471535790841,0.8354789753086607,1.43697464052525,2.3516713885537683,1.339601512887839,-0.2471313949426417,0.28586127888178225,0.9828546279848069,-0.6853626107210857,-0.852463468530857,2.330155095460043,4.128951241231675,2.788257651608262,3.8831255906594606,2.5467725475353404,0.7991343730733433,1.406454036480966,-1.1226244499015365,-2.109718444847431,0.9956361193517864,3.6434603294295016,3.3827436784148404,2.880578322334827,3.9994296140980623,5.71852287246179,5.03475269397461,2.6251278494265193,3.2672120260541533,6.465588912253111,4.692859447823025,6.609520654519997,6.237610832861208,4.195725239599369,4.703197033117021,5.306751530349231,5.806043265411574,5.662621993697371,4.975182886089897,7.353528945647213,8.4142375802532,2.2515771128292954,3.305029868623137,4.805764959443422,5.826595453705522,5.820735550576217,4.004338319687918,3.1731766099277365,2.6985233580302292,4.200094786927934,4.368590736419776,1.6847496887951365,-0.09868713668754481,1.152918283411509,1.2215132991439646,3.1113351843325177,2.7262487761952343,0.908839303941761,1.1781443608754785,0.7910249357441899,-1.462851704034506,0.4520922743859046,1.6292799966307712,0.6650031954596898,1.694615940704523,3.825762274759086,1.8095797228997412,-0.13541786318950244,1.2977841637804772,2.322818002672534,1.0935623046029264,0.474771953249558,0.1218511369967814,-0.9137999094983797,0.5621633721733588,1.077163434696729,-1.14588171999128,-1.947652830482184,-0.15133271887322053,-0.18622506221697677,-0.38370113116917537,-1.258876690648151,-0.7552084334935216,1.2942109728343212,1.0151586421258685,0.1598458849224471,-0.10554514248480018,0.5998893798982863,-0.16322766545908962,-0.45493995998310766,1.3687204406196543,0.42093374822007945,0.9137264733637949,3.5127078481748413,2.0073883805922605,-0.005104585215690349,2.563109268008418,3.8320758354013265,1.5172997401636508,4.7375444996323495,0.72808959269571,-0.19894271379399697,2.620529002722435,0.4439414058212492,1.82408001811973,0.909189302215907,-0.5521446648252208,0.6589704996270029,0.1387824979507286,-0.2358824200916274,1.626157450134258,-1.2825161464235748,1.1309896518646383,0.10807893869423424,0.329059503255678,1.6135823856500338,1.3861264739317676,1.597171471359843,0.4757613957056037,1.840112468304369,3.5653561461186314,1.6073121786621414,0.47999698039757277,0.9163293929469205,-0.9985989385049265,-0.9380582768122849,-1.2695533834656203,-3.1876366179442357,-2.1667855152892344,1.7228813396386045,1.8031125162800663,-0.505191976883907,3.540614514488084,4.1476306676224795,2.610174043965344,2.187680198402859,3.9149445322258885,6.760294942800783,8.616314307093262,8.501500353383221,8.115563327225459,8.9686374287121,7.0340213295820035,9.993020617210504,12.01131517557053,8.0116944850364,8.864304002585186,11.297900444571383,13.918497941700252,14.11863903590313,15.595277719058004,18.07377843641376,20.469872726034737,22.9970808459517,23.688714708379905,25.139088564498365,25.95676600559898,29.963168216486736,29.259804118321426,26.513761911336758,29.146460365879705,31.500915942718052,30.899115576645272,33.51362898986355,34.115228381069414,34.1938598436908,35.89879833502323,37.66892720938239,38.81171753979811,38.03951334139157,33.65263692584682,34.98308404699014,34.55104899768122,33.94334244551811,34.77344396627507,34.73539614764252,33.95066729918477,34.26270712020812,34.40204687588948,32.700166553572444,30.329027319536806,32.36305289035795,34.61357190869347,32.41986388245755,31.27132082500458,32.55799679090546,28.14815315681807,26.397993600240852,28.961570546357393,28.224623233676596,27.76975690103484,27.032937001915457,25.51088671087325,25.541970786278398,25.08726261705374,26.11741555745556,24.701041878795593,22.590497578534382,24.771229445747053,24.48246619014651,21.27172261854156,19.772296001603593,17.832172644941465,15.889638390606024,16.943920900946864,17.19914126888068,17.18888666637008,16.371211539603905,14.532415686195009,13.29391079202594,14.577430576065524,16.11580361929788,13.905650990276683,12.828296735819038,14.4323608754583,12.689496813866867,10.159796453887395,10.193297939178308,9.9308709169498,8.350725323676045,7.351724399619059,6.000760335124596,5.5288176029439455,6.666025583565272,7.690181561625877,7.290306520395291,6.094049824515196,5.606898244362469,5.63408159325229,5.73946559841977,4.422584369004483,0.9019045456677759,2.002856438141407,0.9790624046380572,3.710548411678701,3.2309352985813575,1.3355622836090788,0.7540639162284037,0.9358927275840188,1.4913898452894045,2.0001651021968883,4.689991023816276,3.4212082950161857,-1.966930514818273,0.07689347196782137,1.160445607594454,0.4201167248737647,1.0303529604954633,1.2877927919496415,1.5346983729884869,1.9458817774130353,0.9859803650070944,2.796053420107171,3.1258942593110532,2.46183766765796,1.6465413597852603,0.697681114693296,0.5999735623534548,2.592834970000297,3.687593165964813,3.553931432185095,4.7220673498084125,3.4393507129484533,2.6238766931213604,4.0069725397832485,4.179035064221182,3.869529280540746,1.458340927522329,1.8068922222276456,1.3665710561969604,3.060078616843782,6.563045642424527,3.9550637468283867,2.990589610296297,2.4630809824063817,7.12586469844365,6.260557142306652,4.855866270463935,5.919633934812509,7.975387536819198,9.328788895752893,9.101020273578285,8.093804991568732,7.506997785114322,6.4715438888184735,5.501169769006765,5.686902270240978,2.3051619740751903,3.8266743132952,2.7986720585299736,5.381455224694037,5.415773986287775,5.250922901541287,5.656850283981839,5.816010025560445,5.254635970121058,5.908965042016121,8.310662106931318,6.988614340046411,9.008512284693836,6.911479134953993,5.654408668431074,4.727946412987592,6.110316676748596,4.49196253332525,2.3686242968602755,3.299152183862134,4.549671564602022,4.276352645451425,3.98692767781489,2.894054022570913,1.4689030462023425,3.317380933208142,3.646712080572456,1.1578339324470335,2.01780905659416,2.7459948268674452,4.245812136042787,3.7965971296405314,5.313030987583943,3.980576980839885,3.2297540014159267,3.214865943652569,1.512060861336522,2.2707286742681845,5.000549678385539,4.455741296069391,1.6768058500361462,2.1134859400842174,1.1082852288005824,2.921187636173272,3.208691863940203,2.7768324545330643,2.0686980728735307,0.7755155339348221,3.078196504413711,2.2273852394714595,2.064393411058802,2.284139646122526,1.457640997982594,0.10922239701369563,0.008844614154781993,1.01145986450058,-1.114374901410656,-0.2781423849677367,2.368772902955129,2.774598580093368,-0.6979787441792382,-0.31102859732379784,-0.4283286847024783,-4.090045234056959,-0.549993797127911,-0.27624386780200894,-1.721234495027261,-0.9312740632501573,1.962964979789092,0.6445095915100296,0.034423642410786215,-0.8625803798207698,-1.6885490241423327,0.7426047000342919,-0.3315933809268472,-1.0612212746877958,1.4871729051920966,-0.06270186672480804,-0.08124687201507186,2.252177267555453,2.108705119330807,2.0165266894997558,0.7302416854897729,2.5088136267478376,0.6216734889933946,2.4495190869083103,1.4670423136321347,1.0258879423524832,0.5221036757246793,2.297873588424636,2.844887318152132,2.746509077507312,2.5204289664765156,0.7877303650829504,2.8223894677130374,4.566503727871009,4.034039213306528,3.396401720665608,2.9338833619407296,2.8921994934680697,3.2852536547585487,5.585170531649624,5.09189430567227,4.6408300256216535,5.809050932275397,8.474258464437412,4.694329261256485,6.019936966018179,7.1720123209345275,4.07204698966143,5.182150815137902,6.313859502629498,9.103018541921188,5.784441297271087,9.774672400370264,10.963308882980925,8.888536887288865,9.826548050945974,11.17657999775031,11.205453597361043,10.533046463107212,8.637969218632065,9.593985242867916,10.132632929856356,12.007513923224906,11.767913667790822,11.220898390042066,12.029062924831294,13.161580574765196,11.97150405477862,12.728876951148322,14.238958938156884,13.360871942589824,14.044861955618217,13.425896532716422,12.712672293622632,14.96120507212595,15.313446930748569,15.779146287454296,15.114845683159558,14.876127828912786,14.936109324668621,13.574246835503232,15.17375529850699,14.567372219126526,15.254825772933259,16.255221340870605,18.207383237383794,17.339275997099207,15.385667753826624,18.26058516135481,20.991975454046155,19.33034873747033,18.818876592218203,17.256160794752077,18.17941818300602,19.60929282437621,17.129750942926194,17.49159640139976,20.551313722612463,17.506297545454345,15.742813744700015,17.14392209879111,18.18420302868475,19.03489051438339,17.375029217469205,19.500635772988346,18.50270798864034,17.30927785487347,19.224413109521777,17.686853831756935,16.018547406824894,17.02206078917709,16.410634380238207,13.801040814773671,12.442924621641907,15.216879877331564,16.697957421851413,16.57039846805344,14.467295098056297,16.362985295532724,16.565484796644625,14.33489510359908,14.84876601322668,17.187569472852886,16.40836896250471,16.931385423139716,16.82326149472226,16.141818544000103,13.224234165551138,15.848175062427629,15.552140355492838,13.128686418683117,13.623450346111383,12.281469774490688,12.508578097329746,12.383916806162006,11.40007829010085,13.051912000649054,13.019324843051606,12.834517339237266,11.92519652170239,10.571302026210333,9.954566729598582,9.782143594152558,10.890792740997938,11.755029660702178,11.386020366081766,8.57596607140323,7.29028462576855,6.257607132011344,7.7312526846398555,5.7842419008389925,5.464142964512405,3.342235639342391,5.13997614455036,3.1837703163059814,2.7796072170156663,0.2696999559428832,2.4462735714221253,1.6378689927861956,3.8136824223191184,0.16681736922066648,2.1633261800724313,4.237309280477916,3.3142609226759987,4.486789192987601,1.1383038482608185,1.4601060423671584,1.6463959852706012,0.9564982526428025,0.7227658199686857,0.6883181686462763,1.3070596199063402,0.06194716052260674,-0.3933470214057593,-0.04141173030237155,-0.9756412026272585,-0.5567785080284864,0.5304225569518621,-0.5730111456370821,1.5315765877431318,-0.2790792464417109,-0.6785672912115785,1.0887563096262909,2.880577652541689,1.9063741069647904,-0.09826945764609718,-0.8501914581731569,-0.44486093042783637,-0.2989054855137283,0.11328189419836576,1.4743699013221487,2.0945449173383395,1.4066280639862896,0.22484894495687513,1.463794078942243,1.8632757922278245,0.08113604987585177,0.8838744675351506,-1.0820960171809588,1.8155230650704368,-0.3086592989294843,1.9547960183135729,2.4856223377164497,3.2918486831537734,1.1544377898988785,1.4819918345479834,0.4422528929022178,-0.04464147755402337,0.7303256309699293,-0.21631805580830132,-0.027804406687835126,1.13272413135428,2.3108656209796834,1.6399865662650086,2.588795647426963,2.116739295722681,1.4468134882172592,0.9137235850281797,2.260988278154457,1.122980050058402,1.0632245994864036,1.7819662628868684,1.2170133572997202,0.3912265118027278,1.6059391341628668,0.5547880598214476,2.1667767849148447,1.082426084084915,1.7631946256475715,-0.28159220903486926,8.1009302137914,2.5505983097836236,-1.6143312949862434,0.47595721873634034,1.5924034401715232,1.4898183709046862,0.9936610466402556,3.1220936011711444,1.5381450122835076,0.6172310305150859,2.059016520167347,-0.31467185094712136,2.964308907402966,2.1176144221847437,2.177294311043511,1.6003857728323112,1.5401080396508178,0.7782202226229629,2.028884843314927,1.474831240002004,1.6809144025632463,1.8195178599180224,-0.21604302026980804,1.6238885004462418,3.8895206157446864,3.8074071821106372,2.3832306953973443,1.771446464076888,2.2450703493136928,2.426559563447938,2.690263184156521,1.0897292652103374,-0.15347988227878773,1.3657459174607425,1.3535284914873955,2.925733792980253,1.9294745880077926,1.3977611772136243,0.7717762757156379,4.080379460808842,5.385450252141794,6.63677669687209,9.157422060448113,6.8668692327266,9.749800993486105,13.182790915310392,4.433601170998486,10.161060119953163,13.655434887201295,8.43704834435934,6.23191047406246,8.58254347676467,9.259450497111658,8.137946443565113,4.420097007625941,3.8039082291098225,4.5957078493774475,2.3614973016642296,4.340342745181744,1.0585873246714925,2.051652730332904,2.4426985836160497,2.5838119131104236,1.5288312121200534,3.1443388561927748,2.8389855494385756,2.1677076922757124,0.553117182473926,1.3808689139227397,1.9879269293015511,0.8981295228513204,2.397659150371851,1.8438346524593214,0.9508319297487446,0.8901326066947206,0.9742246823952883,2.0951248755289384,2.4302959743439487,2.624760372029101,2.346687801751443,2.310130912912939,2.786332061653013,1.2405488760275887,2.4952469574126894,-0.17755377351124935,1.8207502167161635,2.439899473244026,0.42715022828701876,1.7532844710464701,1.4878695483991464,2.4504268555263025,2.2849100118690444,1.5823549113570152,2.2271169215773057,4.240254743092464,3.071720896722013,2.542164500744377,2.0534416416565193,0.2971878148248379,1.6977806198419216,2.7877214058784716,0.4876644284989595,0.6457691576598279,1.7274130321291636,1.7861539680902752,1.3023838154306304,1.0140015696410103,0.5459452805441458,1.428762027421925,1.8522548164071964,1.752823800795511,1.3045245883054122,0.8271035293417697,1.3560203448334107,1.0472485890148562,2.0793904646976955,0.7496546373519095,0.39715019927362505,-0.5896363907999671,1.0186473750204925,0.5939379670245444,0.811440186254174,1.407393930607597,1.6230896760186369,1.640750985220663,1.3572161268022995,0.7612879269567685,1.4604977138508985,1.0894992370813412,1.5902199649410704,0.9086155770856124,1.747813225007846,1.703602017678918,1.7644405670229304,1.6405509254437476,1.3898188482956613,2.182640608030212,1.6834156340155744,1.2266023414572658,1.6882696949927833,0.9243525644313735,0.9377811951888475,0.3702949443473642,1.4438637881015524,1.8038203975501261,2.1512529146397554,-0.4042881746509295,-0.1081720330622602,1.3016748387861838,0.36275578315061807,2.0055564950299782,0.3184605823663986,1.5139054076245344,1.0570825128487087,1.1110287476770537,-0.05611660489793735,0.6307466865835352,1.1926346313037612,1.047680790116246,1.8308612559784052,1.5175984892473338,0.9461229947332441,1.3543538461894258,-0.321074767282056,1.0253860029072257,-0.464319604100055,0.9166558075775555,0.82333012414027,1.7086337377790812,0.7833476053244226,1.2699560039545759,0.37756880389960656,1.4508395716362372,0.9098231420365721,0.514730760064495,-0.8190597943219302,1.6061015462294677,1.3010596032706303,0.7509250899895221,0.8072178912258607,0.49164672053548486,1.8053437337015623,1.2933863498425637,0.4462787484605002,1.099465165265599,2.1825822962229893,0.5149762000075526,0.6215209763132066,0.6514498041958063,0.9421977048557721,0.5220718267315192,2.2948598758970036,0.5809831121760567,3.2704426440317604,-0.42212974086663735,3.022111895644997,1.2065589916160206,1.8541781833727953,2.114022412367177,1.8574573618792272,2.0143735892358734,1.030065213576961,2.0150559499682856,1.5296145886917145,1.688697218523572,1.2154522191261776,1.565251312034377,0.8548888267300185,1.8817238165408412,-0.5752715915147064,2.301067290432968,1.0928339411453578,1.6340289579099192,0.7754374966995954,2.1485223454946265,1.9022175282077853,0.7894149837825069,0.39456468847956216,-0.49313339934684564,1.3805398652753809,1.2974955820926937,0.3688454574265734,2.214993670387827,0.33959936808557245,1.102911747125603,0.7077321552123976,0.37405848503274797,2.0130048915079897,1.6778363710598114,0.265346466367987,0.7253299561372444,2.0829294929282014,0.8213641338193156,1.3440797783773917,1.312739101942924,1.224530158143807,1.25235345478319,-0.24022442405828315,0.2516746259726119,0.5389842490720582,1.3278635891709314,1.1866390947002117,0.9770864831600363,1.144568999870927,1.3370636230112325,1.9638005732359716,1.5213588754819227,1.649612646391688,1.7305012801595012,3.3050902877566415,1.7115946653074445,0.9651776257904601,0.593522047450648,1.4460232059113025,1.3648398367308516,3.07200571397064,0.1881483777960682,1.357050273574238,2.5586144333259995,1.2678494967755398,1.4366582264476904,2.0793288171642246,0.47608712525695296,1.5826386880407597,1.2205909422432342,1.19179103449207,1.5486314910648673,2.1538074534351495,0.709407523935937,0.9991126493339095,1.313248908091822,0.9769704647961319,0.697393175218167,1.2666356966020942,2.1442360500464304,0.49012199204673124,1.2907133742453993,0.7851994694872815,1.8334473695439044,1.5566575532431557,0.5671077391637809,1.2602480976406412,1.4654620003544494,2.519601870207147,1.5626472723727716,2.0944484307097753,0.3818384450384613,1.9198568402557044,1.2268318298813483,1.2945640306643398,2.229123193262069,1.7456296896080303,1.7327037297584127,1.304227037438892,1.260558824237478,-0.021426630926470125,1.356625385113091,0.2717189370501032,2.232484083066396,1.7228926510467204,1.6968755046607384,1.01158065096255,1.6508458382075162,1.7617357947915764,1.6855251365164179,1.1179232700512003,-0.08821029793284652,1.267682039112998,1.258923348421746,1.948872581200419,0.8476697212109912,1.400536039261823,1.7619670133865952,0.9754541058328527,0.9245841226709786,1.6744661418105977,0.70713267165209,0.3884699655025585,-0.14855357968851735,1.5432279344643973,0.16350339191990315,0.8709382679192288,1.2382223743806549,2.079920130952729,0.49670575777830095,0.17672809000612233,1.8428878052042705,1.8585617900747593,1.4676084670014973,0.37380123364499696,0.750353801110009,0.605818435650491,0.6723076617368804,1.0885501541951044,0.9583891141264189,0.5127619025757326,1.0599487718095588,0.7329674716463899,1.2034823439078153,1.748332675429225,0.5711268892896797,0.715316983734759,0.7289439807079745,0.6976655603573931,1.0723279285696208,0.7268767392868583,-0.040777006679832084,1.1775757755309826,0.7344156621197939,0.39836462153926533,0.8929281242398588,0.38862545581604735,1.6925000130089245,1.2572860716657317,0.770226252788035,0.5565559105355078,1.764168860863613,1.218315584042731,1.6396931612700598,1.895503907746079,1.1919659353953307,2.3172406785548674,1.5368530387907775,0.6924556919265648,1.7690460392506964,0.6092836137339361,2.4260727513006657,1.0234489372741358,1.5206825523097223,1.6253941707385913,1.9493427798869654,2.555855808057263,1.0061929226995971,2.1194145915866898,1.5780207418082988,1.1179931441769497,1.5548250541592097,1.150317751408469,1.3380310118292016,2.3437188627492027,1.8164674120485849,1.9444803463460403,0.8625039104816246,2.446725881531844,1.1546022608697193,0.7649999380080033,1.246723278552107,3.1588208648203135,1.7859766830229091,1.2495500474089738,1.6359040609150135,1.0703364091642982,1.6816350621876097,1.967125785814119,0.55003635361291,1.4994599735439955,1.5425575018107054,0.4114735466481285,1.8816417466057374,0.8116904317518845,1.1327498802211835,0.7018726827779176,0.3370144846361427,1.034395478742482,1.1651690671399706,0.6996573258976468,0.6656735170579111,0.6005103554023208,0.7594303835544203,0.09409768015609998,1.0865183499570321,1.3640270100254668,0.8203480155795546,0.13272151561053747,0.7791611976803665,0.6730883746286622,1.1865748703683643,0.033521741430178054,1.0844098970009384,0.7619625219678028,1.400834684354038,0.9785074563090497,-0.13700669018433587,0.5218014604368193,0.7431669674062675,0.9494991847015228,-0.2590410668790639,1.6652186114866367,0.8803409852513369,0.8614910855966968,1.461364907306237,0.7864711489310423,1.3011369664013444,0.020881720630626432,0.6297827631461814,1.1342240763827078,0.7059853164908532,0.4812606227564231,2.535906997216358,0.8122679431588438,0.3247196387483484,0.09061459846398634,0.6354687564612505,0.4638696549605186,0.4137673519811642,0.1839164169559524,1.275400441356254,0.8869815642409833,0.3690493377170565,1.0645383530619767,1.1024511272945023,1.0594066481282596,1.7482613189714016,0.4110506288810143,0.6054341291484207,0.7818268383828411,-0.3114246142073682,0.8560459375767966,2.0659476554526464,-0.13158730402275864,1.6456204715762528,0.7016982229632731,0.2371477287436221,0.8736409320326572,0.34226289920371755,0.21138079005208787,1.0046592002394448,0.5531586393479984,0.26659762043698265,-0.0183072603227572,0.7459388029690501,0.34574814822343747,0.8602223621827836,1.0903162532404451,0.8228825616506583,0.004185348994896643,0.19105950215922185,0.6239813413270099,0.7313782555273747,0.9301791201583853,-0.49986282251731495,0.8924066006097178,0.9378261911615766,0.08980088466429947,0.6970974231909413,0.012656390847638477,0.3904162268354696,1.0986201023663398,-0.026356449876800525,1.1964559946970326,-0.6676821832019186,-0.3593750566155052,0.7010380520319472,1.0781685827190888,-0.07699590449371563,0.1341535788920094,0.6207343672521386,0.6351588788984373,0.8417275926277075,-0.29050577275131584,0.8044057279444132,1.1761784716910029,0.39041792280994514,1.123051426600938,1.3721898983307028,0.4180028567812153,0.56006695585421,0.5752351328770544,0.016751775365349886,0.3477871509637396,0.9725296301947992,0.38888226285277394,1.8922948650348985,0.054170983634066694,1.2521502434035483,0.4518925883865279,0.7325140866482514,0.705952416338107,1.7764768779106532,0.05118606218715627,0.6418480486314024,0.5888426669598346,0.8139426384840371,0.6822327937525472,0.13172964843002433,0.013396351007286533,0.8154011607038862,1.0107384233511993,0.6058477615167419,1.5770735962913704,0.1245070647620139,1.071845828131985,0.17342155691270023,0.0004875253990803685,0.6706527148784858,0.9199319255287435,0.2213909005943151,0.8021627122857637,0.7628864798579968,0.8174181193333263,0.8384407752853633,0.8578758490164375,0.8762296723280372,0.8938292004625055,0.9107099535355871,0.9268863814450583,0.9423709356691461,0.9571759749973978,0.9713137639823799,0.9847964714591342,0.9976361691312832,1.0098448302227894,1.0214343281940614,1.0324164355208154,1.0428028225354637,1.0526050563286447,1.061834599710778,1.0705028102317726,1.0786209392580588,1.0862001311056702,1.093251422228775,1.0997857404612716,1.1058139043121287,1.111346622311629,1.1163944924088298,1.120968001417907,1.1250775245136424,1.128733324774089,1.1319455527695652,1.1347242461969245,1.137079329558503,1.1390206138840142,1.1405577964954148,1.141700460812359,1.142458076198693,1.1428399978480854,1.142855466708653,1.1425136094443076,1.141823438433505,1.140793851803295,1.1394336334982427,1.1377514533834585,1.135755867380567,1.1334553176361055,1.1308581327210447,1.1279725278608055,1.124806605194891,1.121368354065595,1.1176656513345051,1.113706261726179,1.1094978381985925,1.1050479223391392,1.1003639447854994,1.0954532256702407,1.0903229750895775,1.0849802935943558,1.079432172703008,1.0736854954358819,1.0677470368700028,1.0616234647138754,1.0553213399014396,1.0488471172041898,1.0422071458614255,1.0354076702277553,1.0284548304371413,1.021354663082974,1.014113101912983,1.0067359785394956,0.9992290231636503,0.99159786531294,0.9838480345920004,0.9759849614457039,0.968013977934163,0.9599403185189601,0.9517691208602912,0.9435054266243412,0.9351541823003515,0.926720240027123,0.9182083584278189,0.9096232034538332,0.9009693492355666,0.8922512789410746,0.8834733856415085,0.8746399731828944,0.8657552570638245,0.8568233653189452,0.8478483394071645,0.8388341351052588,0.8297846234049473,0.820703591414599,0.8115947432640951,0.8024617010127031,0.7933080055604478,0.7841371175611016,0.7749524183375343,0.765757210798995,0.7565547203593894,0.7473480958570917,0.7381404104746139,0.728934662659924,0.7197337770469119,0.7105406053760248,0.7013579274144206,0.692188451875154,0.6830348173355105,0.6738995931537204,0.6647852803847059,0.6556943126932424,0.6466290572654998,0.6375918157183094,0.6285848250057029,0.6196102583222398,0.6106702260041743,0.6017667764265298,0.5929018968973025,0.5840775145478574,0.5752954972193436,0.5665576543451323,0.5578657378288767,0.5492214429187641,0.5406264090761681,0.5320822208403513,0.5235904086879088,0.5151524498871822,0.5067697693474145,0.49844374046259077,0.49017568594950944,0.4819668786806801,0.47381854251091227,0.4657318530983616,0.45770793871929527,0.4497478810765756,0.4418527161021757,0.43402343475341354,0.4262609838020808,0.41856626661757446,0.41094014394320766,0.4033834346658125,0.39589691657795356,0.3884813271338885,0.3811373641979685,0.3738656867865302,0.3666669158023126,0.3595416347612286,0.3524903905125143,0.3455136939510908,0.33861202072293395,0.33178581192242973,0.32503547478276573,0.31836138335862074,0.31176387920106663,0.30524327202485324,0.29879984036841734,0.29243383224564923,0.28614546579046873,0.27993492989321567,0.27380238482945174,0.26774796288140124,0.2617717689508652,0.25587388116500165,0.25005435147380695,0.24431320623969555,0.2386504468198325,0.23306605013999615,0.22755996926065336,0.22213213393581555,0.2167824511634251,0.2115108057283237,0.20631706073723421,0.20120105814561384,0.19616261927723144,0.1912015453357867,0.18631761790877022,0.18151059946359283,0.1767802338358706,0.17212624671003596,0.16754834609261593,0.1630462227774956,0.1586195508035928,0.1542679879053992,0.14999117595499456,0.14578874139789377,0.14166029568028193,0.13760543566951355,0.13362374406685262,0.12971478981287987,0.12587812848587987,0.12211330269266796,0.11841984245211279,0.11479726557186609,0.11124507801747541,0.107762774274903,0.1043498377055414,0.10100574089432257,0.0977299459912615,0.09452190504583768,0.09138106033447002,0.0883068446814832,0.08529868177305389,0.08235598646467679,0.07947816508203687,0.07666461571520244,0.07391472850633818,0.07122788593116525,0.06860346307402665,0.06604082789635868,0.06353934149922225,0.06109835837958144,0.058717226680499834,0.05639528843502717,0.05413187980468592,0.05192633131125035,0.04977796806346646,0.04768610997732026,0.045650071990962715,0.0436691642739504,0.04174269243074491,0.03986995769886903,0.03805025714152066,0.036282883834900304,0.03456712705025211,0.03290227243039112,0.03128760216139881,0.029722395139032187,0.028205927130471764,0.026737470930584095,0.025316296513665293,0.02394167118015389,0.022612859698938337,0.02132912444474755,0.020089725530965552,0.018893920938012343,0.017740966637461497,0.016630116711496612,0.015560623468104495,0.014531737552260893,0.013542708052739272,0.012592782605310049,0.011681207491335499,0.010807227732982483,0.009970087184029808,0.009169028617833419,0.008403293810346213,0.007672123620835691,0.0069747580682246735,0.006310436404135089,0.005678397182805384,0.0050778783272846795,0.00450811719301214,0.003968350627559403,0.0034578150277297937,0.0029757463933322015,0.0025213803787096367,0.002093952340374017,0.0016926973827935399,0.0013168298803236667,0.0009655474495673388,0.0006380346708851903,0.00033346656553590037,5.1011838337444715e-05,-0.00021016410713059486,-0.00045089637251294334,-0.0006720179787294001,-0.0008743574828713463,-0.001058736788962733,-0.001225969144826422,-0.001376857316671476,-0.001512191933699114,-0.0016327499942860868,-0.0017392935258442321,-0.0018325683917339575,-0.001913303236193542,-0.0019822085609462192,-0.0020399759261522377,-0.0020872772679467744,-0.0021247643270214667,-0.0021530681796662066,-0.002172798867405845,-0.0021845451159947515,-0.0021888741404154644,-0.002186331528662322,-0.0021774411988815245,-0.002162705424524347,-0.002142604922511282,-0.002117598998950143,-0.0020881257481448756,-0.0020546023002623315,-0.002017425112910587,-0.0019769703030760866,-0.0019335940152416242,-0.0018876328218482286,-0.0018394041526335059,-0.0017892067496347863,-0.0017373211451854331,-0.0016840101581294675,-0.0016295194080271358,-0.0015740778425481494,-0.0015178982770009952,-0.0014611779434403616,-0.0014040990467947267,-0.0013468293261382769,-0.0012895226200839716,-0.0012323194335692733,-0.0011753475053239981,-0.001118722374144454,-0.001062547942922265,-0.001006917039092059,-0.0009519119710148516,-0.0008976050784781364,-0.0008440592774263678,-0.0007913285973302209,-0.0007394587114788465,-0.0006884874591435164,-0.000638445358873696,-0.0005893561130960734,-0.0005412371036754848,-0.0004940998777840377,-0.00044795062416369547,-0.00040279064006654153,-0.0003586167880484936,-0.0003154219429291061,-0.0002731954292869432,-0.00023192654012405,-0.00019160454110078717,-0.00015221867485593066,-0.00011375816467307232,-7.621221880071971e-05,-3.957003417554006e-05,-3.820800003495606e-06,3.104629851691243e-05,6.504207644297821e-05,9.817734570560788e-05,0.00013046291155660583,0.00016190956941386503,0.00019252810159287037,0.00022232927406662384,0.0002513238337087387,0.0002795225050817862,0.00030693598776565523,0.0003335749534301158,0.00035945004296422667,0.0003845718638615381,0.00040895098752002923,0.0004325979469967933,0.000455523234421662,0.00047773729863820336,0.0004992505429868288,0.0005200733228605259,0.0005402159438858689,0.0005596886595924389,0.0005785016693096168,0.0005966651164328596,0.0006141890864626021,0.0006310836050715807,0.0006473586365984829,0.0006630240821721145,0.0006780897782050488,0.0006925654946883242,0.0007064609340261541,0.0007197857293306242,0.0007325494431995594,0.000744761566068064,0.0007564315152706058,0.0007675686337904608,0.000778182188895471,0.0007882813708306458,0.0007978752918802456,0.0008069729856856611,0.000815583405938014,0.0008237154256391932,0.0008313778361355162,0.0008385793464640301,0.0008453285825851253,0.0008516340865867278,0.000857504315888491,0.0008629476428723137,0.0008679723540865325,0.000872586649876439,0.0008767986437021591,0.0008806163617407492,0.0008840477425167137,0.0008871006365609446,0.0008897828058138657,0.0008921019235401673,0.0008940655737887937,0.0008956812517055823,0.0008969563627374555,0.0008978982227745291,0.000898514058121691,0.0008988110051859621,0.0008987961103343878,0.0008984763302635201,0.0008978585316299359,0.0008969494912776099,0.0008957558963231804,0.000894284343956997,0.000892541341983133,0.0008905333086204337,0.0008882665729004202,0.0008857473748378197,0.0008829818657147825,0.0008799761082798341,0.0008767360768047183,0.0008732676577949405,0.0008695766499897672,0.0008656687646748651,0.0008615496263360001,0.000857224772715881,0.0008526996554110156,0.000847979640155927,0.0008430700071926367,0.0008379759520380503,0.0008327025859671267,0.0008272549363539383,0.0008216379473537927,0.0008158564803011359,0.0008099153143916737,0.0008038191470518541,0.0007975725949052048,0.0007911801939712859,0.0007846464003762321,0.0007779755913759345,0.0007711720656971011,0.0007642400441625341,0.0007571836704869384,0.000750007011845355,0.0007427140598110782,0.0007353087309809325,0.0007277948675721291,0.0007201762383033383,0.0007124565391052329,0.0007046393939447171,0.0006967283553933612,0.0006887269055653178,0.0006806384567141777,0.0006724663523129948,0.000664213867764829,0.0006558842112269758,0.0006474805243215087,0.0006390058831016177,0.0006304632987053083,0.0006218557184638485,0.0006131860265838895,0.0006044570452843345,0.0005956715351942421,0.0005868321967170687,0.0005779416705991025,0.0005690025387821152,0.0005600173254549645,0.0005509884979630897,0.0005419184675474753,0.0005328095905383634,0.0005236641690089527,0.0005144844519122671,0.0005052726357632764,0.0004960308657473433,0.0004867612364591878,0.00047746579286922497,0.0004681465310625299,0.0004588053994609709,0.00044944429973270417,0.00044006508773009045,0.00043066957425708097,0.00042125952620608587,0.0004118366673253604,0.0004024026792421864,0.0003929592025713191,0.00038350783756868623,0.00037405014526825653,0.0003645876484483779,0.0003551218324844285,0.00034565414634357694,0.00033618600335216797,0.0003267187823325912,0.00031725382834224547,0.0003077924538388288,0.0002983359395614116,0.0002888855353830877,0.00027944246156152985,0.0002700079093926888,0.00026058304234766183,0.00025116899681165705,0.0002417668831071751,0.0002323777864035037,0.0002230027675977908,0.00021364286442349112,0.00020429909221775233,0.00019497244500144006,0.00018566389633178915,0.00017637440035400687,0.00016710489242655058,0.00015785629042852634,0.00014862949524285796,0.0001394253922057942,0.00013024485144796927,0.00012108872920180147,0.0001119578687394096,0.00010285310125368596,9.377524688147787e-05,8.47251153857087e-05,7.570350726382458e-05,6.671121437307193e-05,5.774827923232806e-05,4.8814083783099704e-05,3.990743846316036e-05,3.102667062648834e-05,2.2169712451614032e-05,1.3334188992075724e-05,4.517506027923446e-06,-4.283062793319914e-06,-1.3070288417793563e-05,-2.1846899443289658e-05,-3.061549503513561e-05,-3.937845809787177e-05,-4.813786810586862e-05,-5.6895415013968886e-05,-6.565231191757448e-05
17.75899903807965,18.43100817005336,14.24132119018941,11.640251862300374,14.33513156903382,11.879909181357448,9.012064851568766,8.086448149443527,5.728232450582141,5.402373036783388,5.130770417805252,2.5725315944173417,1.483381706656246,-0.3121677416008879,-2.562908617471294,-1.70329864292421,-0.9783780772899036,-1.3535682664600017,-1.398528917259796,-0.23564071118721586,1.398837914132855,2.105320775793871,1.043425652568203,-0.4897176802734293,-1.047382383832769,0.0184571743051265,1.9342671714219932,2.1282349743609075,0.3469071315372503,-0.6099473652066081,0.346136730343801,2.492229335693537,4.3054125407659285,4.756481565167519,3.933113522182225,3.7692374908522197,5.49382610222051,3.335973680719121,2.498284743585373,6.641676462739952,3.9880398813691045,1.855578855054091,2.831783949946953,0.06963626929837119,-0.2554224293196512,3.1339783156394105,6.368605049091229,5.8790897252098375,3.2410831925589036,2.705589715699375,5.915703078833985,5.607412303418641,3.2614567959020633,3.1821227652725383,5.017690234997872,7.877193304865386,8.923681686174064,7.064100786878726,8.538097759285165,12.601066119601,14.399328706005917,11.395613346572873,10.559665472410416,12.045250371159568,11.927641063557417,11.42718993222229,10.120815549821145,8.792649701770642,9.542496989531173,11.156379397016394,10.86440975076573,8.775239800743066,9.30458808156527,10.842293344075074,10.58379643600017,8.817188488026204,10.432854494334833,11.95246518848171,9.551865065425318,5.4645146123771156,5.185897287143575,7.836984282329581,9.582813654762731,10.012128732259612,8.768542489824085,7.067688385622546,6.433487575185609,5.216215487743966,4.332797299804838,4.189842724847267,3.583426375101908,5.436087287564874,6.3057401174523875,3.0790343279343233,2.2100015641069604,4.92788068269374,5.430233073324871,0.549385257842232,3.27916223850184,4.873642868871229,0.06920547928916676,0.23882459241758625,3.116192497435577,4.714542475265034,3.7890508545832517,1.774886168394687,-0.05672385888885856,-0.2731747272191569,1.3293178242372505,2.014843495118157,2.7765567935360878,2.5401071433062725,-1.1236536726925124,-1.508192973248697,1.9689485743642763,4.612169062108364,3.1833859163009492,4.055539051261121,6.405950387188682,5.816360384041445,4.634744212745204,4.554230271183087,6.3344748140764295,10.066920750098689,14.40618174119436,12.723789387928718,7.947548264311308,10.466138136816426,12.068872742789154,9.964681472178881,6.953312820548035,5.68204846667868,5.806164999490306,5.255596642822866,3.884349305524438,4.915019679477382,6.188734341566715,6.33305736545708,6.077175741096198,6.410773872000846,10.016406647720487,11.673430074539851,6.933660094603283,10.853672224899128,13.469106230456418,9.837695517499128,9.93904714534051,7.93446884968057,7.721778602783161,11.507326298309408,11.920922971804771,8.922700773707334,8.252758924081263,11.85425971556424,13.440811392862088,12.097358905879673,8.645723301846601,6.041025199506748,8.525493728031847,10.14763182655338,9.656442069934883,9.745506096401414,9.289312781658964,9.625789968269373,9.073272284706945,6.651082166398169,8.46869006722386,9.641974467362843,8.987252453249766,11.066872861965635,14.891792030303804,15.182315774307881,12.93651941693588,13.462474321508353,13.564893624099227,13.520290872348596,13.845839878500556,13.910702848863934,15.146113359069886,15.171963261647761,13.325428050765936,12.021257386989873,10.761113660842284,11.395779154470347,12.196872476253702,9.105139512963206,7.925948955119907,8.290352176480837,7.21074741445841,5.369209811804581,7.804014962071506,9.337739679702736,8.237601112022048,10.041323285078533,9.136421881630326,6.958629353740662,6.8457768492050945,8.149977046519098,9.287611959131482,10.330885539399105,11.52051887732489,11.547122166541385,8.274583257222957,8.044327907331763,11.810268840340996,12.393322369822044,11.765953921288428,9.829643794202411,8.686310564556493,11.493474852721988,12.365321449502062,9.904559386977326,8.279143042727583,10.454694260908354,9.658796948385202,5.536209259523503,4.16516006249617,8.250647691386803,7.464222798137371,4.3636656783755825,4.60081105708764,6.686990293206236,2.954762312926732,4.877371408901354,9.48378667596262,6.757444494643551,6.60939260178543,5.900568195204187,6.086207128183219,9.862938706917248,10.846947293042945,10.56329077362193,10.334145091645723,11.478938551745728,15.056905554044874,11.751241753116233,9.59096649315461,14.12597196666843,14.361105461756324,10.347843713294878,6.823025789581152,6.383169899909035,7.530799430645175,7.927311641557935,4.865511730742355,3.2195639668433387,7.690963674923523,7.6189011705894245,8.012915121444621,10.77860056210875,12.336200163410467,14.253660596442955,16.713185111179882,17.87054730957209,17.056079669127485,16.773452724049207,18.28359848652633,19.567845240621523,18.51676016469378,16.49942410531753,17.819730510516138,17.7509315299327,15.414238957018824,14.962723161694953,13.23188705448922,13.14188781137625,15.441860777329111,17.139057658913316,17.00452256382141,18.68930276865194,20.08846240423918,19.147600841862413,18.984312514266776,17.816531736312754,13.96418067052332,12.065355967299524,15.20053569312438,10.99591203997636,7.850563863374305,9.782282298151813,11.539936795648373,11.433186844600414,8.25197642428202,7.704644366741832,9.208513053831211,4.317622846936956,3.6076806670630504,5.484288022982469,6.026080730668468,7.242724331103204,10.632287082973335,9.569789645692936,6.24104263107256,6.343879619725271,7.265891868940571,6.391740314120057,6.801153523451376,6.406867238448058,1.3788797041017915,3.2129331536244763,4.530990385464634,0.9748503025591617,-1.7314132546291603,0.852459980315075,2.142455422610965,1.1564871131688506,0.2090387028723626,0.6908266371128775,4.686659137252491,5.0871915235401275,0.9591650733392498,-2.4241975111118563,-3.4685066313038533,-1.7783232985468658,1.411332650002464,3.6788745099312337,2.7141656310061535,-1.1965564931748531,-1.1817885271487967,1.930949065925006,2.1784663702499074,0.10001468318489515,2.134930533460647,5.53535561558806,4.050501723084949,-0.3896948064100343,3.138781549535338,3.858351050238184,3.979470750512405,9.135876127930487,11.143370133211192,8.647954998798241,6.980324225610616,7.402689004459603,7.703565980467147,9.032860218643236,8.672922302703682,7.53934165917201,8.425697569935437,9.91243379732191,5.527930272808135,2.0246870303775495,2.354239195751461,3.8231631960891264,5.136106512188462,5.828465754249464,5.2633347727685305,5.741489940863403,8.830857984225872,10.3521116364293,8.503242083899067,4.859314673162089,3.560152201201845,5.830415846258575,5.487661938369229,3.8382767909356517,5.027879567031164,8.748841975588675,9.510918035253667,5.423897510881034,5.423863161546706,10.960569078936373,15.033817640474695,14.05966989315425,13.6873396774605,11.729369506037528,9.376718491544807,10.781037933080029,13.153121258475494,9.938807204178374,5.778024988198922,5.585177932322949,8.888255206314625,13.023595030795832,11.517598214124973,11.008663774020079,12.786678834251575,11.590565062255337,12.138796069455111,12.394961495718235,12.501787950626294,11.25257453473364,7.6456972234155955,7.742580183196651,10.967561855093663,9.402511644147125,6.701136237546962,11.552969018951558,12.812886940186218,11.894298512623664,10.452066044472303,9.547361689667468,9.940087025687262,8.892645116680342,9.12105131403655,9.60779957206887,10.623041624391021,12.932228536806292,10.463774180000883,6.229037908781947,5.928037699548668,9.273242077670375,10.705573565557188,8.283568504387745,6.314846637440269,3.685212914791805,1.9135282956601714,3.375892140273095,2.973000785473914,4.28072112895461,4.866557954700397,4.257488274874959,4.860920743891938,5.610203531823117,7.8727053187418505,5.895310825263209,5.485084648794782,10.581292945650375,9.707673979885612,8.603174918364175,6.340115980619885,7.67514269774415,10.883393619160302,6.093216975996256,5.234717723540371,4.920922571040819,3.5971330948991636,4.048982410674853,5.551849367963541,4.641366317713278,7.596878434593009,9.682654745541413,8.34844935765318,7.002389433194821,4.640064678494582,3.7262413457350476,2.3255387387175688,2.6964234448697653,4.8794663112522585,2.9173741457525466,2.1812834440927418,5.0428797266633865,4.37445864728943,0.1091674062893162,0.15067278606636592,1.0112231010763253,0.422854248363592,-1.0980351831806274,0.6772946616431454,4.922540797644842,3.664610621124666,1.8203036142526798,2.1732401818012477,2.809286640262144,2.936196295833952,3.1622348690996205,1.1796521620224212,2.018954496279548,3.8277135052708218,3.5060030619063127,2.1615382578881963,2.244441060879808,3.543700409891244,1.932106289020112,2.3264546756495292,5.060167330515128,4.520071543425729,5.463904742704244,3.5365499007608605,2.1732947170521584,1.0948269280052045,0.387251533186145,3.3319248875221774,1.1187726431529654,0.9933231463694483,2.5418639089289172,3.3725329291942217,4.187217951341381,3.9111950541689566,4.216138823534493,2.313457340894729,1.1309889301552403,3.3234393596571863,5.63889807370515,5.320083090509797,3.996247508923261,4.950635595008407,5.764586918328064,4.229767701819583,3.066493494305064,3.929771804442339,7.124023896739914,7.290035388822616,5.024279662475465,4.170726929074021,4.617231174909193,5.716550754355694,4.5965290092836995,6.311339276315039,7.502556776168035,5.850574457802622,6.835039891016322,4.375785607424177,5.549870017637659,3.4295293173456685,-0.7940433332182693,0.597078281663812,2.891873160613727,-0.540906808235718,1.7371310873420498,4.352495266113465,2.650688113756587,-0.3816141028931952,-1.7687827453512455,1.2757276887841726,2.8914465214581924,2.370673943136353,1.9796478434209348,2.382005777190898,2.2378450622979926,0.6782100440179875,0.32224298837422793,2.2237174412247214,1.564702814641123,-0.1502829712081848,1.5105239411250295,1.2229074515781804,1.693901309035823,0.16038533149867362,-1.3291153246108252,-1.0529798157831465,-1.1412587105801322,-1.5097587546259774,0.30853710491669517,0.9417326448403855,-0.058118193603604595,-2.2092740633372614,-2.6210574950373484,-0.34954649131736915,-2.1801632235092256,-0.3365588243094635,0.36230024313874765,1.2820821952807364,0.44989320061313265,-3.0498486888566276,-0.19376062236096914,-2.3802435204735275,1.4604432628996165,2.3619921609192716,-0.4202248517975704,0.28273818191632927,1.246948078673313,2.0085424275930563,2.209371583725442,0.24952544736015625,4.093241647067771,7.490219212248121,2.938264673132835,2.0241120335881533,2.358237679434751,0.42764367298855177,0.7660237352729382,3.6130041617345796,3.1423542376240903,-0.36467420295207376,1.5072645981584856,6.813595692976605,6.229250818734272,3.648704488334488,3.211669849568125,3.4409773611370156,2.9751187816694937,3.335703201477827,6.240994686799809,4.336014782802977,2.5221320668053977,3.647858237211267,3.1362286659925758,1.5451050204919738,3.677526877085029,2.013352505293369,0.7534481076665998,-1.0479877950492664,-0.10714249964075861,1.6636400799974354,1.5315214852121244,5.588064946455461,3.852934126964101,7.976712541325355,7.390073650863883,6.901986017670765,7.263861312486142,4.2871691096013365,7.575004233484378,7.7734908650427315,9.410466294870503,7.689365180744289,7.362449364393797,7.3365819693937055,6.1446019455736405,8.247631200511478,7.425821789043766,10.841466054525199,11.407588019603281,11.931680837622594,15.543502146168976,18.236089639660577,20.132423305820907,24.313794297046456,22.70182378374102,21.976370251023127,25.74380358570329,26.883684836330303,26.764891324729092,27.47132453982431,26.849822747177086,29.845610137090375,30.164406261760632,32.500269973979016,32.62214724681519,32.70303353768645,35.85647279960813,37.25478257076111,33.62472016305355,31.01383994416574,32.9595610833685,29.800019863391753,26.33843716163517,28.879922965339915,27.77780240134109,24.222861087387855,28.247373562667804,27.319097783926168,29.40377472301452,26.9127602956562,26.093589117821693,29.386175926705732,29.118250232956825,26.774032749230628,27.609530827139224,25.42280236354759,24.068054838117632,21.711810082762668,22.272174436652676,20.460648063870508,19.19643153800007,21.375102781091982,21.338160647115956,19.5217673798752,20.41860164404443,21.43064190993414,20.256007184119426,17.508158568392673,17.375262170195356,16.862865158653676,15.553356227085942,15.491768866899065,12.437551518071018,13.82922821984016,14.698217275502088,13.51398492183614,12.750146316424548,14.963689288888645,15.346366018835056,13.354575627001623,13.203321656520984,11.807191276005597,11.88136847826729,9.20298675899221,10.686080281198883,10.579460119638043,8.607094971858942,7.243257653246133,7.609497950505784,7.9341154142998676,5.773533834340469,8.201266050677987,7.368766220541147,10.164304087281835,7.193250708156711,4.540224170866622,3.429673386756349,2.797350524085914,3.514676353460345,2.5968091587183153,4.038276989418705,4.93419357293908,5.590792838298739,6.272193963284508,3.4739608791044247,3.1165836475593096,1.9621047174291562,0.34989776880433965,3.1933719300957364,5.347464615037552,4.795652957088691,-2.376047382538218,-2.4384937807895994,0.6219647715386145,-0.38216845026113333,-0.48397128778060505,2.3391462633562696,3.4294811472786932,3.9395717734199707,4.554854157484101,0.9722995657490401,0.6638421879137013,1.9812989289470124,5.049557916496042,3.837806396484666,3.010299469255642,3.1119070857462248,2.0043323919575187,2.106529199262468,2.591784614694461,1.603112097134158,2.3910077564401035,1.9009748663784194,2.2147469303645266,3.509943492185471,4.66938406946565,2.547262340553857,1.5862724934232801,3.5225044574144704,6.038703276678234,6.7401600298338735,6.736437652567815,9.975172137019172,11.531989524339451,11.863130092538313,12.41329732189456,9.65197377981201,9.137141768927222,9.664880771210505,12.880817694762072,12.150671254631675,9.36463397544344,10.28338056519226,8.298627275877948,6.80538522960012,7.89580827328291,6.540650647530811,8.93197927992992,7.407490326813786,7.355294090380653,10.461595835204776,9.474001457518398,11.093912194113045,13.02211798281769,9.238948667694785,7.0851453882517035,8.215046992913358,9.266267988777827,10.444232120032098,10.091141989393009,8.666691830935065,7.8931481118062266,4.560830631704221,1.6252805689805427,4.886643138091472,6.522565832371356,4.777712258052816,5.523149177706159,5.339110356597985,1.6092347694002456,1.0643288256231926,4.830340375415858,7.105726928119793,6.330766799104708,5.203733198636542,9.711656028123343,8.604931367818494,6.392499248685567,6.929612317756778,6.993397582814396,5.03828848758576,3.250346194427607,4.078692885304804,5.800209206210866,5.7678862351129965,4.839902458238612,5.5609592225270035,8.06993463702122,5.7799372116995755,5.46467035267176,9.221750462272325,7.866933044807297,18.82339455740646,6.830045533788962,4.3978283167400605,6.209681636352798,3.799618001687577,3.027271859430698,1.7597235653693133,0.9950346178751488,1.9902385073174855,2.023181612842336,1.4321959544164429,2.104258369219224,2.8361355902735568,4.624118065957077,2.1981385391594586,-1.7783379947981075,-1.964722736970316,-3.413170513335558,-2.9923450194287398,-1.094740906490415,-0.3719174398272571,0.8442180664708303,-0.6222931954844171,-2.0713114851914725,0.18559034855502432,1.939399025443322,0.3053810317588841,1.2282093981290245,3.3595883746422714,1.5406752135669421,0.23311022964935546,0.25473475544413304,0.5472304322255468,-1.24465715936185,2.570997682385496,1.6393800515887733,5.490867656363207,3.5247955604178287,2.5239821650933436,2.666387120813056,3.245631446696507,5.060401813192925,3.050497847438237,4.460100994747222,7.815924133665703,3.9463154389172814,3.9055134169144594,3.9378806911563515,3.192015334435496,6.946031627318348,8.812027906169874,6.788149176032789,4.554058115435737,5.028979712372461,7.33190656583804,7.02604463911689,6.759560099802229,8.313003666789882,8.25543856661227,9.45182563200251,8.646946647492769,10.335765557901937,10.833069662104663,7.562226768366372,10.643686121178462,8.864461150214197,12.296293224685769,11.478146948452434,11.32050669183792,13.353728724226357,13.807631073576204,12.834271643410375,11.843031175239048,11.833193912301454,12.561794378377158,13.686744820176614,11.669667165731425,13.07276791189787,12.643799263566223,17.296283602724657,17.04603696885613,12.152220839784604,15.655672234823555,14.078306059627266,13.186725595688756,12.257237306514583,15.32749887600096,17.15733473106991,14.854346086206817,18.08252892453868,18.632464657819355,18.46544822158262,19.44163743420819,20.14579764253193,20.753573596881665,21.369807251755674,20.302707626919926,17.24973331414435,18.22468608977158,19.839235878218062,22.14224560565043,20.41426566743627,22.86482984042243,25.65009461588818,22.909368495504793,26.927800921793903,26.688445540480245,25.47147244513411,25.145733142512086,23.916777031676645,24.7692952842267,24.236987910551818,22.55536518825295,21.829930088419758,24.951217506292664,22.657935202947442,22.810065299806638,21.411691656405765,23.515144142289216,23.212667478019853,22.43918591741175,20.456281549262314,21.162649696966014,19.657575679304614,22.647489915592303,22.60765020508859,19.625433664335105,20.648139465514987,19.726061644439767,18.83563963304448,19.810885353548827,18.49627637390529,20.159597607149806,20.613615026846787,18.270183166772597,18.274034138014258,21.200104523468383,18.603523170424808,19.655627743663445,21.786695698002063,20.903931233633443,20.45143212403366,18.98208921830127,19.179192931719967,20.309741498161088,18.929976839045537,18.925484547945075,18.393274106683805,17.182794510787403,17.554869869579193,16.440030826056216,15.641731072416064,16.39616191466564,16.07662857315455,17.352302548537864,15.707112034589102,15.664473235945366,17.01186939004816,16.176278017500863,15.986805064673206,13.705202565385093,12.581227546572677,13.883526045511474,14.09485416947905,12.449126305369305,8.508990782153262,6.597989459279688,8.7843532867048,7.779378960835629,8.815602534019035,9.212137649804447,3.516307519399959,4.857953964049898,7.581579097898896,5.6327587680465285,4.913855172809178,0.7006125155868403,7.000311373628449,6.480083328340356,4.5690221517229475,5.4598012900335675,6.798951154502674,5.433563133818154,2.1823771066942754,2.052670006145547,4.406851603589473,3.272187422207594,3.9410487456682404,1.3868978390148072,-0.7822209072830333,-0.4630545012109337,-0.2516830270799346,2.180592184960176,1.2834744936872653,1.7162312488044336,-1.0853505529421454,-2.098966752444994,0.9939011676551104,0.07117971151939173,1.8448712116533557,1.753784634069632,1.5829201665436017,0.812681874206703,-3.1394840997736537,-2.804495951310628,-0.9771873286280197,0.9506815388573386,2.1071354865080707,1.2907925163372056,4.023262363003937,3.6440867609943552,3.5889984487182005,1.3199749173641067,2.0189334847677287,0.6880428016111182,1.8667027619953274,4.102491902154725,4.232325729856598,4.588938434415695,4.545835266289373,3.127674581494034,3.7226701896658483,3.1623339275171816,2.99128150754035,1.242653716619202,0.7668823022750644,-0.34832694231414507,0.11806299816930732,3.4474258394330377,2.862327912331523,4.364479490086012,1.8007138507006175,2.7236133474501685,1.661681784397615,4.308126062385099,3.340772056711671,1.6468263153792577,2.7730104331720895,2.7881100491761117,2.427933230254382,1.8953287800838439,1.4792658650169983,4.230798422810949,3.390280780405533,2.1828385701763864,3.1196993803929445,1.1609736376814794,3.3685475797450977,0.9950116738928045,1.6937128865160958,2.6868152231775184,4.3068035649898775,2.9665153075878266,2.5896211561598648,3.7866506501025015,1.7162287729749437,2.2499317898277127,4.605557717916554,3.830494193253969,3.819967746765542,5.520321469686735,2.6517933349281293,2.361103917664991,2.496847307190194,2.9898622297330917,2.1618257848850817,4.063571267392035,3.0318509452704916,3.410222100101464,3.8831840930935186,5.8510562569330204,5.12696881528484,3.305301406708054,4.513819387533772,5.721718447625392,5.411041725855057,4.7374462908761075,4.348532029612727,2.049033365010132,5.3984450273478615,1.3290947939551643,2.1674444238011574,4.3821674570081655,4.804821738438193,4.026028395439766,5.257929070973034,3.2106203276608767,4.462667440614439,4.563796252554766,4.680461896264205,5.431359038379867,3.235749504445778,3.43080229171386,2.885729530892206,3.4797832928119306,3.7661960726217103,5.186688787023229,5.164427288598404,5.485247809697853,4.4257392400576805,5.1793295204983565,4.384697614110337,3.08591747386356,3.910558708008182,5.162948428702748,6.188764675409004,4.119726231059644,2.887325429632938,1.7245983825873168,3.107470316945694,4.632532791177425,2.3031458518325962,1.7648199611150517,2.7424720891942798,3.4112448598366996,3.322440290529755,2.9710551259962017,0.8071333861362859,2.6458616160105635,1.015683115903812,-0.18533017223555248,2.6519226447070423,2.454995222349311,1.031049105413615,0.8749286985913614,2.5931878981955094,3.522895039413754,3.368305698114483,1.6852681154552727,2.7982001420517975,3.2476144306962738,2.1900664451811167,2.5387336389904362,3.0026153901562793,2.748352424399883,3.3109475939386073,0.9286505464673951,1.7629588896017196,2.6907174281312507,5.734904213401222,4.957361163427436,1.673225521172526,2.036821655933295,4.407353530426263,2.7676973890373233,1.981832551041947,1.333995627305427,0.9228608967206071,-0.8151136817425879,2.417812107232294,0.4740130134312608,2.401984760678971,0.7313326445396626,2.3730704117853634,1.8823157399608874,3.4180373876634462,0.6108836127587551,2.417246960214868,1.2679919598098763,2.208469593933245,2.5820043509874893,0.19198824755184773,0.6776284716924863,0.32336534657363813,1.5972786539636843,0.6040295641931266,-0.4235013076434484,0.8646015052551093,1.5129292932122098,2.356737932942707,2.383153877407551,0.17424352944070165,2.5497897283655675,0.9921119171747819,2.8030788444290238,1.2160319377980215,1.1514919100729912,0.6535145086923251,1.9346734323511043,-0.2826157666615643,1.1049674218429288,2.5442674241135137,2.795895035394608,1.31462888732392,3.1175031913249427,-0.11258493553248172,0.5144298911726537,0.77788113822578,0.8859352287818751,0.6385859007857846,-0.35287864074706476,0.5649897795196637,0.525836922217934,0.8109525344491999,1.084728727723558,2.402640296127629,0.3321095571109538,0.511267816374783,-0.04567027956724701,-0.21339089216425577,1.6952641413407719,-0.45275059220182357,1.1757821419147376,1.1475740508624028,0.2509401177895825,1.2478432823761807,0.05477221604417082,0.07677137363413067,-0.10014555720934482,-0.06026824124535324,-0.013373633041879884,0.899731636051115,1.494082131535862,0.841014208824248,1.2561267692324805,-0.47760466104017496,1.3613481750382732,0.5327567881765845,-0.034097559356155216,-0.9052797279024105,1.4123346025343722,1.5510999056265575,1.2279957579535505,1.3578470399691298,1.496149285694571,0.006518620905666239,1.472495948520958,2.1109839872133023,0.6315305720777928,-0.1767726055060166,0.6456067565164574,1.9287776614204404,0.9984087403032618,0.9198382311892033,2.339947241011629,1.9076919800325811,-1.3317160823166603,1.1964906070402037,1.435363659192035,1.4496586671411364,0.09299521609560202,0.9991288546960959,1.3631554543148923,0.9353007912943383,0.6484229519504652,1.400132126334455,2.389979357624526,1.4408828585557103,1.2028174876307673,1.7675304202016378,0.6466142923931955,-0.349144100485006,0.41068308549600374,-0.5977697242079785,0.8916327703178979,0.4578064451118564,2.189928622693344,0.8134757131015675,0.6602395201757503,2.2702560901376785,1.6249981707632912,2.0387858780177766,3.0736656057962364,1.0087093009509545,0.5740155194716294,2.682559303391102,2.4232342164419833,2.6910172332999878,3.074717483778386,2.578137114721443,3.0999983146226384,1.295935245607069,1.3221234468116307,2.1046739356896182,2.225718715646167,1.1915076216112368,0.9132890452393951,0.2929042155776642,1.1955426590161977,1.164242688572486,-0.058410688325153615,1.5414381712802907,2.050124736658546,-0.3300793977673635,1.010796742373742,0.9085803655476639,0.023797980996093315,0.897278436301761,1.11181224658975,1.8896322811047241,2.150816756894727,1.751303382220172,3.1745931268224012,2.6749158502537966,3.0707940023222307,2.9552324923948703,2.059671286528925,1.3623075625826289,1.8038932240875454,1.5993957365865867,1.8471823486123213,0.950956147292672,1.3319676424593183,2.028502160957686,0.9594448720223738,1.0908685472134323,1.5390915286502036,0.8123082700682289,2.002880551762644,0.9462654707469085,0.6039422626134865,1.2530562670588097,1.4214317794982776,0.04097622199481066,0.6619211542533492,1.2985484248497414,1.9146713713435588,0.5208485017326154,1.6428129982700739,1.8121878837023928,2.13653900965852,1.8150839630525581,1.8905764940980134,1.3537377007967848,1.970267129788624,1.4862566483942885,3.7657559957553985,1.9743970988137676,1.8675408170174137,1.1019607762419241,1.7573277544759094,3.0999350391406324,0.896419064678696,1.4029102792695767,0.556515909126631,1.9896860577501911,1.1821226650789072,2.3222371888797397,1.3398502704650923,1.4161784981232586,1.000352144516512,2.540723142447348,1.9315280292724992,0.10659201649940542,2.944686411544808,1.2041372597017244,2.3680704216578192,1.9565531660071542,1.4551447730719929,2.2781076356246217,0.9176840424266857,1.4035000876321533,1.9437553820251878,1.808058392621831,1.429843380832267,1.7700178769676995,2.5107798567338477,1.6916498117056022,0.7064265468329864,2.132853400049399,2.4240551083721016,1.5404346379162348,0.9152569560433221,2.21777930771232,0.8267086144226781,1.8918964428395384,-0.005771634908001033,2.540895153523877,1.3598067843468016,1.0389056334917086,1.168239653799219,0.7608341417291626,0.6906037117317965,1.808612865553016,2.1607349958392206,1.465961905683912,0.8938047438749095,1.8874523385317161,1.9166360919674048,1.4632751755137292,1.5282323554595791,2.320465802303545,1.7099404612113105,1.9517299930557215,2.2475440876668813,1.9673966830610539,0.9579021394729352,3.070481138952175,1.8633528212249146,0.43428298552208844,0.9384636973758234,1.099930820442701,0.8647698376675024,1.5426945094531561,-0.09698294901482996,2.263160485093863,2.796578305238768,2.079464257079046,1.1071516686768064,2.8960727507235333,1.2902581749730189,1.596724316003474,2.2246297533515076,2.0984069547329227,2.295152349970685,3.34523974693775,1.2232489617848046,2.473453995181565,1.5123630699549722,1.0055953371236228,1.184542806723698,0.8442723149900644,1.6491170897127745,2.3950783650751077,2.0853639364227092,2.0360361264390576,0.9678735409701176,1.0876546432933694,1.5419847652311205,1.7823893263734476,1.7399353706761644,0.8504009149794456,1.8350519307919626,0.9382370377367124,1.396446395564169,2.804595210582029,2.029239327041182,2.1692226693288603,2.615453625656073,2.2645662279077214,1.7226058675166769,1.6446022370470246,1.6204260128080819,2.2711748184652834,1.6481600438640953,1.5997013661368058,2.51295954515831,-0.033033176100161654,1.5415410216733676,1.8296609903857757,1.1261143572332344,1.055053343057125,2.001723195735792,1.2127925500737433,2.0194215704394693,1.2490509700882626,1.6404715105774699,0.7949291966012844,2.0402743304766773,1.7350005981625785,1.4444095718002359,1.1331099010074013,1.1251251452823077,1.2475209718813325,1.0424794364030845,0.5376332143228524,1.3071217585819603,0.8411363329823303,1.2818494243733767,0.6576486454515624,0.13363641603103815,0.2135705619629107,1.0049476805244808,0.8029321943157584,0.7397379096948953,0.38209736681357853,1.045360204091029,0.8511351770101214,0.813538489618054,0.5619511534266621,1.2374518677590949,0.0812531716174476,5.282811575106795,0.6076314775458513,0.7820379017056744,-0.13082549533725896,0.4662806294494999,1.0794904994764956,0.22862542531481722,1.0758711115398683,0.6861403669396395,-0.4088705837251645,0.7609709238704454,0.8298602871733465,1.1649106131775966,0.7738046127810208,0.7509691888621433,0.7409639183837804,-0.16396264039173403,39.51194667895254,7.743430234545087,1.6773739988717011,1.4214900438543623,0.5753783199419331,-0.001258138857508584,0.9482791883594963,0.7371310956939965,1.7047005657444743,0.9043568770247248,1.1098041442928093,1.0265014577888678,-0.13962871750953454,0.9351357396358821,0.6165353158201583,1.1230764411116638,1.2204399376606148,0.6494423185321239,1.404810039444726,1.4597526912455692,0.6936171907314019,1.006401172370996,0.44419461612750233,0.2013904332452512,0.41129483588605176,1.0371958199666569,0.5050793230626027,1.3885733146497596,1.4069508552976782,0.09385788307577236,1.5777735693821455,0.7487880610312914,0.8551599490498916,-0.6051307233143461,0.4753387125462609,0.02006365797728904,-0.034320808478071285,0.28157338043939717,-0.21302615772481204,-0.13166542367042666,-0.21501500286416153,1.2557933288190402,-0.24417691483700033,0.19709215266357205,0.33008747945507544,0.5722586175587026,0.9675161150400964,-0.9960690758352371,-0.8659447457936267,0.5268589514014934,0.588839699060884,-0.18567242132394313,0.07434729211479407,0.7241086908642842,0.4606070498849135,1.4954326034646215,0.8660908764395003,0.3082903309555718,0.011066521504686122,1.607881508309788,0.9498534860463206,1.8455017642359621,1.0828472816584735,0.943256053163509,0.7161906802620592,0.3171779706767097,1.140959328785014,0.6740567897833785,1.237061526786249,0.3228792893623904,1.7167273717702187,1.100258773590383,0.2157523526985301,1.177447496898255,0.44730085757402094,1.3901086290098892,0.5139374533135879,0.49819286861600176,1.6029430890104663,1.1296886594470266,0.7691578317080143,1.5850149933860394,0.5615930571478316,1.695020774777845,1.501347191022603,1.745007564183199,0.956740064865242,0.9319988375495409,0.4372557685678089,0.8691858981218274,0.48186320950441086,0.393810146452779,0.7718136079969895,-0.05768397523007707,0.5468842619418979,0.4038187727223317,1.328442584416507,1.6586578770629785,1.7018300462449911,1.728002277307212,1.751848399010214,1.7744760501632282,1.7959808459411288,1.816389559520358,1.8357230624332583,1.8540020445733472,1.8712470122618452,1.8874782864197055,1.902716000843041,1.916980100579961,1.93029034040711,1.9426662834030122,1.9541272996169692,1.9646925648318625,1.9743810594175653,1.9832115672747346,1.9912026748659724,1.9983727703324217,2.0047400426951167,2.010322481137676,2.0151378743701667,2.019203810070108,2.0225376744012333,2.02515665160689,2.027077723676653,2.0283176700842755,2.0288930675959005,2.0288202901457435,2.0281155087789653,2.0267946916583224,2.0248736041355055,2.022367808882448,2.0192926660840254,2.015663333688222,2.011494767713655,2.0068017226128614,2.0015987516886735,1.9959002075636345,1.9897202427004554,1.9830728099713024,1.9759716632765372,1.968430358209046,1.9604622527643851,1.952080508095035,1.9432980893072322,1.9341277662994099,1.9245821146401436,1.914673516485605,1.9044141615332801,1.8938160480134894,1.8828909837151269,1.8716505870455062,1.8601062881229478,1.8482693299007433,1.8361507693215326,1.823761478501181,1.8111121459402266,1.7982132777628959,1.7850751989825522,1.7717080547909614,1.7581218118723978,1.744326259740431,1.7303310120960855,1.7161455082079993,1.7017790143116809,1.6872406250283216,1.6725392648011717,1.6576836893489695,1.6426824871369927,1.6275440808621493,1.612276728952848,1.5968885270834772,1.5813874097005947,1.5657811515615645,1.5500773692852459,1.534283522911947,1.5184069174742358,1.5024547045765058,1.4864338839825546,1.4703513052103272,1.4542136691345018,1.4380275295944198,1.4217992950083254,1.4055352299915267,1.3892414569795033,1.372923957854196,1.356588575573424,1.3402410158024605,1.3238868485480548,1.3075315097926232,1.2911803031298614,1.274838401400073,1.258510848325555,1.2422025601446176,1.2259183272445835,1.2096628157922833,1.1934405693628474,1.1772560105651433,1.1611134426639733,1.1450170511987476,1.1289709055974964,1.1129789607865614,1.0970450587952296,1.081172930354965,1.0653661964927874,1.0496283701183966,1.033962857604875,1.018372960362397,1.002861876404948,0.9874327019089133,0.9720884327650179,0.9568319661203173,0.9416661019133112,0.9265935443991662,0.9116169036667525,0.8967386971452793,0.8819613511022322,0.8672872021311928,0.8527184986294838,0.8382574022659792,0.8239059894375469,0.8096662527152017,0.7955401022790607,0.7815293673427828,0.7676357975658998,0.7538610644550072,0.7402067627531874,0.7266744118172124,0.7132654569832066,0.6999812709198618,0.6868231549691455,0.6737923404750727,0.6608899900995748,0.648117199125009,0.6354749967450726,0.6229643473417337,0.6105861517494287,0.5983412485063564,0.5862304150916184,0.574254369150422,0.5624137697045608,0.5507092183506739,0.5391412604436692,0.5277103862674704,0.516417032191951,0.5052615818155441,0.4942443670951189,0.4833656694611346,0.4726257209197211,0.46202470513997973,0.45156275852860794,0.44123997128951764,0.4310563884707772,0.4210120109962059,0.4111067966840647,0.40134066125091117,0.39171347930306233,0.3822250853125393,0.3728752745802222,0.36366380418450994,0.354590393915883,0.3456547271984487,0.33685645199710557,0.3281951817113491,0.3196704960547532,0.31128194192149117,0.303029034238703,0.29491125680516284,0.28692806311687313,0.27907887717822,0.27136309430090755,0.26378008188873814,0.25632918020926176,0.24900970315201043,0.24182093897360168,0.23476215102976816,0.22783257849391525,0.2210314370635711,0.21435791965251205,0.20781119707180373,0.20139041869629004,0.19509471311954307,0.18892318879630743,0.18287493467170002,0.1769490207988138,0.17114449894324757,0.1654604031757554,0.1598957504525611,0.15444954118373566,0.1491207597899784,0.1439083752470065,0.1388113416182346,0.13382859857642693,0.1289590719130711,0.12420167403678128,0.11955530446033258,0.11501885027615621,0.11059118662086398,0.10627117712908607,0.10205767437639501,0.09794952031125881,0.09394554667613697,0.0900445754185153,0.08624541909153827,0.08254688124372755,0.07894775679937815,0.07544683242792694,0.07204288690451044,0.06873469145892663,0.06552101011680911,0.06240060003028525,0.059372211799425756,0.05643458978425819,0.053586472407458174,0.050826592448400376,0.04815367732783038,0.04556644938389631,0.043063626139312916,0.0406439205599991,0.03830604130553006,0.03604869297111968,0.033870576321076484,0.031770388514983594,0.029746823325181637,0.027798571346918877,0.025924320200827466,0.024122754727669005,0.02239255717580413,0.020732407381272466,0.019140982940369256,0.01761695937682184,0.01615901029947331,0.014765807555646049,0.013436021376490359,0.012168320516478204,0.010961372386359969,0.009813843179982129,0.008724397995079514,0.007691700947985325,0.006714415282770503,0.005791203473846096,0.00492072732452975,0.004101591304957353,0.0033323511698295505,0.0026115220683760043,0.0019375861590429366,0.0013089997466391168,0.0007241999534794985,0.00018161094277324707,-0.00032035029193089315,-0.0007832685549278295,-0.0012087254792181312,-0.0015982949433936966,-0.0019535388595404157,-0.0022760033164122007,-0.002567215062585504,-0.002828678313848698,-0.003061871870956523,-0.003268246530753416,-0.0034492227774212125,-0.003606188739640359,-0.0037404983987716633,-0.0038534700351551265,-0.003946384897917099,-0.004020486086689701,-0.004076977631600087,-0.004117023760331406,-0.004141748338442497,-0.004152234472828198,-0.004149524267463178,-0.004134618718980576,-0.004108477743899996,-0.004072020325965653,-0.004026124775181827,-0.003971629088200146,-0.003909331403180616,-0.003839990539178828,-0.0037643266129538944,-0.003683021725352731,-0.0035967207105631616,-0.003506031940675669,-0.0034115281800968233,-0.0033137474836184566,-0.0032131941314919032,-0.003110339597869327,-0.0030056235459614555,-0.0028994548470127057,-0.0027922126163861805,-0.0026842472649395432,-0.0025758815604053353,-0.0024674116964451542,-0.002359108365626028,-0.0022512178329652244,-0.0021439630083950334,-0.0020375445146800786,-0.0019321417493092241,-0.0018279139382588738,-0.001725001179297081,-0.001623525473748444,-0.0015235917454692327,-0.001425288845497974,-0.001328690541244626,-0.0012338564896499093,-0.00114083319374636,-0.001049654941370548,-0.0009603447260833065,-0.0008729151495021625,-0.0007873693058417786,-0.000703701647355004,-0.0006218988311292861,-0.00054194054740897,-0.0004638064240811701,-0.00038747603497490957,-0.00031292890770551196,-0.00024014453106424583,-0.00016910236274902957,-9.978183646985883e-05,-3.216236928160754e-05,3.3776631935822365e-05,9.805576342891698e-05,0.00016069561797671383,0.00022171677863802586,0.0002811398119870745,0.00033898526242914784,0.0003952736461751982,0.0004500254456711872,0.0005032611037432133,0.0005550010183679177,0.0006052655370449855,0.0006540749517380817,0.0007014494942136906,0.000747409330470461,0.0007919745563622627,0.0008351651930507131,0.0008770011825713908,0.0009175023830021445,0.000956688564768271,0.000994579406777163,0.0010311944919276783,0.0010665533039269093,0.001100675223197456,0.0011335795233531343,0.001165285368299962,0.0011958118081434321,0.0012251777766874028,0.0012534020881371788,0.0012805034339731236,0.0013065003805063924,0.0013314113658093873,0.0013552546973851776,0.0013780485495527017,0.0013998109609456577,0.0014205598324661395,0.0014403129251814306,0.0014590878578228939,0.001476902105137512,0.001493772995614151,0.0015097177103466919,0.0015247532808739805,0.001538896587986116,0.001552164359734931,0.0015645731701834364,0.0015761394380415794,0.0015868794255862184,0.0015968092375810983,0.0016059448197989212,0.0016143019585665996,0.0016218962795715441,0.0016287432468384822,0.0016348581623883973,0.0016402561650448177,0.0016449522302064423,0.001648961169221863,0.0016522976287074442,0.001654976090263105,0.001657010870244946,0.0016584161195378755,0.0016592058229871753,0.0016593937999100916,0.0016589937036979308,0.0016580190216455293,0.0016564830753491577,0.0016543990206496773,0.0016517798476325396,0.0016486383811393779,0.0016449872806543198,0.0016408390408724216,0.0016362059918701988,0.00163110029984459,0.0016255339673403313,0.0016195188337047028,0.0016130665759401808,0.0016061887090454974,0.0015988965866409188,0.0015912014016503662,0.0015831141872677534,0.0015746458173548916,0.0015658070075215136,0.0015566083158642385,0.0015470601437055365,0.001537172736673753,0.0015269561859536651,0.0015164204289686012,0.001505575250460467,0.0014944302835129264,0.0014829950108019574,0.0014712787656758763,0.0014592907327237725,0.001447039949537654,0.001434535307678786,0.0014217855540419322,0.0014087992919922243,0.0013955849826157163,0.0013821509461973136,0.001368505363414485,0.001354656276758348,0.0013406115918979111,0.0013263790787600982,0.0013119663730645215,0.00129738097780141,0.001282630264993756,0.0012677214765499656,0.0012526617263102224,0.0012374580009559821,0.0012221171622268656,0.0012066459477733105,0.0011910509730892471,0.0011753387330468712,0.001159515603317729,0.0011435878423053936,0.0011275615924528637,0.0011114428817773359,0.0010952376253481333,0.001078951627333069,0.0010625905821353143,0.0010461600760418577,0.001029665589269868,0.0010131124971604066,0.0009965060719405727,0.0009798514844856498,0.0009631538063654688,0.0009464180109812759,0.0009296489756120963,0.0009128514824947587,0.0008960302210407889,0.0008791897890869649,0.0008623346950553668,0.000845469359203932,0.0008285981159001921,0.0008117252148718279,0.0007948548229688157,0.0007779910259824163,0.000761137829952574,0.0007442991632142792,0.0007274788778186547,0.0007106807513519442,0.0006939084886976588,0.0006771657236281925,0.0006604560206238119,0.000643782876236898,0.0006271497209109356,0.0006105599206289725,0.0005940167787326089,0.0005775235371725529,0.0005610833784412961,0.0005446994273352601,0.000528374752660099,0.0005121123687086282,0.0004959152369092834,0.00047978626764511034,0.0004637283217316934,0.00044774421223614524,0.0004318367055002881,0.0004160085230164867,0.0004002623431897945,0.00038460080281588205,0.0003690264987863401,0.000353541989282391,0.0003381497957644086,0.00032285240410878657,0.0003076522665974579,0.0002925518028842333,0.0002775534020980075,0.00026265942437753154,0.00024787220178090763,0.0002331940399908916,0.00021862722002019552,0.00020417399923466917,0.00018983661328597634,0.00017561727730530663,0.00016151818760867798,0.00014754152277696164,0.00013368786249934317,0.00011995632581651705,0.00010634470811332619,9.284961714506323e-05,7.946660809743378e-05,6.619031671384334e-05,5.301459236584094e-05,3.9932628906669265e-05,2.6937095070067585e-05,1.4020264698544338e-05,1.1741445842261555e-06,-1.1609397235545771e-05,-2.433850471739163e-05,-3.702120648263474e-05,-4.966529042071954e-05,-6.227817755366516e-05,-7.48667967531702e-05,-8.743746048089918e-05,-9.999573996033462e-05,-0.00011254634046231615,-0.00012509297744323078,-0.00013763825177370848
14.15806380741924,12.947930389321016,12.715151512447846,12.263313333387828,10.146611088776126,7.589099628760891,6.238233667735358,5.170361204151618,2.7081064681063935,2.520406649224469,2.8040306975681233,1.8159890103786438,3.534361040431463,1.5419013518720703,-2.5887066453713032,-0.038624910405360424,-1.381995145233759,-4.256496267129819,-1.6859629452092122,0.5409807477569757,1.149704480812261,1.4653703493701187,2.2018732440300255,1.4121582018242407,0.15136730522112885,0.6103236478179497,1.9384074369813789,1.398768350295768,0.6578151488487265,3.8067611413505347,3.496756094168063,1.5068180453358764,3.0186746441499963,4.323367354068864,5.186424641370536,5.94551809468453,5.977198178528511,6.2133736495874246,6.631057647295165,6.3372675725607905,4.850275046000206,3.976436992002391,4.076553209303938,3.374887454466716,1.5578612795219442,2.14514785213737,6.046923113882144,6.9920273425917685,4.930125406722027,3.3044117489635028,4.736241940088576,6.5265366501150766,6.045857188718628,4.831146048858727,7.434542872814745,7.197493460377132,6.1331347624127375,9.951746564727046,9.63326136012438,10.263506642328366,13.646021344079827,11.049187121769819,9.855031728124118,11.297144310949875,11.43687182161375,11.12523293333038,9.816516660002435,9.340194008478193,11.993203265672491,11.482332858700033,9.901760152073848,10.474872787854792,9.708809859334451,10.662650330285715,13.794825220943949,14.92899886028033,10.551798064970399,8.278510268164837,10.73931442595972,9.902645502538007,6.500548227994159,5.438589291376957,7.628804458243167,6.495252876071845,7.40230054664903,9.61555793942307,7.3115234554875315,7.231819046098735,7.5240107555796385,4.782258143352237,1.52564677425039,2.234260270038021,4.521055635070979,4.691250392466486,5.780408292923767,8.149226895360698,6.9538743720611365,0.42211231866724575,2.0402465573088193,3.419033551498387,0.1101475294735792,2.915811693975229,2.86768038907303,1.720430128192902,4.699440262992994,5.894897101994275,5.032972811899185,4.363825786326288,3.977701806222285,-0.17651120572395484,-1.750572697249936,1.7196653930868706,3.222843555054169,-1.0727103935464584,-1.8711054806354923,3.922571116168342,4.051993418971733,4.4620679677802855,7.329817596619705,8.427418501902139,5.87891382283965,7.435176910589689,11.760959922950178,11.231768668732457,10.516259636120594,11.290107233090566,12.395183546460885,11.961262366070741,8.81855569536583,8.318697681509434,10.679532527309448,7.147040810735007,2.3619163972706474,2.3572474572285955,6.201766455979509,5.709078670044164,3.566079771391969,4.691659489990684,8.434211593731334,7.392739732901646,8.509386362805799,12.90073167603623,13.619878451747581,12.399188432926849,12.385023465417362,13.216358901237072,12.030581939839522,10.409414396541706,9.275458231258767,9.87675381608949,12.636633564336762,10.669896186783944,7.608428974301319,9.362316392957155,12.97720123000795,12.732917231009878,11.829401824267961,12.832313821045773,8.970579892634987,8.052349059909147,10.090542395902048,9.292233000444412,7.750052046344081,7.57500135921623,7.105560017015023,5.4864807542568315,8.156460907401879,9.883115721294189,10.830666070443613,15.30896172386133,16.71500957061653,15.558119656382587,14.273259535018724,13.383713075666265,13.064862329515677,13.918723751573111,15.158335439577286,15.064727263457371,14.171430018714773,13.658823580315698,14.138194609208995,14.53027664264846,11.98291362047462,9.908962677938462,9.505276334030896,7.456560120753011,6.23304108051525,8.487501662415752,10.833539121936042,8.169845080651157,8.948515838500612,9.085697171408356,6.845373315915367,8.24714283436765,6.016353116292635,2.8762144960353453,3.2134498898983566,5.538378117969614,8.835011526647804,11.617574310837881,11.635824449912434,8.701652550549056,9.159418758968059,10.29183684341183,9.106167996024851,8.272392106330244,9.547768426672178,9.888591026686981,8.011223822015381,7.289195266783054,10.109155572587042,8.904751292417245,5.361703163660422,8.21968611135344,7.87108448530023,4.195769606305021,3.0246618127512193,5.777182000008224,4.409738065666829,4.461684106943039,5.7093122566418515,3.1233111740559707,3.5230017600468955,5.028546888301435,5.025184763800098,4.509603283980823,5.463902441419464,5.094363906637909,5.749602788142852,8.263951458441625,5.4575815588316345,5.95382552530873,9.33853966217282,10.327279385373231,10.275980036379678,8.729357662215989,9.213389489339306,11.424339957208304,9.267517994099308,6.706764100698592,5.530685917347,5.715573519178179,6.139266721225681,2.5011990052469173,0.22327638360411584,3.836840653696072,9.053714547624963,7.100429886465463,6.211269050764486,7.644073281338706,7.818609467408123,12.934245784567793,15.854534196863597,14.555085921792056,14.241918306240223,18.22480700721144,20.484668835642537,18.523475908895534,15.924008842740932,16.875735853726155,17.591377960529144,17.913110060660983,17.475402655775724,14.76758285465462,11.905562932600787,10.6683396256592,13.116402619943756,17.414976862859362,16.90433481829575,17.881168107082658,18.708267733834987,16.0355933252074,13.740702734683737,11.60953844265714,10.731630422638432,13.235142741090385,17.51722032490693,15.19943304699882,9.647611723867612,9.004624226289934,12.429145565750787,8.47395385717823,8.032524214774412,6.896707370189006,1.0243688768198354,0.894064516362505,2.9150750657324807,5.133277892125989,7.303351340763129,9.169047950567347,10.740904198095905,8.285559158626256,5.713693802095577,7.178358875353979,7.386864807788697,4.6172000218883795,4.588331205361328,6.42455905685199,3.9991462185154205,4.332937697863372,2.269837184524249,0.7531742043649956,3.3620202437675744,1.0888988622352826,3.566347931506243,5.078760683178871,2.4258498164360844,4.038247932739978,4.967559070655966,3.8116515133617668,3.205014141029551,2.536713089384534,-2.759569127130362,-2.6626258336812043,-0.257485242730354,-1.0072619997140464,-1.875678552526324,-0.6798409318557788,0.049906564889852234,1.8899158238523341,4.155674468370535,0.3531606554475957,1.3880103296446578,5.8334619392692275,6.763974496952528,4.167519615573838,4.53786657145838,7.3388159624610125,6.797290491243075,6.033705778928606,13.021015829412136,8.597408418218265,4.506953807831678,6.169380580684219,6.447104856793658,9.830044580645449,7.405956407484041,4.67586505251802,8.109117244266145,11.440256997567985,7.618976442131952,2.576167735516492,1.9614112382262192,2.836518498461828,0.4057569229710225,4.35160408406864,8.796600990056277,10.485785772669601,11.942149785546007,9.941002669682462,6.8335195710792505,6.26646790335576,7.708818986622873,7.0073511315324595,3.178214436448343,2.3344821271236924,4.664788634928755,5.749430755440699,4.64471800135243,6.094215169787958,7.099604269181555,9.594207323545106,14.49535443599325,14.553931879125685,10.253002210381965,11.306034246651734,12.439984549055566,8.09335639967378,10.0165414850253,7.742889666668248,6.257532031069445,6.965398695093654,6.461848837353045,10.48329318601293,9.30471604180434,7.6835225321289045,10.721599275791505,13.77199179121385,13.323181536376296,13.637208162372644,13.676305300478589,10.326167132311411,6.206983542169951,8.035745139549363,9.084983905433887,10.636813536764521,11.62947475167141,9.354966970228588,13.358340207374908,12.094372546458999,11.001849524057889,12.80922831887392,9.559784345361777,7.541176502678354,7.393052480096685,8.643792122927607,10.260129029364862,10.694879917597746,9.940228155583554,7.769789147261008,4.5085689041083015,3.6396537153123063,7.444896509046771,9.892490181551466,5.953190361138695,4.3670387962467885,5.621757304057837,2.9410291791120926,2.6020039506497596,4.418085736620242,3.9145924572728745,2.759663856673228,4.409891435865347,5.462308314458369,7.001251858572118,7.98160332168959,10.040860444668283,11.984794095987127,8.028903143944717,5.748243363829715,6.717442481946364,8.346088587274835,8.48706743689445,7.649086707182505,8.123262893777337,5.948514461784612,7.028383087420707,14.552054383300629,17.92020007560768,9.343549029069663,6.98796747655058,7.668429603278128,5.56166426677737,4.74149428429223,4.841068088776183,3.640018014032421,1.9317698550698879,2.1261430858648964,2.1067118700287892,-0.8539117555035318,2.7585222191252114,4.7574665934364475,2.8722064106302696,2.6248729178480517,3.859374418760467,-0.27886737357414404,-1.6118993937532196,-0.3992047804312051,0.6147639339790203,1.0184439113794497,0.2667883654768275,1.2625653495395,2.0010721870323778,1.9341490439130666,2.80129457743908,3.8763700444212645,1.2889493121663236,-1.372592870124663,1.3818515162920448,3.3759612077353722,1.4845622632765298,5.006186459078208,3.1260841728467312,2.7371468832324126,3.175930307058252,2.2833233835266356,3.6901927615906516,4.594665604058946,5.07096733753292,2.2669923627415756,0.9171824248796838,1.9696020893179593,-0.6779161038848542,2.3808830399329963,0.8914337900831697,1.0497927363833242,3.7181540748199495,1.7390585760883823,1.2628469320366094,3.4437659106074534,5.6726344190833515,5.3602295164652105,4.736358456207881,5.689641432306416,4.704340254963654,8.066657083387554,7.065784329007897,5.556038108307689,5.9181010186916865,1.763856273835927,2.8905502651373354,4.681122566982481,6.510150648296758,7.921156822393414,6.82729165782041,4.2837947747601675,3.5697820637908535,2.337049651173743,5.855313228066848,7.536072919891922,3.6525836376332563,4.6413075464802205,6.435593653395358,8.049723118397651,4.10979286419672,-0.07816935084474608,0.8056577659690447,1.3290210858976934,2.794408610572873,2.1299185602863417,2.357215770420453,1.7424106641465187,0.9720235851643793,4.318451167776743,3.4088873123650956,3.6819268546533976,4.150810285570628,3.7325863216032076,3.372623576656679,3.9020935140341635,6.272467552745411,4.4853265848717,2.522231343997646,0.9017904550191815,0.010043931233781223,1.2607416566979737,0.7481144714950005,1.2171499255713343,-0.6162782754693126,-2.604655922738175,-2.479002745253865,-1.176611514066849,0.8152007137750843,1.0227393695213323,0.2599684943077136,-0.06930422300354167,0.16968591170279979,-0.5082298033776169,-2.3205809268608846,-1.3706952085449302,2.8369995286486756,0.7960138363685019,-1.2771195564994287,0.7253063157361339,2.1071780544367584,3.3650091415593124,-1.415942034470163,-1.655971620945138,-0.8630082317080223,0.42921804242405415,1.5613142676968437,0.16020338540283774,5.712549391640664,3.7208854071133146,5.584838707831409,5.15606256490446,2.0908361558016395,2.3180211501986605,-1.8662114210004574,-2.5013230829121085,-0.9695913578161708,0.2501123427625771,0.7921464210972999,1.2488160317939219,2.210717265868766,2.520765425393961,0.4487554741828035,5.381425483346675,4.23041582287226,1.0048394691343674,4.006167373904191,4.675152615031493,1.6208828306866963,3.490348023556635,3.469539499083453,4.150759248830582,3.640285968189346,1.6169687382555367,3.026929225315939,3.8070726253662315,2.2552657457720215,0.802431653816484,0.8691782498502789,1.622573314918327,1.9693696017417324,2.73038220078422,4.023850321979012,2.840571495970835,6.799333573675995,6.602054004765705,5.797634422259421,8.273842986471436,8.741689465452055,8.46235369830515,9.037346681215695,9.600710302414427,8.370897167491421,9.706312535246866,11.01504344457885,10.46195086609805,11.725017227504509,10.539780062646969,13.196402197715997,13.729613276017858,16.00220558606236,17.873857250429182,19.097006021946527,22.690201147306425,22.595757053344414,21.389042538500803,24.022316231483956,24.22707046194205,23.972710196353546,26.151916787084133,28.594930224384257,30.48403866456306,31.829042052873774,30.177273907259632,30.06367442604096,28.812304324967045,32.037260375919686,37.097753657050134,37.82723520684635,36.633187998551875,32.4126542109683,31.780140621296937,31.129142464692677,31.63971185688979,31.997696140552534,29.186424845936017,27.69581610040086,30.046546831415412,28.017714048428616,27.0956871468602,27.96885908754564,29.478269047533104,31.97026346557891,29.629381633392995,26.1010361105034,28.37432545834372,26.913443284493724,26.01357401144469,22.39928169456232,20.025108256604767,21.428479122589806,21.38363412127444,21.100235743255325,22.862468266546784,21.610702823983615,21.839446445747285,22.201834372042867,20.198716944286957,19.45197499855658,18.792044479963465,17.464581556390385,16.36270145401579,15.30145368771639,15.26019277672367,14.981821514811145,14.478650349420832,13.422595163406186,14.8586172667558,15.39350524048018,11.834485632852648,11.371229741859224,14.637499478911877,11.350917922987264,11.113628173687289,12.304078347865698,10.327143673669752,9.235769437901581,9.51655467980504,9.3880921439536,9.581119619359015,9.820941827317938,8.168738995858462,6.2103485740399265,6.774466080766274,3.769254187344359,3.713714731384016,4.5517148962264855,5.369638583685173,7.189843361495491,7.063922100272748,5.979441072741793,6.672745142110102,5.367910507235138,7.218517094230606,5.64157202679462,4.8069503591170815,5.663762421074921,3.8697972610691522,2.303546486123423,3.2417557108140045,2.4064828193626226,1.7350563679081006,1.5445654141296927,-1.283448032799697,-0.09211252832005812,-0.7261308357979033,-2.191215548873515,1.7125553689145363,4.139044104092363,1.5664534922440225,0.6933228691107161,0.9487822341013725,1.4741807555735704,0.7454011984131057,43.2725669027443,21.985356798213047,0.735747733302901,0.5494814478054195,-0.6175246108131205,-0.5429956281584509,-1.009228313062522,1.336984048174827,0.6593440004578497,-0.4338049317267405,1.6844964328305423,0.30319887469420337,3.064951736449302,2.1339497405163,0.7299292950086738,2.448725227457089,4.287722585367874,6.758649433093751,9.686038581996058,10.819409960540725,10.675738583276939,10.581263519531376,11.249734978088213,10.687565683825028,12.556867920238119,12.176308077849626,11.07475636961874,10.729812259625191,11.56444763962861,11.568833035438729,7.927778929702072,6.845076581775174,7.364909524643167,6.332913243502276,8.772151686276516,6.300903011349533,9.467986492075852,9.031632392815027,7.368600304564666,8.342221180783667,11.17098881229117,11.947541663495485,8.294119132487708,6.945569285886222,8.67384873589765,8.640317697046498,8.801867743035018,9.09872698587776,5.913383399589179,4.492032544406129,4.420346928288268,3.717653395149455,4.876605983586728,4.869472618245368,5.569399642359031,3.650619337996318,-0.05785141346495948,2.8002866191355906,2.704074938905819,6.463365315800161,5.595040499365496,7.690994799842883,3.77000185078316,8.150883344760928,10.514460109071251,7.925341218419362,4.737258231221631,5.7357656438286995,3.9509853499589553,0.888563572098974,3.981209125916962,5.68055163666304,4.47990734318455,6.239413205336291,6.805594895138711,7.025709882545925,6.298467593671603,6.291192474713853,7.872746427963079,3.225772464870147,3.1998439619561623,2.8244045786329934,5.110037791047375,4.830632456967578,2.6302551458153403,1.9439265337916822,2.8983174246984618,3.2534602443496397,1.87943351544709,4.060316900190173,5.086476493928785,1.9376700758248262,1.2435572601426088,3.200264752535304,-1.9714531801520252,0.3965145866328612,-0.9216832387643308,-3.1505246966342497,0.09721563333437189,-2.0887520250715284,-1.9486124773179654,-0.8328508951473168,-0.4101094285701379,-0.3413010351069943,1.7660711495231567,3.164645307935075,2.2303199441830657,2.9173929040601934,1.4578412536867518,-1.530951738415638,-1.5522694534156471,-0.2321523328567423,1.9121391976227642,0.6900987196770529,1.1768141061680808,3.47590709649495,3.7504170369846292,3.1914590982484015,3.174474247730984,1.210797909121709,4.338315481631241,3.259890270734388,5.965860734011812,7.391999573367741,2.5030705933389754,2.9722414002781647,4.687004301402624,5.368622058658843,7.334945100058519,6.823317945657436,6.198403717954307,6.982060902037688,5.074016015500092,6.012788823039955,9.649459617110722,9.400507258808886,9.316320777097417,5.599937186669763,8.705186027618652,6.873768594496028,11.259494686335358,10.38183503588698,8.809911349561332,7.297414608085148,9.798993163147202,11.257026570288474,9.714082614134895,8.750264574703863,12.96654878404155,12.49348223237098,12.45181447068228,12.589124855304817,12.912177288402063,13.830932655412653,12.11228414430741,13.967703638089063,15.266834415953895,13.862747315406125,16.06383391289137,16.61268850014318,14.669475783995892,14.26203459126532,13.961995006428879,15.044598969010451,14.623130235225176,14.490039758000023,15.042635426386653,14.971680711682552,16.409008137562296,16.724028076235527,18.91764950315178,21.91598113737325,21.22410929838486,18.85999653204226,20.024922353586874,23.11312703874495,21.77156492520379,19.960603566681527,20.01454022450548,22.9461064432395,23.543697049196453,22.753877181500457,23.243180328030917,25.342963140732593,25.366666128872907,26.203929660001222,24.535437707578296,21.511659222328205,24.89634195143151,23.464858688168306,20.388881005715803,23.591634527249653,25.487096010885693,24.293835802841727,23.437239327579107,22.306190556738102,21.624409985422744,21.979232821477353,24.3091883993676,23.406227927901682,21.75553748965632,22.24800151017928,23.65978666329272,22.438566187081108,20.461088102087672,20.17541776507744,19.52870295936259,19.826854099151205,19.81126548562463,18.858644378685426,20.174614514140615,20.204543835682898,21.218810476574617,18.806180442202162,17.940915662945827,21.516862370208287,20.811898204425916,19.273545871145757,20.221609930271768,23.12298774091596,21.442652032607384,21.007511699138888,21.432071146288365,19.276328284551084,18.939451244496638,19.22835159038982,17.848529080441153,17.461078473853775,16.216716768415665,19.570541540025488,17.10863018822289,14.472020313696362,17.439595706662203,17.438645692556406,18.500187100902338,16.43724795681186,16.84434857600337,14.387937562110949,16.230341961287138,15.102796072296883,13.861196877511588,14.236348296288782,12.253089727100587,12.037608021737526,8.735528503946796,7.850568555433597,6.967133160912738,8.404154107932982,7.541078844751553,6.266478735069711,5.7927769275432865,3.5653366180083594,5.304666907398541,5.218764333082106,4.102935692976757,4.2930146068734985,2.883440241301116,3.4244618803618323,3.988819974892067,2.7193535102351802,5.485036326758689,5.884852979223012,2.143489378181698,2.011936998046849,4.95535946216296,3.4016277122120187,1.9528675654338485,2.9775924383584993,-0.05973718214539758,-1.0475053452501584,1.4136547354110007,0.1210084001014593,-0.8526359393903249,-1.0647494243922893,-1.9614055949804197,0.577708282210665,1.8692744561178074,0.4323066608759518,2.2181914905675058,0.10705695112244484,2.6169702797764103,-0.6585923613934028,-1.6805068786479183,-1.929601154276952,-0.6066876542557793,0.743385082710688,3.0917657350627223,1.8521077897147507,4.035476533779388,1.9581128504087246,1.7847069262383002,1.9030932833426277,1.6533462555597112,2.910757271574539,1.6484569502061959,0.5416935391199331,5.442411898479008,2.0519831038088228,2.852783545768432,3.368205034818743,2.874263607860996,2.988405629038539,3.001325466083756,0.8936891117168102,0.5561964382127371,-0.7621458867566844,-0.5614767589518692,-0.3882532124827094,1.0775283552858923,-0.13694077141360594,3.2422957206172214,4.566130314743475,2.0904844669758518,3.075399049758687,4.339447441331799,4.695526442863752,0.9620255856409017,-0.05310308032181865,2.832085318709858,2.8617920415657068,3.4458674779295393,2.3983670535714054,3.267629296940356,2.4707363931331656,3.566554868452272,1.7546065197047938,1.0859447694639925,2.5609026499989795,2.6323887685779255,0.007644972472689915,0.970573001966045,2.7589320184514463,0.8176649241555651,2.3831877340837764,3.5006627193655504,2.473918904999209,0.8950540088853245,3.2878976792671892,3.5224403635544377,2.0203384401326048,1.9653634136588494,3.364986537928189,3.072046301840203,4.518055174201777,3.4983253654435202,2.880647882237213,3.4177315943129543,2.4305834231794847,2.5906738157601694,2.1822659446698367,4.200956951971705,4.108530284939775,2.256203785205514,2.746690244875424,3.605401205045098,2.855886359875342,3.6852692617370053,1.4482146813183476,2.867276425077762,5.511687842152071,1.2456954226848893,2.2392702033070577,4.766844766002066,3.4564891641386453,3.4642270759636062,3.013098435637403,2.799256844569527,4.919948132156492,5.651281373260019,3.596574623402887,3.0821983514957765,3.259199180463554,3.8455484738390737,2.042524154001626,2.824505565415677,1.0994045631372273,2.6752486865686365,3.0403021815778857,2.0558759015081023,3.5169046632507843,4.667724933577972,3.9976679447591437,1.2711499115097808,3.358238504247254,3.8214451139307357,0.6618794285071772,1.980138058467304,2.341234052019672,2.617965293538873,2.256814125658906,1.5969780833188452,2.9155206867137338,2.6554141098175705,2.6583729108334637,2.6421184625010596,1.470688400043258,3.067598854236593,1.3269316046870756,0.21579668869426882,0.22228484582518604,1.1541431661376862,1.0031702311329127,3.03896602056966,3.0560937927958776,1.8112747053879161,1.8726157187112449,1.3051718541912294,2.8748799039996413,4.112889542486386,1.1300162942085024,3.6765558632545208,1.8072166825082547,1.821793487119578,0.15104701804034448,2.792571330136525,1.4694395891462193,1.6928716542062716,3.467632769736497,4.765132297978653,4.172623980973839,3.004808594015344,1.5739298300952953,2.6240548121936627,1.7365002617567313,2.055799800911359,2.3193671271577614,0.5040108740178937,-0.6997306985247462,0.6238545693076105,2.8820629130641464,1.6227544707523407,0.9853570853373128,1.425979345711994,1.9825473691866478,2.740365670512631,2.032297159936661,1.4499782773796426,1.5315632038687568,1.786870404144281,3.9973551526807682,1.2324516712423588,2.3894899000216583,0.3392646217864126,1.134119452621178,1.1537447764415845,1.85079839304845,3.2595419907741245,28.434927990840094,5.942711711169807,1.7389654504127918,3.2777314940019835,1.3651790286691892,2.2490204924744717,2.5156827865693003,3.1180018889609187,0.5960937995255904,2.007255602824074,1.4618391333778504,2.203573100178147,2.5402729800948407,2.6985925306169065,2.3008303968077826,2.573059978285727,2.0824951916562213,2.2020900526641753,1.776676420562751,1.4932490203336215,0.8504631658924211,0.7542005843298512,-0.1714869162940431,0.9131811564261341,1.560023125428927,-0.37921601985289044,0.09088531182362658,0.15734182140880648,1.7920650513503915,-0.20214663081782192,0.45943855698152447,0.2651219029603169,-0.18214080959782564,0.4976294915082633,-1.9384653466465238,0.9206986900465779,0.9370704705659989,1.7559544847107418,-0.05881154623182283,0.355056578703568,-0.9343000340410583,0.6252989931110449,0.5306996593773761,0.5287936778127289,1.956926809964557,0.9405612195789672,0.47034747334231497,2.4598028651738275,-0.28154400550309333,0.477481332918984,1.1542133658954867,1.545548909063399,0.49538173295084675,1.3106944427890141,0.7495346577474322,1.3644597536213894,0.8625833056667602,1.3248285671465965,1.7050892861201703,2.23104753031231,1.3759296305327382,0.6061867921426369,0.3237406639649123,0.8994306808834551,2.5921272512674136,0.21164979022273656,1.3740308325487547,0.28471939578608385,0.6822454147597625,2.6699001483619043,2.3911054024947305,-0.5987299792423357,1.4803967238506175,1.3591777536502718,-0.02139816514704762,0.2465765015496686,0.7754238673490192,0.3369585138776756,1.3579708363332088,-0.04428096931005143,1.3321779540000023,1.4549021253299372,0.9854309158800021,0.23166585604769807,0.5213905798359804,1.1863330950536692,0.14157249262461846,0.26481134103065074,2.6730481540689937,-0.04147596619812077,0.35706502006462415,1.9464546555899176,1.4976069405677208,3.711558056030924,1.544135293017348,2.5912336256082398,0.8024542333347426,1.9354729877764072,2.1291531192323703,0.19736834560698924,1.7445195156391833,0.6785124021784554,1.6499207554778508,0.660499288212506,0.7327545011904419,1.31012178424794,0.7201688391998573,0.1021468916338506,-0.0563042330041128,-0.43356034448289904,1.3460117887273952,1.4270545121813143,0.5188081203284582,0.6643521814167741,1.8980610726533484,-0.08539731608843226,1.903220215746984,2.113460448523597,-0.564146446173595,0.8109249142575834,0.6526170575278485,1.175424798419499,1.5513547883084442,1.2119808217703252,1.8619936036749465,1.1881470111511874,2.5081151452847052,0.9318998692057221,1.854338610662623,0.8654896514796064,1.3476321573826908,1.7052314868459462,2.235239435845841,0.26781075483552286,0.6982778882246805,0.9746923698528747,2.3237769283802265,0.5470604083764954,1.145732676916424,0.1938061171697143,1.6194418624787374,2.0625701308091493,0.5429809024987833,0.18164498190193967,1.2135773085276753,1.8457852963964285,1.4573496024288488,1.5012337556074442,0.17534285060563093,1.7175674887116372,2.238982457780878,1.1748887533067034,0.9091573983490377,0.8288941617600472,1.2011180515544027,1.5643018502791222,0.9818892286702976,0.8296177073813169,0.7742021869039775,2.3133358783228175,0.6993048108098776,1.6192855292739523,2.4715293377949195,0.09414486143415957,1.992965087475426,1.820841426404769,0.8139304482985494,2.5553657750355967,2.1277316306954503,1.5961330409498657,0.42502021664674317,2.2618037192744964,1.6902191410617888,1.7618592088967233,1.3354301281064522,1.0021513555664114,1.0818722805270937,1.8333612594066722,1.5172252245181426,1.9863942280609876,2.1882882217815762,1.596816216599393,1.1022078053862145,1.8383981708440018,0.9814480873581033,0.38955849581566326,1.3113759481875675,2.193636557098557,1.2344572244455208,1.1177448854475145,0.9485908916724952,0.994501033694867,1.6314099623080551,1.42996200668739,1.2717525657773763,1.3215075412782085,0.6096448463867432,1.03037468158238,0.7761631067904204,0.5493561448166773,1.0034182100886326,1.606900026844528,1.1107809604357044,1.0254205560995118,-0.0801402639676212,0.847209144107353,1.4681050894120062,1.3938826488520704,1.5102068916829694,1.7304527087090378,1.1543084688644285,2.18838909533315,1.620084847528176,0.41394030703952467,2.9114530184486327,0.8968618789860514,1.539140602158973,0.8872371770229961,1.1589150515125084,1.6362190484613848,1.6899809536693127,0.9167899881908781,1.1484189199030084,1.4636153700722048,1.0545149066462045,1.1422217622464927,0.6579650335251017,0.6931986174630538,2.7480601221000143,2.2880725231677275,1.0577959971780118,2.154234186903409,1.8408716474035032,1.3558860166540896,2.662273931893594,1.0411433144497053,1.3474200262094769,1.25945511791452,0.9106509276832071,1.7278781430304093,0.9746009883357374,0.6215817939992689,0.6105834643476555,1.782313696285712,2.1301023485598876,1.2266438782968478,1.9140722268787158,1.1364575533552284,2.407564344411817,1.9061502592208512,1.9967217701534992,1.6275101345517555,-0.26853526716081433,12.687797142307772,1.222195292596325,1.5205471079917743,1.3016116368991675,1.8024850254248577,2.040674056115108,1.3902527140802476,1.290529918302525,1.2282502092367622,1.6284056789489796,2.5832360688969516,2.075762360285573,1.9637573206737784,2.027620005405879,1.0180404111455417,0.8932812688062768,2.018572370583513,1.152869768221592,1.0547936182480235,2.4204372590223713,7.015832583092788,2.6646818342252914,1.1853383490360407,1.64567073112039,1.4157935592899094,1.9607099349223631,7.030979611029352,2.0470153550004966,1.783318968065828,1.4916774318854173,1.1493337875807015,0.7638291601375045,0.7854879153208003,1.17050897630196,1.365668885457243,0.006762317623614678,0.9566879980831153,0.6566107952401161,0.4313853622012438,-0.0192748573867334,0.8716416632049686,0.37803484037868884,0.9559524831091153,0.4183168285096599,0.44112145974878203,1.28859768061443,0.3765480245858157,-0.04262575374190192,-0.03977175432333979,1.352605774447511,0.4660052057000179,0.28649440315774655,0.28722461900230556,1.1182441257158757,1.0302595838066395,0.6726897001609586,1.292851561915711,0.6183707216535481,0.6806655561632056,1.2703268199714444,0.265177789260175,1.3626331353955834,0.3244004109409353,0.06538908908106222,0.6587002914689037,1.4071409437653415,0.8370286479486744,1.681712115283343,0.6351894636870838,0.5400601748888754,-0.21062123951764988,1.3440440689241804,0.9311427943194985,0.4886112583317299,0.9651984489094012,0.64895536812827,1.1671949302109965,1.6212499887570893,0.9022386657784978,-0.08067565342281924,0.6283622207623125,-0.10728478061878377,0.43297544343306527,0.629938082403612,0.2927554068094764,1.3918898200965337,0.7061904991082883,0.46758665880656736,0.8665912753207863,0.9647690663518347,0.2083301249776941,1.9130036815027402,0.4221278168582785,-0.055029975748254856,0.8244924034207202,0.6775166229473939,0.8208831517162594,0.8928149134431465,0.8018050973503819,0.8234408432961136,-0.3658538444621513,0.5164641118728373,0.8815997067289345,0.3605292680807093,0.16892866647947358,1.2020544249006075,0.83861203166515,-0.0028448174748518795,0.07930595555831133,0.03232835611493101,0.6616912232286154,-0.33755301965351237,-0.5673614833320375,0.020830480525773964,1.415214108811199,-0.4627002718708013,-0.17088798821640694,0.09897888934807497,0.6794418657324268,0.6224590542954616,0.8228382318971494,0.0847737479780335,-0.7116600796460375,0.13332751191563652,0.1878328615674718,0.4925732589312588,0.5680909946818247,2.756456744990203,0.3761271994696358,2.1263389921194307,0.4879992896995322,1.6981338207499448,0.6147637865562956,1.6444646390621642,0.4004529659392233,0.7876341094800523,1.2595297812335975,0.6162907567466505,0.9942579093066684,1.1071550919542688,1.5944186437532721,1.256280004843802,0.7088064086828467,1.8191759936780159,1.1523970275516167,0.58136658078854,1.570179576163353,0.6924250876035671,1.034306282201726,0.34691845446309166,1.341073592337466,2.0106389545636603,1.4910403129287015,1.435891714718423,1.715941533822276,1.6347335251378485,0.5681894305377568,1.8869608241490123,1.2566125152104632,1.143535196957771,0.9042895343163195,1.393293171669029,0.7553384188291847,1.624626892997071,0.726861371800851,0.6828822572714444,0.7138688146056307,0.7468050655410252,0.7789063981114168,0.8099811661363105,0.840031241430836,0.8690717662522616,0.8971187525289679,0.9241881252820576,0.9502957198207582,0.9754572790355382,0.9996884507871755,1.0230047853906967,1.04542173319237,1.0669546422378744,1.0876187560308495,1.1074292113793263,1.1264010363298667,1.1445491481859449,1.1618883516108554,1.1784333368128728,1.1941986778116416,1.2091988307830661,1.22344813248327,1.2369607987483278,1.2497509230693709,1.261832475241647,1.2732193000856,1.2839251162380947,1.2939635150144682,1.3033479593373727,1.3120917827330345,1.3202081883928258,1.3277102482991836,1.334610902413715,1.3409229579270345,1.3466590885682876,1.3518318339745292,1.356453599116719,1.360536653782674,1.3640931321144762,1.3671350322007356,1.3696742157206359,1.3717224076399361,1.3732911959571652,1.3743920314985303,1.3750362277609725,1.3752349608024588,1.3749992691771808,1.374340053916228,1.3732680785503817,1.3717939691764514,1.3699282145643679,1.367681166304692,1.365063038995288,1.3620839104656852,1.3587537220386707,1.3550822788290589,1.351079250075827,1.3467541695097793,1.3421164357538942,1.3371753127558463,1.331939930251508,1.326419284259373,1.3206222376039136,1.314557520467531,1.3082337309703576,1.3016593357766055,1.2948426707274052,1.2877919414975736,1.2805152242779059,1.273020466480034,1.2653154874637949,1.2574079792868815,1.249305507475242,1.241015511814112,1.2325453071581478,1.223902084260203,1.215092910618523,1.2061247313412196,1.1970043700270026,1.1877385296621128,1.1783337935322038,1.1687966261490033,1.1591333741907874,1.1493502674562137,1.1394534198303745,1.1294488302637546,1.11934238376125,1.1091398523828957,1.0988468962542015,1.088469064586718,1.0780117967075284,1.067480423097038,1.056880166433757,1.0462161426483476,1.0354933619831854,1.02471673005914,1.0138910489479258,1.0030210182495694,0.992111236174992,0.9811662006330266,0.970190310321243,0.9591878658205815,0.9481630706928286,0.9371200325807649,0.9260627643110979,0.9149951849981903,0.9039211211501765,0.8928443077753627,0.8817683894899346,0.8706969216252105,0.8596333713360877,0.8485811187077275,0.8375434578618979,0.8265235980622947,0.8155246648184402,0.8045497009873657,0.7936016678737587,0.7826834463273258,0.7717978378374255,0.7609475656252016,0.7501352757317363,0.7393635381033619,0.7286348476726516,0.717951625436001,0.707316219526092,0.6967309062803224,0.6861978913045732,0.6757193105316333,0.6652972312745078,0.6549336532741563,0.644630509741944,0.6343896683955563,0.6242129324896268,0.6141020418397716,0.6040586738401998,0.5940844444749018,0.5841809093221286,0.5743495645515395,0.5645918479146417,0.5549091397280108,0.5453027638492358,0.5357739886446211,0.526324027950352,0.5169540420249632,0.5076651384950992,0.49845837329149845,0.48933475157855355,0.480295228675061,0.4713407109662171,0.4624720568075986,0.45369007742078793,0.44499553778013023,0.4363891574906802,0.42787161165807674,0.4194435317488683,0.4111055064425386,0.4028580824740402,0.394701765467687,0.38663702076212303,0.37866427422551396,0.3707839130623256,0.36299628661066663,0.35530170713059306,0.34770045058206733,0.3401927573951866,0.3327788332297814,0.3254588497261466,0.3182329452470185,0.3111012256092067,0.3040637648062443,0.29712060572131804,0.29027176083116046,0.2835172129003354,0.27685691566603055,0.27029079451347116,0.26381874714240894,0.2574406442232089,0.2511563300444095,0.24496562315050596,0.2388683169702972,0.2328641804361382,0.22695295859358566,0.2211343732016644,0.2154081233242664,0.20977388591154522,0.20423131637306824,0.19878004914085068,0.19341969822392002,0.18814985775298965,0.18297010251683332,0.17787998848916686,0.17287905334671905,0.16796681697775284,0.16314278198285592,0.1584064341657836,0.15375724301611626,0.14919466218231037,0.14471812993724598,0.1403270696346226,0.136020890155919,0.13179898634996334,0.1276607394636926,0.12360551756376026,0.11963267595069738,0.11574155756437676,0.1119314933812916,0.10820180280404657,0.10455179404198134,0.10098076448446136,0.09748800106547151,0.09407278062082014,0.09073437023761244,0.08747202759565198,0.0842850013007137,0.08117253121184831,0.07813384875919382,0.07516817725553437,0.07227473220041247,0.06945272157616955,0.06670134613801793,0.06401979969564309,0.06140726938866692,0.05886293595483494,0.056385973990927596,0.053975552207248256,0.05163083367546051,0.0493509760696611,0.047135131901086424,0.04498244874565671,0.042892069466233806,0.04086313242714823,0.03889477170372402,0.03698611728469814,0.03513629526935347,0.03334442805822846,0.03160963453848353,0.0299310302625031,0.028307727621779577,0.026738836014772005,0.025223462008966635,0.023760709498048982,0.022349679853050475,0.02098947206906132,0.01967918290660009,0.018417907026844205,0.01720473712344983,0.016038764047834775,0.01491907693093708,0.013844763299687202,0.012814909189103219,0.011828599249724903,0.01088491685078452,0.009982944178659636,0.009121762331460559,0.008300451408729259,0.007518090597841365,0.006773758256088058,0.006066531988949464,0.005395488723991093,0.004759704782600238,0.004158255946151712,0.0035902175202409126,0.003054664394539941,0.0025506710999820825,0.002077311861967246,0.0016336606506683893,0.0012187912286094615,0.0008317611849406603,0.0004716160428870353,0.0001373930910517629,-0.00017187505068250175,-0.0004571571228098037,-0.0007194201640459141,-0.0009596266874041248,-0.001178732083531031,-0.001377682242832634,-0.001557411386329477,-0.0017188400959184946,-0.0018628735351740033,-0.001990399850740232,-0.002102288746925751,-0.0021993902233248264,-0.0022825334663139074,-0.00235252588873891,-0.0024101523061403896,-0.0024561742438891088,-0.002491329366989703,-0.0025163310241396175,-0.002531867900074758,-0.002538603767902714,-0.0025371773347728777,-0.0025282021757675466,-0.002512266747544345,-0.0024899344775235477,-0.0024617439216285675,-0.0024282089855773847,-0.002389819203870047,-0.0023470400714131756,-0.002300313424086653,-0.002250057862113408,-0.002196669212537472,-0.002140521026717579,-0.002081965108914119,-0.0020213320722746175,-0.001958931918466078,-0.0018950546380551714,-0.0018299708275435478,-0.001763932323001427,-0.001697172843307726,-0.0016299086447020272,-0.001562339181077732,-0.0014946477703006167,-0.0014270022633127155,-0.001359555713690952,-0.001292447048001577,-0.00122580173302822,-0.001159732440157768,-0.0010943397052756154,-0.0010297125829765719,-0.0009659292937840291,-0.0009030578640363274,-0.0008411567574171386,-0.0007802754969929993,-0.0007204552784969565,-0.0006617295728119643,-0.0006041247181656217,-0.0005476605016383473,-0.000492350729757618,-0.0004382037870414024,-0.000385223183798189,-0.00033340809221726886,-0.00028275387046505784,-0.00023325257586748194,-0.00018489346649630534,-0.00013766349132993128,-9.154958081580844e-05,-4.6538651986338664e-05,-2.6176128358201822e-06,4.022663358682621e-05,8.200718428952314e-05,0.0001227371323011539,0.00016242956257883634,0.00020109754768782295,0.00023875414410667872,0.00027541238813455493,0.0003110852923100538,0.0003457858415458759,0.00037952698966137177,0.00041232165585824987,0.0004441827217078753,0.0004751230273427609,0.0005051553686143961,0.0005342924936257987,0.0005625471000030302,0.0005899318319961822,0.0006164592776372047,0.0006421419661819527,0.0006669923650406417,0.0006910228775609539,0.0007142458403563978,0.0007366735212599451,0.0007583181165387032,0.0007791917488475519,0.0007993064652964676,0.0008186742350062559,0.000837306947119032,0.0008552164088087011,0.0008724143434051257,0.0008889123887456662,0.0009047220955267221,0.0009198549251436816,0.0009343222486677405,0.0009481353450269125,0.0009613053998123178,0.0009738435038002535,0.0009857606514742656,0.0009970677400588102,0.001007775568496072,0.0010178948356269757,0.0010274361396227505,0.001036409976734376,0.0010448267404967737,0.001052696720591939,0.0010600301025078807,0.0010668369662312216,0.0010731272857924523,0.0010789109285838094,0.0010841976546771548,0.0010889971161418543,0.001093318856590031,0.0010971723106649733,0.001100566803700076,0.001103511551491465,0.0011060156596158777,0.001108088123601192,0.0011097378280737757,0.0011109735468721738,0.0011118039426492032,0.0011122375670993279,0.0011122828606744406,0.0011119481525838637,0.0011112416606806619,0.0011101714916321725,0.00110874564148844,0.0011069719948864076,0.0011048583257888822,0.0011024122973708472,0.0010996414623605233,0.0010965532633235853,0.0010931550327200057,0.0010894539935293324,0.001085457259478062,0.0010811718353238575,0.0010766046173671384,0.001071762393564768,0.0010666518444395479,0.0010612795433075917,0.0010556519564488553,0.001049775444187162,0.0010436562612881062,0.0010373005572432703,0.0010307143772934069,0.001023903662826342,0.0010168742521727836,0.001009631881174755,0.001002182184151934,0.0009945306940153387,0.000986682843915787,0.000978643967187054,0.0009704192983690518,0.0009620139740604827,0.0009534330338283326,0.0009446814211742094,0.000935763984159621,0.000926685476088096,0.0009174505572104863,0.0009080637947818104,0.0008985296645391827,0.0008888525516113077,0.0008790367510869146,0.0008690864691516254,0.0008590058241111365,0.0008487988474144004,0.0008384694845631202,0.0008280215962486182,0.0008174589590339565,0.0008067852665476494,0.000796004130450001,0.0007851190818541909,0.0007741335720652387,0.0007630509740010893,0.0007518745831589513,0.0007406076187521649,0.0007292532250176009,0.0007178144717272517,0.0007062943557798462,0.000694695802167189,0.0006830216651678711,0.0006712747295409827,0.0006594577116629807,0.0006475732606077145,0.0006356239594538238,0.0006236123267058247,0.0006115408172036041,0.0005994118235435053,0.0005872276772151963,0.0005749906497385382,0.000562702953857297,0.0005503667445054816,0.0005379841205126468,0.0005255571257976044,0.0005130877502210751,0.0005005779310636171,0.0004880295541624946,0.0004754444555601367,0.000462824422356789,0.00045017119396106864,0.00043748646339736297,0.00042477187884060186,0.00041202904463943923,0.0003992595225099649,0.00038646483250204255,0.00037364645493198623,0.0003608058313488982,0.0003479443661831283,0.0003350634274852382,0.00032216434891552126,0.00030924843036927996,0.0002963169396821286,0.0002833711139373918,0.0002704121604892862,0.0002574412580997887,0.00024445955881446935,0.0002314681887014558,0.00021846824972726608,0.0002054608205526165,0.00019244695795350708,0.00017942769841283734,0.0001664040588593707,0.0001533770382025068,0.000140347618753367,0.00012731676730481922,0.0001142854364957202,0.00010125456617515738,8.82250844824739e-05,7.519790983678831e-05,6.217395127805503e-05,4.91541106839577e-05,3.6138674602170795e-05,2.312744300070335e-05,1.0119858131929504e-05,-2.8848666033809423e-06,-1.588761779203196e-05,-2.8889253371744417e-05,-4.1890474221872864e-05
14.645934084986948,13.309338802759669,12.846002553985954,11.132234798997786,8.990968469386587,10.219592170629369,8.75324995676283,4.076859029786533,2.430706810124832,2.6659811894222685,2.609852482268593,1.9035776507176934,2.1191690110726995,0.281153337716205,-2.3160148283701574,-0.9372071461953624,-1.11637635012778,-1.9202417750911422,0.3347324367412057,2.9576504699964516,1.355242208250047,-1.6062290692815395,1.6003884529692414,3.2530559492684006,1.5838359963436233,-0.10660563875785556,-1.4176277614352557,-1.069559801379114,0.6171241548287298,1.4100953748730944,1.1658922522269677,1.3045906370094826,3.220021145563237,6.1608116270534765,5.556070565673963,2.781439032662661,4.23062394989995,5.0102836212789725,4.911402099505835,4.995287643288748,1.3086606178521833,-0.06794563454502622,1.8283873513956905,0.9778516628531406,0.3218208447935922,-0.007352651696351131,-0.6151093764628968,1.0242137090654069,3.7319400299168137,4.6902327524480825,2.734208771385056,1.7140601960239792,2.587766948177432,4.453079286064849,6.637849748191229,7.7152307207227295,7.058056543227849,5.9151373462523225,7.397465171723525,10.681644263024396,12.85888994019706,11.940521435587925,9.78380396128,8.423613839991276,8.7319846191848,10.064774687555996,9.822641365289428,8.33220532156065,8.24168048156298,7.344665679455716,7.067754530699972,8.85194421316453,10.231187740911764,11.6401940787473,11.962645777732519,9.85151133428485,8.499614005587887,8.009871278518403,7.080048422804111,5.22498754390449,3.2203942970866137,2.896661315118763,4.391309814979536,4.654177618513131,5.21920855374492,4.436263952033187,0.27922806031460823,0.9969480608062895,4.220290150771461,4.793316228559206,3.0695482197088495,2.348491457146565,4.623376552781565,7.176496383673566,3.621198052045429,1.5509304815323048,3.6445304172436863,4.408471167945436,2.8697945256075172,1.6595457476021238,1.622392851197219,1.034339136925155,3.2763682118290944,4.490266802174233,2.182689470651667,3.8253782215506362,5.189147106516657,3.160105204813135,0.7142048267894552,2.6095634941277694,3.1894427000590895,0.2755582667014096,-0.540232701208538,1.0773350766348813,4.102204103840677,5.993302127847301,4.293235685091531,4.995660517367469,7.997979495739173,9.062890401861068,8.207118537902488,7.276978143493352,7.729683516458408,9.967028305049325,13.17480196658073,12.436681145258035,9.614051128744222,11.74151373447171,12.096833880968006,10.828258711046942,9.894458962526187,6.865554485710163,2.606891192238777,1.7644539556342806,4.9128772910733005,4.3467052052560575,2.858222912813517,2.909270857768888,4.177021229573484,6.829978934563542,8.579006859811216,8.978656174234175,9.872173477912156,11.474996855871723,10.941589284828524,9.087118160404657,9.809452420782463,9.970632458713226,12.498554619597257,15.2349936463022,9.434320688090565,5.040236425413013,4.93235368122555,6.75835118071052,10.221205007377762,11.914332463433311,8.904538500837248,3.9507655519921627,5.040104572909172,6.615700812023306,7.133272255946167,9.091566014876207,10.237436395840405,8.843615702959482,6.559422130672942,5.842949844527311,5.672067744752212,7.083482037907288,8.80322941803297,8.831149581759291,10.048001755549194,10.941844087438312,10.774415361287538,11.455463520679132,13.472311115347793,13.069054451825195,11.619610266756126,13.565093696911163,12.448974674131023,9.936364840153374,10.138480548849543,12.256502980766754,10.38962255651063,9.356755033536388,9.618416692837172,5.646231278167761,7.572588173004306,10.320037329012166,7.814484874191521,4.505212369383116,5.269051863510413,6.986252923725488,6.906205215275463,6.659218114938199,4.878774136996185,3.62627261027842,5.157326242924228,8.323860857008412,9.401141602622829,9.546146664661137,9.926046158996542,8.946717742981264,7.067871089175242,8.140328256716884,10.81068696514535,9.292560721529071,7.37664935421185,6.898878813063334,8.082564447006234,9.76448527054481,7.628221247738679,6.508596483386555,7.622636467903021,6.2757449470927895,4.840890822465781,5.298403207801357,6.108347060913957,5.961926946497442,8.952995744191185,7.720876928849179,2.1530009901812264,0.16719315362217912,1.8089639761815306,3.6804646231496463,5.261775766421238,7.384357104374885,7.926420738899651,7.930240533448796,7.215921590083667,5.909842631903757,6.773391426041826,7.845726144739729,9.200977427432235,10.651190168043058,9.585312637273773,9.431903857112957,9.746108805079984,10.348025128785366,12.88569139575975,10.53113195513788,6.919199457329341,5.930045792598776,5.157567276478403,4.979656213527733,5.769809861299564,5.946019608287543,5.095465719129152,7.727630109953907,9.056889206876349,9.788097178872476,12.245308949386299,10.123367037270441,11.337144475127843,14.1069942402562,14.270882922332362,17.39632892299028,19.74573447068201,17.938555718288853,14.74134157068147,15.663131814656253,17.44196866912546,17.44785079450037,15.44262081012073,12.736032188197214,11.215168399647155,12.97634015740914,14.49848644743679,12.829758825236922,13.22088308006198,14.900183815844343,17.06143841599112,17.306870039515843,12.918814885381948,12.118572265616422,13.304625258957685,12.104825849474992,10.157583772805765,12.155384702542278,9.352969155894016,6.693980243124997,11.527211506389904,10.372598396570197,7.275404801669993,6.240061052902092,6.281922046907994,5.788595474291469,6.538618573245913,6.554668628104537,6.548509183401848,8.200225882112363,6.4267811537654325,5.310724986774858,6.535375769844904,7.981622161388941,8.259172967064046,5.901381213896343,4.298471661588337,5.761750022673596,7.0779854470252985,3.8282580317802513,2.329792185807719,2.869599532807115,2.00336822131203,2.47355369102047,1.1116004391066099,-1.1962987494550816,-0.9408432906933513,2.4773671333456377,4.493984830745603,2.4794152798222058,1.7161728844928348,3.729691722608095,-1.0737349245982841,-3.2008390512062306,-1.8478561814752084,-0.06688614745280574,2.177697032121614,1.8520619928689257,1.1586442424843426,1.2537975604882377,0.521719848817952,-1.0013525417502933,2.519034460825196,4.9173448419762735,3.8330960461690893,4.263654147228863,2.9425908903590425,2.251731988929123,5.8148462214242045,10.364161613813053,9.002633149642293,8.966454522136019,7.476742840661473,4.028112853096445,3.1462454541763236,4.427560881918794,5.546787165185606,7.1619282572701195,8.503558357567726,6.814091769593915,3.8597456574457283,0.5816022264668845,-0.16928355944173745,2.45960804921026,4.90246351688279,6.6792844917628145,5.163831897415548,5.031562766821821,9.055650901735135,7.561454659346396,7.908816354562987,6.701412995365899,3.914136619166811,5.886075370580443,6.6453428817136455,6.317891551534672,4.716684833227532,4.088462403655967,7.31100594848408,7.025158267967072,5.5917321343849835,6.423236394845276,9.456837540407605,12.025758548713839,10.125574967347575,9.559844539753612,11.147443821038905,11.069675168137792,10.101650858396965,7.7625006168831305,7.025881967091436,8.254550777361032,9.024885260317205,9.41350694375592,9.64651155064007,7.764508022738937,8.001768887951357,13.584082011006899,14.166372640051577,10.30188009451092,8.331073722485598,8.063904263763561,6.2099187929939035,8.023768558904067,10.117159853292264,11.177603829642294,11.098604282065935,9.842328437695983,10.402619659898619,12.384038101244414,10.703032522480271,8.1415289615735,10.282721917438266,8.504604879523413,6.670582906661593,4.96815688691288,5.159534072528686,9.171594070507354,8.432863921113267,6.250043575576001,5.243735950432438,7.005246462215382,9.848353147615171,6.49808822560999,4.342019551436579,3.870680639116813,3.9577832794080905,4.978015438499597,4.478427968052301,6.511259210206845,5.025719715510604,3.04285776229176,6.362102473962523,6.217514017305575,6.204846258830798,7.096488185484304,8.881258827790134,10.97272015896715,10.10944547114002,5.845497681817392,5.262343482719871,6.665570074768311,5.96849118343107,6.74970307074409,9.569063608925262,6.171122378035307,4.45387038404067,7.464406902514611,5.957960646455831,4.658570617578334,5.014945631956607,7.349268160901261,8.244035115635256,5.380375484954357,3.749720167626492,3.8823178837562864,2.8911196151959757,0.5366589633775902,0.00018457265286997426,2.4650202290204106,3.2094604215847085,4.0039868929485465,3.6080947366435794,2.872892415333922,3.2318244566556587,-1.0423094302946083,0.6867544958668077,1.2568894164799076,-0.17121661438432056,1.9660173980628315,1.1705896709980834,-1.5393274585971994,-0.8126760286135095,2.5548886467759075,3.725849181702415,1.927751411371105,1.469134450745969,1.217741323578366,2.8552797504562477,3.023540338005887,0.16277532138792594,1.334269348252974,2.246829022630209,2.57978083465332,2.2785643310230626,2.621016261399973,5.066064456181493,6.01959693288245,3.9902844055357036,2.4716602674650403,1.5018742121837931,1.0505942407274915,2.779260664881349,1.0435275585590489,1.8129403193107692,2.9208137715837665,4.015403964781626,6.281892925757347,4.926641479042701,5.869632867854762,3.70248070212142,1.143751129807697,2.734763834880141,5.455498054899181,6.4989454492611,6.4427406864997465,2.934708214942134,2.268728967547304,3.894872548647527,0.23610872632684732,1.5470719182449102,7.496703159074968,7.81168258659568,4.447022108447186,5.080694276882014,7.1575779377324125,5.471123206104494,5.195516786034432,5.69360450241436,5.543624726991311,4.052391922308061,2.1222400160756933,5.639816495610376,4.732796468035076,2.128830062429188,2.4005376377169796,3.174799593846501,1.5528613250864964,-0.022113146461038014,3.205540046019223,2.571074832012755,0.25721796498282856,1.2469278748783381,0.6534730245202809,0.8760104239123621,0.8521491661479104,0.9977087059384075,1.6704029440302293,0.8124183376485234,-0.5631359714586779,3.1349130420578604,2.833315267656303,2.2590522148973378,0.10443714125983661,-1.380050417776033,2.146828340169918,1.6860548838830027,-0.24271277472155361,-2.358464253271677,-1.7152087391950772,-2.7060433992483013,-3.770129962590204,3.0852203619188003,-1.9878424821698673,-0.5484725707649432,0.9447206022092587,-0.30890804291811946,0.9958312806475078,0.4868853241400757,-1.4034779717268293,-0.6809789961786237,0.06829245521066696,1.3856336996525442,2.217005133466728,0.7778372292533504,0.6346954918183201,0.06343489896528354,-0.6450749865347234,-0.7731457605970036,-0.6874942539893709,-1.1824419480229835,-0.07146855687949483,4.833300684873393,2.3631128322365385,-0.11807069936844528,0.571643398075139,1.3465714764834047,2.1336030727959496,3.254647120545201,1.2404136094338583,1.0127865201070563,0.35070537323088047,0.9698161311608828,3.2436016352454544,3.343091016569815,2.5138370076404044,3.139575600404555,3.432777886988106,2.4959292939972784,1.5812341430411152,1.2092680881673914,1.6470665862378837,3.9908275708444307,5.342486115559041,4.514243008152448,0.8120729162092175,-0.9528009206732122,0.11910149183324847,0.2642446784417416,0.5698621949238714,-1.6266903590602624,-0.8194783392744966,0.39442165900152304,0.334567129886409,-0.09598837819316941,0.6980693919200576,3.6760082843863984,2.9819715618409646,6.748017158381117,6.227113354437506,5.291734591577324,8.417198926937544,9.09603580254418,7.682101943703287,9.410478752055042,9.724926060248208,7.633472779414433,10.230206418505531,12.413901223126118,10.697466158047177,12.252683458368551,12.425467590224912,14.666956403857398,16.72119422180458,17.32752419287783,19.613349317206712,23.16969390904319,25.053461668960495,27.2426965586875,29.681443452575763,27.470726922582003,29.860677459237422,33.765790481782005,34.32767023979409,32.46379651252266,31.96927015816891,36.571744940897815,37.020355802947506,40.21132875594412,40.43859118760315,39.81991900356968,41.60437068672309,43.597946538732685,43.64124963442396,40.24492263414061,40.05534602160094,39.15950904900001,39.332873525498144,36.74646619196085,35.54408817627916,37.93771320122835,37.10549795861289,38.066842905059275,37.628376231956736,35.27250357401033,39.334226900743715,40.95695529896136,38.57059294548253,38.13635095658742,35.44209674774709,31.341550854391016,33.36286874430141,28.22737902063716,28.211826872144684,28.895383864051837,28.15140819352814,29.3375691330491,29.602243589167756,29.212518913586678,29.98150000559633,26.419920679173174,25.264769074361993,27.509805591559598,26.879867206248377,22.369136287461174,21.431021031869477,22.71375161798096,18.82167180385727,21.32085403321662,20.011743867609425,18.920675849782242,19.829597755682244,18.196602930126346,17.7520605670029,18.029255521008963,16.20539177007288,17.866057719666287,13.138527166440667,16.37761118294145,14.303537008330522,11.62822946275844,10.174695920397653,11.766980190253435,12.666197817767966,9.12253787871623,10.041400584598136,9.484801445596531,9.344955163066857,7.615149708634135,6.222937256147134,8.606245194502094,5.509396774676247,2.44789358624098,6.083110691266029,5.512274957812565,4.817597997194071,4.8846355960581604,6.327214543667992,5.7902280353541755,4.704457305601522,2.759838283309705,1.9801687316195284,2.4065801220633602,2.318546013312698,1.688654957756512,-0.5897893920403021,0.7070218187160435,-0.6607807982969689,1.4936911103958437,-2.483732013125973,-1.5192535675573708,1.5628763482905015,0.17017316449846476,0.7226643618903381,1.4371303339610222,0.10182356990685548,1.717398758961508,1.732447591894811,3.838969790861711,3.966513732897397,3.524790985358891,2.684865258014497,2.253603130809097,0.5176072433268928,-1.7697231152092172,0.5147622692265941,1.7000416777927967,-0.08363712857726568,2.545621390263591,1.3715080360641423,1.0771274185113953,1.3337431898281693,1.4623381328066216,2.1623739007702625,3.770030750809383,4.252164993307474,4.731638421020989,8.26289199133248,7.758154274399317,8.549696959401786,8.298343205797664,5.74731277901401,12.419243559954452,11.586284573542798,9.091689559808174,9.25112320952826,7.2142947144658365,6.304191149866938,6.7631103929844585,7.7330078937779945,7.78326762511449,7.42876839202836,5.948670447790505,7.928224611388259,7.462385696786214,4.94237237356333,5.061770729122827,9.294867040224176,11.695842096981664,8.999356717053729,7.146491446951472,8.780962652002017,8.650611959444063,6.31919808717123,6.786025763016028,6.494246739140863,6.020434940668338,6.139283760483863,2.6969581573978303,6.264903238011584,6.970777218136391,3.353614640218666,4.985530404314318,3.6897987430866124,1.092305695333721,4.8994423019672695,3.4269744946682295,5.4655822659553905,7.428686964867779,6.9866674017000605,5.583278108720378,6.382304657812142,6.986985187531445,6.86463190523466,4.988293624266987,7.796594643386243,5.24720173126957,3.12990367967069,5.510184556403033,4.405279825274761,5.539516684231728,4.3062587559260805,8.389884734058455,4.086284112172223,6.329590173728548,7.186260012310129,4.936220547525068,5.152214142464686,2.8824160162078556,2.944135394096122,5.176745422213855,2.571535456138008,0.8223089822088809,1.9541375401596497,0.8099331636647094,0.7683132573909006,2.6049898715742756,2.112917411260355,2.688382540526959,4.469981282472702,2.864925114014113,-0.7088022298519832,0.1959269864878479,-0.40353153694491084,-2.625411719331055,-0.8985208774671491,-4.4889206100112915,-2.681828659327266,-1.0137000657462636,-2.1509376847301382,-0.3071145118912,1.3225282983163424,1.1040929639029855,2.5756481233608497,2.95653671883548,2.4266422063918185,1.6644439378472953,-0.09692199522271494,2.2551969338748563,1.9961739379236292,1.050307785437326,0.2764368402343962,4.725934761493079,4.670206919029283,2.494641364362394,5.346313914412974,3.833329189372023,5.306802749408121,1.7647308748730666,3.2443244033288465,3.8975706071926197,5.415702039917846,8.067312925747785,5.302729125089741,4.563456111541768,5.290174853819622,4.2243471142935505,6.6345642532694455,5.764179171509227,3.8736339500683243,6.357677954912276,5.760596297456118,6.299006217018473,5.934702599514935,4.591515833772974,7.499122883118503,7.349022761491483,4.8887134887791035,8.258331510122389,13.551565027884863,9.583384377581353,12.345089105976399,8.498693133527354,8.506257974307744,11.163096245646784,11.193902038466604,12.929325358629796,13.856112504717885,13.425638609333191,11.924757155794964,11.359955294624172,12.02174608347542,15.251300623695442,12.995928951175017,14.029233521987408,16.61205914495673,19.75683614004606,16.973338136715938,16.260106319993156,16.91170068538338,14.129570471522243,15.911855120406699,16.368783725529624,15.192584521620404,17.268629858483223,19.67217093775747,19.395083210782275,18.604899341366718,20.696048247171348,21.18579023732002,21.708052252503535,22.16735848006806,21.392852518585812,20.621726287002673,18.154035775916896,20.531625685238396,20.88697610650479,21.22121742184129,26.143540668816115,25.508007809750723,27.011970428940685,28.93999679816227,28.404563864947704,27.17943108322038,25.54323787894714,26.247979114448924,25.594780398503644,25.490843816654433,25.544479734809613,27.175580442449586,27.51686526445036,27.690217067895787,24.323466895917477,25.39731777848459,24.80915732493878,25.485057128327128,25.936688107421674,24.58328088834827,24.622811062157496,24.63389751352514,22.906582446095854,25.90049178176514,25.27462048966089,21.753024425424258,22.515659016843756,21.937912086717915,21.445797868388865,19.43526858695435,18.686215973322987,18.823073271907674,22.695247444437314,21.834089371114658,21.7375003969928,20.911588912231537,21.07565693402171,21.966429925504826,21.442671037178684,21.675519152585423,22.804738940687628,21.087890754458613,21.866456006241492,23.73463006404336,21.18986538656958,17.923612303203186,21.150207207934272,18.99469026879808,18.23160515404345,17.897609110965675,16.27453578635601,17.91344311146338,17.635284851020856,17.619411415916943,17.871831609761898,17.557701644146732,17.571851236447912,16.43096503772506,17.789543324665146,17.330649183983553,14.599618093363347,15.645598494688215,12.137396793708263,10.505872274973171,11.86443916163671,6.373294073530985,6.226598508497432,8.196394186422935,7.132084265081687,6.3943931040926145,4.750904701428851,7.170435325780204,3.495641102777654,4.824212841398889,5.685756284260833,3.526929914215316,3.5577583447573033,2.892684782001197,6.504977759879523,6.338608648056265,4.750206857103876,5.049739786780663,1.4088076626057386,1.1628590820772047,3.2333105193906135,5.655714074643072,1.6432033117100673,0.906836033583204,-0.5387107363007431,-2.927264703860317,-0.8710051753715788,2.0232886165599098,-2.0366397775638347,0.5996104611333521,-0.5595990119104499,0.3025040433131494,-1.0640750540948147,1.4037183011226375,0.3194863579404341,1.740984056992943,-0.7699443375653345,0.09091586979042177,-1.358876821325282,-1.4996704145303283,0.29036728748491214,1.1756858678295998,4.499110124716822,2.206888811056672,0.8083500638326768,4.914597922386349,1.5365471362398466,1.746635400955597,-1.5386140481994062,-0.6254259533559434,1.949063661962441,0.1281326807928167,0.8200551291565716,1.8132930085433259,1.8297188829681659,1.751300349960843,2.462141054547942,3.420441146313408,3.0855907141741454,4.4966914190652005,1.8791239102378086,1.378281815008222,2.1148393344992655,3.504117748802173,3.0503358316026947,1.527701019846404,2.790712193492368,3.384999671526316,4.023673962612747,3.5622707740256487,4.248262666530934,5.155476825136191,1.0687385451789737,1.008651415042948,4.48803693381609,4.33682465401796,1.1032359156926645,2.8465695060612006,4.290491777802231,1.1366045899530377,0.41136899164240504,1.3128767777135977,-0.33623806179883786,0.26944641778948153,1.5622780973415047,3.408198580775661,2.2900011224231775,2.967730833060955,1.0372785417316095,0.7594212553137822,2.3573077031302887,2.479715200671194,4.5219723413677,2.4024177245855753,4.164938813899823,2.9791857720966277,1.1118542439058956,0.6897469980137885,2.302740422390002,1.8044132286075865,3.041507960465424,4.074908827024387,2.374069069131963,3.1269778970977313,2.649035172496667,2.402979311392926,2.8242962676817456,3.661582106522985,3.6411547786157143,3.246900227875699,4.670193047774774,3.7891750852201653,4.012902026740505,2.8368244436182977,2.461684253893168,1.5634733360627706,4.287848849799957,4.1652029058521975,3.3642938854009685,4.138657585138617,5.560310910640396,3.364753019631735,3.219947113416083,3.4735740744000623,2.724687754010972,3.0505521055372355,3.9712713859708515,4.137076500373155,4.0537277418346775,3.6630659223557984,2.8004403596965233,1.7591162650761305,3.8781044192791114,1.4259961156549537,2.8993027919692906,4.458186256083309,4.870504559131177,2.9506240954908947,1.9764117490525166,5.4915422141123145,5.617769210958443,2.862908532794904,1.8815191854629347,2.9454542000362665,4.024152479007171,2.7944958676269778,1.0358285772865372,3.702940096567829,2.904840391524573,2.669545405572734,1.529770498675532,1.36314043181045,1.7216572543840698,0.26051806991853255,1.934312509965764,0.5812056194787658,0.7962287050573877,2.8692372339310737,0.40553153999539404,2.981923511042453,3.435600970873793,1.8767769577939362,2.913543194867657,3.660430426466263,3.3056385392006007,3.9659864384040873,2.1794047593931793,3.4391307477217197,2.6677684964326147,1.30858215504648,1.2150071150958297,3.2293702388177223,2.9186381595264663,3.6555328028337613,3.5045482634249083,3.3343774891819464,3.436763004289901,3.138557473128685,4.009716243745743,2.570206557364031,3.0659779202504183,1.6887651041120364,1.5626908797223393,1.685413005228071,0.617806245593016,2.019378009739512,2.1205890139499672,3.184050041123669,3.0304313544837953,3.058863592207871,2.2893266988051835,0.901742939851971,3.317168995546382,2.443371050638916,3.4252517989834814,1.3589160826749946,0.9547567313611296,2.3917638509074095,1.6030015483832187,1.3961827395332307,0.1959025040207507,0.9045237262264436,1.9787305600035552,0.46675980312758725,1.1017540613606798,3.3843882424216076,2.0690755471740943,1.510006059722798,2.315459012733413,1.7549225943164117,2.6510158645518516,7.279757366230655,10.582784273526556,0.19139978068429286,1.124814959217133,0.8323250900139954,2.1952474362088026,1.891102790984263,2.467040634248349,1.699320974572089,3.187567831635164,0.24345644678658118,2.109218993595107,0.5970644279245505,1.256475664638515,2.025714245417589,1.6104976409822598,0.17809097104415628,0.8503337792259629,-0.03436641549473052,0.5543991635997827,0.11835311001718196,2.57686627725505,-1.027735170758774,0.6782497942871544,0.911107448524632,1.280907569596451,1.434813960245748,1.4798901974685919,-0.1983273848296392,2.2839426385251045,2.0844704725543295,0.7581055616587946,1.9752824689406339,-1.0984318720195745,2.3925011986584934,2.4497341206041483,1.0390151635323548,0.9857877867549689,-0.7332595371301807,-0.17143721340090678,0.8124706549029952,0.38452297056414864,-0.25746790484305393,1.2232416262176287,2.5034398244721956,0.36060757734617255,-0.22663312065719765,1.9134549232797156,1.964238342907862,0.21473543610153456,2.086029123647023,1.9560504493884423,2.3218708735670077,0.4526945343538671,1.26646038411981,1.171601104380457,1.974872309087118,0.4044467313591298,1.1676152539965585,0.498310565058091,0.2196299697275066,1.5435180744316597,-0.06386148118981794,-0.1813128632162062,2.9199775820017635,-1.1042261495258998,0.8653558815645397,1.7398388872959458,0.8884755053625213,0.8458853259395767,1.3036473840462577,0.8659688039411435,1.0873205565688693,1.286036136140325,2.033668532626521,1.3117971576877636,0.32242205702002025,-0.708317450563726,1.1934901383041279,1.0198984101348003,1.0661682295514936,0.48753808135546706,0.26305310642661084,0.5355004623205133,0.26235691651802995,2.4252919930084715,1.899308624604032,0.9720910811775525,1.6353181936474073,1.5091629584182868,1.2125851346324623,2.879742084422219,1.3159107386025397,3.0418523591548734,0.09280103789518535,2.0604251938018763,0.34303386157321825,2.105735796622696,-0.05112621011532781,1.625820817227691,0.055485333814118576,0.05562511952911109,1.9797569208772927,0.1993952204999232,1.016298748863278,0.9416454669824361,1.095057448109685,0.5042606142038721,0.8947270545735364,0.7520453852493176,0.3954757026135667,1.4038910649533705,0.9658217786058998,1.1320264030737235,1.4031687967852804,0.4699990697123724,1.921765726666365,0.09386438122029972,1.1446045783059446,1.1358221596207443,1.906879707870445,1.9480109690341294,0.2523105213522001,0.4977940129121805,0.1228072667656761,1.4921715810871206,1.585088124582711,1.4778114445736321,-0.000688005674788883,0.9512926232669656,1.1750222276784825,-0.1700998981258408,1.499657087705259,0.7907994536879528,1.2822072807747134,1.1591524775766686,1.7618903449918548,1.0227247130227113,2.082974128060613,1.3036530791464145,0.7374109788594012,2.3032072290425276,0.9783812847508102,1.0272901929841112,1.241810128978159,0.7993381002984563,0.06331377597376786,0.9540996576967018,0.8841312999105924,1.589460189480775,1.699875517828218,1.7421694912558507,1.0363241485205776,1.7383961832638022,2.4392642680142558,1.456995011812353,1.791379328111958,1.8728949353510274,0.495979638942714,1.0148397337686959,1.5092139968508036,0.9760621730630277,2.7275446620222397,1.5270623052897179,0.8748702248952043,1.5330947280527596,1.0263208357589235,1.595064354421595,1.2375886379628014,1.6748474630735188,1.0353414797561697,1.666160953243292,2.399041888739191,2.154110475173617,2.4780185404784802,1.8379766266179232,0.7443201803421573,0.8853133891642813,1.2907082506869543,0.5372384855048722,1.6894192097999507,0.8241174757764043,1.8067438678682493,2.2523846388303355,0.8572034364265164,0.705371800857904,1.2032657764489159,1.8271923672601744,1.9701492834419696,1.1648778573565437,0.7602279279645288,-0.013412391147987535,1.2690814182948884,0.2546624680453462,2.520516744656277,0.8862275175638956,1.8020350001974634,0.8775077780567813,2.192772422941914,1.1166707814510914,0.45964909516294483,0.9979318448189929,0.798934566270141,1.5034140652027261,1.5188239973414852,1.7117929779330439,1.6009079359176894,1.2185305008827143,0.6565352343656627,1.0880877747814637,1.7275066489930282,1.0651684720762091,0.2866477454380174,1.3778042033241036,1.4836734241180238,1.4644512182961194,2.1546450765804934,0.23470579417596582,1.1769769561936982,2.3840732729563,1.7737422411410648,1.6689511507562997,2.204785644709716,2.1101002725000626,0.8444317361944513,2.4084732956484913,1.0406271716850028,1.360261530802802,1.8226437884654842,1.5146177621962238,2.4887634764141353,1.448677039428226,1.433189906374082,1.4570817212599536,0.6164498863863059,0.7537486224568397,2.7935281883835117,1.7467111431917033,2.6609400424324576,1.0710093665956038,1.4641936462385345,1.6165475172201766,1.996260326157767,2.250464892047262,1.937438090850435,1.9386491699179373,2.3779377883255393,2.536701852446015,1.7107471424306482,1.8569547768016221,1.7188802025181644,2.3237471989104392,1.6312172701490866,1.8554797336842626,1.3870619396454842,1.6792504520280502,1.4767974553984686,1.9950856121499214,1.0725900883630892,1.1925135575189678,0.9975987622314015,1.0864408344078242,0.984934305707327,1.8127941710445192,2.056705389096635,0.8085048673885353,0.973023311070282,1.0563391319167295,0.8970463609529702,0.08921301414636673,1.8088352709332867,0.1930737763159982,2.860252019315798,1.2084576450615145,0.9747615484232028,0.7272167116772685,1.7581592380073516,1.083805925697959,0.9654238275152807,1.4499759175082545,1.2787571959860884,0.47269890131684633,0.7454926115221951,0.3242480549859579,0.8434750167678011,-0.11583886048293834,0.6512525691820805,1.0943579296924781,0.5259798380803318,0.003871503846369251,0.714623669342302,0.5147375074410512,0.3508058248754651,0.06936568232442042,1.7400890998931686,1.463871387869517,0.7296825574102286,-0.12476599534312527,0.9300095137203357,0.267822030530283,0.9669903284257089,0.23660860562359076,0.012600492450474121,0.8803818593657411,0.6583969874342266,1.3249792908738414,1.0883338679404346,1.4169081465499858,0.893258485091792,1.0620649711138412,1.543580570367567,1.5808723208644437,0.40097393365073586,1.0369129954988239,0.7106227690260312,0.8571902522696746,1.3929168955203295,1.373609449702201,1.083157183308117,1.5447108546671302,1.0873522051011832,0.4084155756726773,0.9171797787868172,0.7618361684044999,0.8502662914978032,0.8487983122752798,0.6367882640205949,0.2902998206621987,1.0422331021546256,1.3533381597493985,1.0000788229210116,0.8808975455761452,2.292243120822036,1.4167804173119425,1.8538925574458762,0.6789060873141466,1.2904019528841673,1.0799400819151987,0.5745640148864481,0.6669501951475354,0.5484095377051972,0.6031487801533917,0.3816963597006957,1.0798662596249642,0.9250705161600195,1.1387129093594694,-0.6349923187256081,0.7904338984386658,0.7345182956463532,-0.8087167743305486,1.2810431965270386,-0.38213347363279127,2.0730206926481873,0.5739951032278992,1.6291400502757938,-0.5023044533007806,0.02019073387367598,1.016308590734468,-0.5448128353062884,0.024674347211258052,0.6217518032158296,0.2719135776760595,0.32850113415929627,-0.3393893912515846,0.789551201294671,0.8716690790873827,0.6787535601359309,0.43874011551713465,0.3899639668528625,1.5483481825160634,0.19642116908028306,1.673610249024195,0.9855147527720192,0.2303766275053949,1.0752005010904213,1.0043642541120334,2.4540049980141685,1.2405526362602473,0.9565455686735032,1.7045203925552528,0.36624372735008137,0.9805531356368533,0.651605204649286,1.2562290767639297,0.7674089958226205,0.8962405760161101,1.1386856878017966,1.2548929711438745,1.032372821949707,0.8730163471242349,1.4624631770442988,0.5891122160523405,0.37407248835768137,0.27321553250055786,2.373660370060861,0.6015390949672224,1.6495650991216735,1.2735878150414806,0.4129625222502131,1.516063270922814,0.6994054349892753,1.5350162835872538,1.4678974116656605,1.0347317410796677,1.3344045005077856,0.644910388519861,0.899580350250119,1.2138169521331292,0.20591850270687928,1.4430528943281047,1.1854336149114602,1.190783964426089,1.2125198542476028,1.2345830471320483,1.2557963186165466,1.2760962123814465,1.295492579449899,1.31400181895566,1.3316402004835481,1.348423862217885,1.364368809179041,1.3794909115450196,1.3938059030566592,1.4073293795058248,1.42007679730375,1.4320634721287888,1.4433045776515314,1.453815144336204,1.4636100583164193,1.4727040603443697,1.481111744811244,1.4888475588376195,1.4959258014330317,1.5023606227222217,1.508166023237436,1.5133558532747884,1.51794381231349,1.521943448497609,1.5253681581766614,1.5282311855057742,1.5305456221030909,1.5323244067637916,1.5335803252287405,1.5343260100062253,1.5345739402465028,1.5343364416673921,1.5336256865288647,1.532453693657203,1.5308323285161691,1.5287733033240443,1.526288177215804,1.5233883564488337,1.520085094651904,1.5163894931143318,1.512312501117492,1.5078649163032765,1.5030573850821725,1.4979004030786882,1.4924043156113385,1.486579318208669,1.4804354571587055,1.4739826300914842,1.467230586593189,1.4601889288515508,1.452867112331262,1.4452744464779244,1.4374200954507046,1.4293130788809094,1.4209622726579028,1.4123764097397498,1.403564080988133,1.3945337360269718,1.385293684124008,1.375852095093478,1.366217000220388,1.3563962932045683,1.3463977311238864,1.3362289354170116,1.3258973928824958,1.3154104566960427,1.304775347443524,1.293999154169569,1.28308883544139,1.2720512204264196,1.2608930099827944,1.2496207777636528,1.2382409713328002,1.2267599132918008,1.215183802418096,1.2035187148130717,1.1917706050597303,1.1799453073892892,1.1680485368559061,1.1560858905190798,1.144062848633439,1.1319847758450123,1.1198569223935237,1.1076844253202012,1.095472309680531,1.0832254897613893,1.0709487703026639,1.058646847721434,1.0463243113400154,1.0339856446161093,1.02163522637494,1.0092773320429842,0.9969161348833495,0.9845557072313227,0.972200021730373,0.9598529525684398,0.9475182767132537,0.9351996751473166,0.9229007341012334,0.9106249462857932,0.8983757121217764,0.886156340966977,0.8739700523418037,0.8618199771507875,0.8497091589014758,0.8376405549194033,0.8256170375591978,0.8136413954112527,0.8017163345047038,0.7898444795039836,0.7780283749021919,0.7662704862079295,0.7545732011269592,0.7429388307378986,0.7313696106620569,0.7198677022268498,0.7084351936226767,0.6970741010533175,0.6857863698787696,0.6745738757516619,0.6634384257461647,0.6523817594790557,0.6414055502232259,0.6305114060136816,0.6197008707444525,0.6089754252586772,0.5983364884293678,0.5877854182318174,0.5773235128078227,0.5669520115207547,0.5566720960014777,0.5464848911857416,0.5363914663421383,0.526392836090622,0.5164899614118212,0.5066837506473121,0.4969750604897172,0.4873646969631409,0.47785341639388434,0.4684419263718951,0.4591308867016437,0.44992091034322357,0.4408125643437302,0.43180637075812456,0.4229028075599217,0.4141023095422156,0.40540526920784714,0.39681203764934025,0.38832292541871993,0.37993820338681417,0.37165810359226725,0.36348282007975286,0.3554125097281826,0.347447293067944,0.33958725508819043,0.3318324460333315,0.3241828821892341,0.3166385466582824,0.30919939012471787,0.3018653316092923,0.2946362592127798,0.2875120308493706,0.28049247496937824,0.2735773912721129,0.26676655140767025,0.2600596996682043,0.25345655366947994,0.24695680502088635,0.24056011998629856,0.23426614013379776,0.22807448297550081,0.2219847425971011,0.215996490276666,0.21010927509388466,0.20432262452862915,0.19863604504985233,0.193049022694197,0.1875610236346006,0.1821714947388955,0.1768798641187459,0.17168554166892136,0.16658791959605423,0.1615863729383591,0.15668026007523395,0.1518689232271413,0.1471516889467921,0.1425278685997,0.1379967588363229,0.13355764205431342,0.12920978685173168,0.12495244847059439,0.12078486923172704,0.11670627896086216,0.11271589540501736,0.1088129246405174,0.10499656147203495,0.10126598982316182,0.09762038311771448,0.09405890465296807,0.09058070796419315,0.0871849371807798,0.0838707273738919,0.08063720489622028,0.07748348771343672,0.07440868572734871,0.07141190109177842,0.06849222851928971,0.06564875558171934,0.06288056300167,0.060186724936670544,0.05756630925617401,0.055018377810597485,0.052541986694109255,0.05013618649871887,0.047800022562455524,0.045532535209304115,0.04333275998340014,0.04119972787560755,0.03913246554344596,0.037129995524423975,0.03519133644266503,0.03331550320928045,0.031501507216262326,0.029748356524009978,0.02805505604294467,0.02642060770841681,0.02484401065049724,0.023324261357231535,0.021860353831812063,0.020451279744918338,0.019096028581202518,0.01779358778031792,0.016542942872206368,0.015343077607610667,0.014192974082959608,0.01309161286002336,0.012037973081419295,0.011031032580547162,0.010069767986863098,0.0091531548267767,0.008280167619943768,0.007449779970158943,0.006660964653576684,0.005912693701020544,0.005203938477052361,0.004533669755176106,0.0039008577882100326,0.0033044723758735017,0.0027434829275989614,0.002216858522842813,0.0017235679663372139,0.001262558116479795,0.0008327587681833393,0.00043308721717494336,6.245251483960601e-05,-0.0002802405750799153,-0.0005960879069561997,-0.0008861825608619256,-0.0011516117154428684,-0.0013934537763589105,-0.001612775748014883,-0.001810630839827354,-0.0019880562943512814,-0.002146071429137919,-0.002285675879761584,-0.002407848035772986,-0.002513543658380968,-0.0026036946711087694,-0.0026792081136477464,-0.002740965249074634,-0.002789820816133215,-0.0028266024180538807,-0.002852110038816136,-0.00286711567855491,-0.0028723631018579,-0.0028685676886084366,-0.002856416382314819,-0.002836567727911188,-0.0028096519916971374,-0.00277627135790226,-0.0027370001954523104,-0.002692385387831564,-0.0026429467224033942,-0.00258917733214048,-0.0025315441844213638,-0.0024704886140511917,-0.0024064268934012034,-0.002339750836881649,-0.002270828435371186,-0.0022000045159416004,-0.002127601424547265,-0.0020539197271887133,-0.0019792389264807753,-0.001903818191181017,-0.0018278970953247153,-0.0017516963652610684,-0.0016754186311231933,-0.0015992491813108245,-0.0015233567175414464,-0.0014478941089919317,-0.0013729991435980082,-0.0012987952750904697,-0.0012253923646881049,-0.001152887415571513,-0.0010813652995125267,-0.001010899474749749,-0.0009415526936891183,-0.0008733777010547783,-0.0008064179202165178,-0.0007407081280348393,-0.00067627511793944,-0.0006131383503884535,-0.0005513105906516103,-0.0004907985337467835,-0.0004316034165867677,-0.0003737216172225999,-0.00031714524055814763,-0.0002618626916159883,-0.00020785923572930187,-0.0001551201121401391,-0.00010363053928585941,-5.337572002872548e-05,-4.340846771810902e-06,4.3488893197718426e-05,9.012831299060053e-05,0.0001355922213406302,0.00017989541800034203,0.00022305268862510275,0.00026507880136250606,0.00030598850173646497,0.0003457965088387027,0.00038451751129287004,0.00042216616310497557,0.00045875708002540705,0.0004943048353993618,0.0005288239568130848,0.0005623289222285166,0.0005948341569705917,0.0006263540297481995,0.000656902850039387,0.0006864948647944402,0.0007151442553094967,0.0007428651340433134,0.0007696715420593137,0.0007955774457855114,0.0008205967349681487,0.0008447432197726812,0.0008680306281121375,0.0008904726033733823,0.00091208270231391,0.0009328743925607341,0.0009528610503934942,0.0009720559590391531,0.0009904723060003562,0.0010081231816911895,0.0010250215775045035,0.0010411803838792366,0.0010566123888224865,0.001071330275976834,0.0010853466231424136,0.0010986739009695157,0.0011113244715943438,0.0011233105872179294,0.0011346443888555768,0.001145337904858934,0.001155403050120185,0.0011648516247646512,0.0011736953133549832,0.0011819456839248232,0.0011896141870124666,0.0011967121546945236,0.0012032508000174857,0.001209241216315604,0.0012146943768698293,0.0012196211338277863,0.0012240322180332441,0.0012279382381166215,0.0012313496802676127,0.0012342769075530668,0.0012367301600306746,0.0012387195541236906,0.0012402550829051506,0.0012413466155294373,0.0012420038972891234,0.0012422365490465381,0.001242054067688514,0.0012414658257853262,0.0012404810716475367,0.0012391089294396807,0.001237358399293953,0.0012352383571396786,0.0012327575551580594,0.001229924621952705,0.0012267480627201621,0.001223236259420446,0.0012193974714591604,0.0012152398357443417,0.0012107713674254228,0.0012059999600069204,0.0012009333859168692,0.0011955792965636647,0.001189945223416089,0.0011840385780601537,0.0011778666531085946,0.0011714366227693063,0.001164755543300089,0.0011578303539749868,0.0011506678774821921,0.001143274820321949,0.0011356577742276386,0.0011278232164499968,0.001119777510723452,0.001111526907948246,0.001103077546872555,0.0010944354551725155,0.0010856065501911871,0.0010765966397912052,0.001067411423662179,0.0010580564937185954,0.0010485373350661575,0.0010388593267407487,0.0010290277430158312,0.0010190477543119414,0.001008924427992497,0.0009986627297848827,0.000988267524235198,0.0009777435762430287,0.0009670955518572555,0.0009563280190718615,0.0009454454493038611,0.0009344522184164816,0.0009233526074012843,0.0009121508037424064,0.0009008509026671163,0.0008894569079984649,0.0008779727335195275,0.0008664022038828989,0.000854749055861248,0.0008430169394841869,0.0008312094192319819,0.0008193299753429528,0.0008073820050071845,0.0007953688235033951,0.0007832936653926481,0.0007711596855415337,0.0007589699604864109,0.000746727489740806,0.0007344351966480644,0.0007220959300866525,0.0007097124650385922,0.0006972875041810767,0.0006848236791938689,0.0006723235520667004,0.0006597896162361394,0.0006472242980635201,0.0006346299581423409,0.0006220088922646028,0.0006093633327282078,0.0005966954494738275,0.0005840073516196753,0.0005713010884278447,0.0005585786506117074,0.0005458419717569996,0.0005330929294586895,0.0005203333464578463,0.0005075649922900993,0.0004947895844225059,0.00048200878978832407,0.00046922422569650735,0.00045643746130963336,0.00044365001872392895,0.0004308633741629819,0.0004180789595693568,0.00040529816351408954,0.00039252233290199,0.0003797527741085105,0.00036699075400292713,0.0003542375014831123,0.00034149420861240287,0.0003287620318701556,0.00031604209334545885,0.0003033354823287482,0.00029064325644867495,0.000277966442467914,0.0002653060385000572,0.0002526630146348907,0.00024003831470054138,0.00022743285694559745,0.0002148475358012547,0.0002022832227339677,0.00018974076766653525,0.00017722100039918587,0.00016472473186013303,0.00015225275541297378,0.00013980584776618343,0.00012738477050788788,0.0001149902710153583,0.00010262308416031374,9.028393321841577e-05,7.797353111982375e-05,6.569169698877886e-05,5.3437478072737576e-05,4.120927133044461e-05,2.900494479263216e-05,1.6821958411128435e-05,4.657485021652974e-06,-7.491469261822203e-06,-1.9627944254807517e-05,-3.1754905478464934e-05,-4.3875124390524434e-05,-5.599105787723602e-05,-6.810472882534668e-05,-8.021760555720903e-05
19.943956379400106,21.003180449777687,18.54793719372833,16.212805036069653,16.24893769526318,10.169144983333581,6.373625224130706,7.634829142558601,7.29258963865891,6.254304766958853,5.466983669133128,4.855723240332395,3.9538961961952737,0.7933488878833259,-2.0606864983636797,-0.37946467204710643,-2.1670690629654246,-4.62209838718627,-1.4423974849173646,2.812601261624991,3.145186292929452,1.079740494786165,2.386801223622683,2.9226601224252136,1.7279347673735401,0.9051931259755293,0.9922446921646042,2.135236271698659,3.1891768757983527,2.5640679779425,1.9423716701919602,1.157184553826255,0.9556045007311695,5.7053347358239535,8.898895282992953,8.026913505749462,8.339110115995936,8.287780706537887,7.980615544082184,8.439488636869783,8.29345092945573,6.125654084945836,2.530845616788497,0.581616664147873,3.63681299591633,4.732770557199274,0.46643283957723725,2.2153214746349477,7.355188027782788,9.311283354617899,6.5910719306871215,7.076895230096852,9.539277661595861,10.420923102025426,11.32920732586058,11.468673034234826,11.619911600047999,11.960791081364277,7.861194975818762,8.300746795905297,14.410192314873257,13.497888780585185,14.322021101446353,15.458033578260938,12.945236267130895,17.442261408823697,16.338880086302083,8.580464665646787,9.021260390768362,9.010811940500389,7.934795904050475,9.267205840638098,11.057351898816705,14.22777328088705,17.81227517325931,18.937068566128346,16.916106809086614,14.732530811144898,13.069247856109541,9.593050473283938,8.60708242410874,10.28307781931369,12.099654674544922,13.380949996672484,11.307850070882068,7.015341406764492,4.8697936604694405,5.38711191942491,7.625864358298259,9.661098105233236,9.978687162506048,11.178457203001926,9.802005362674436,3.9947484604131205,2.289919717719613,2.2150756870894384,1.723248766244751,1.7633207407758391,-0.07257726433363132,0.8192213440997875,4.612635342617409,3.7777260039642897,1.6535116591526275,1.8510439528284905,4.356801610380671,5.706823718968849,2.9068144574157486,-1.9617169020752954,-3.260681788138868,1.543840779869015,4.794153672717357,2.7168979856971873,0.19099704952782304,-0.44527549082363294,1.4324868030103062,4.747400832311655,7.186987651988829,8.014146260178904,8.825454135539076,9.59627213499948,6.445575955601271,5.49789453397716,9.289499326264604,13.247591414593217,13.122002788080295,12.554592919677134,12.664942138104152,10.1118140869346,8.961014600278531,9.772367055752966,9.031108973935034,4.575321136446746,5.200480882736656,5.540932282220979,-0.0880118774505263,-0.4171819408468309,2.896750333624823,4.386448372345399,3.6869923042086157,7.346059475713901,8.04780147403585,5.355458507212234,6.386530232407267,7.024873193114104,8.089523958235418,10.812421226217907,13.627651324055932,15.78155535687688,15.779933516261394,13.09715131016651,9.790458410742872,9.497547516363852,9.10751415495065,7.320243920295297,10.148609776688318,14.808303780614324,16.49536365338463,13.841250440167869,10.311224806127939,7.040040661209105,5.2143307670464765,6.2692013023643085,9.807421498673193,10.755795605094477,8.449757261101013,5.94501490949267,3.930760034812238,7.021232355225834,11.737104301292675,11.278613031136274,11.68541103307598,12.757403573819829,11.50323498591024,9.211028306618118,14.027425930703885,17.285958980262876,14.749844674648557,13.047166668680575,11.70395636094463,10.122403513278186,11.27928167806067,16.77392198918176,16.38955337838388,14.208475365642926,14.416135246041563,13.015666882096639,10.265451718148938,9.542033959472406,10.78354125745227,10.140197477238985,9.048419253285601,9.179912733368838,11.13198130495482,13.714451851580748,13.165189694366973,9.797132025176552,7.293209836540655,8.599231559246505,10.907281750229231,12.751179946344337,13.749461390594433,13.52804530477033,12.503193773997737,12.122234425129818,13.317601056574745,14.389463070923512,10.692248792913347,7.922181983335349,8.601107892349432,7.326066290397307,3.8569378846848394,3.298207141998887,8.232873768432455,13.22208655432064,8.353604794835974,7.229773865286575,10.36016486811991,6.32240238202462,8.404803309048248,9.723259602591611,8.253647727137832,10.399821690469366,12.193381257034616,13.184601909112416,13.478262304175246,13.202333140609767,14.400433183039354,17.58944647741646,17.751648696056236,13.587575471079617,13.565399819598497,11.437473087467197,8.15280053743777,9.545945370545951,14.338432863173011,14.145342024605043,11.782250918566888,10.702187366123894,8.136315217147853,10.82031385285427,11.065179223639461,4.500326608025034,0.5650456662956458,5.574480100891151,10.163292600715977,9.784138461289103,9.728966395393968,10.906179215525526,12.368771046438042,14.717586484768276,17.630617327775326,17.371791400959864,17.07368711051072,16.158065695750338,14.854303876132121,18.11193056389743,19.735880900700295,18.81978450606482,17.899651838427076,17.52406471643212,17.502284321103843,19.164566174809806,19.83683055359529,15.917627652986766,12.925683907483972,14.746545448886422,17.48731473361272,17.374599579364485,19.4516564457374,21.924520816585527,18.509235996222515,11.883696123853724,12.814599640104916,11.632242430044244,10.581042632436493,11.960409898603757,11.887257704575745,13.118085732685586,15.27120888279012,16.332006172625825,15.025112905308106,11.853849274189201,9.071961216204045,8.775417603996402,9.011419313170563,5.6131160488201886,2.835653685209536,4.065952437635133,7.870070421421929,9.796914466393446,7.855717763803796,5.50877649005929,6.146974903181672,9.243655206408903,9.678531058594217,2.451127205943635,0.29503725102904355,3.998664121622369,1.5570147198976656,5.563545255194072,4.61805943739887,-1.1731698533924373,-1.562390706702672,0.05619262888933463,0.44018580606666546,-0.5087625593566827,-0.9176293838661422,1.0198409918640436,4.958546124191116,6.071022627644425,2.977316386523057,-0.8317997829130945,-2.2931046316672337,-3.5015718009249213,0.985140250333302,6.214754408375484,0.39691973048661566,-1.961840347522866,3.881997082183716,7.737037826225105,3.6133033186453076,2.0007336533786884,2.9915634849041908,2.916369552783408,2.786758570859547,4.468218797275995,2.0431571568128675,2.592210107897472,6.449798084328677,9.420128858340604,11.056310924375111,8.394239920798782,6.947776688940962,6.4238964650816115,3.430269591504157,4.089031100133525,7.816138922055416,10.564293743514895,8.691896152737172,4.215304665892745,6.268308570587806,7.7135175336791235,6.183438056130285,5.237944031616053,5.489337934685636,7.288996423125354,8.146254590162698,9.005993675125637,11.544478380059786,11.820296725161825,8.999213310555206,7.608685890271545,7.3514642871707565,5.060912797619494,6.012228478931775,5.844865694830332,7.073095102346315,9.462834723243077,6.542330973536991,5.315598365929532,7.977019411232959,10.035429213699445,11.66964499003575,17.658580609655473,16.260335786726614,14.937720383621581,13.404641269491549,9.175235753309835,12.97671353405417,13.58498944786652,10.306006330092487,8.501003509141128,8.827728071883712,8.234697739466355,11.25966274869927,10.678104446517182,10.529724245294574,16.483128739595486,10.933180795230328,10.766440848446564,10.87325242186057,6.6116703637887895,5.832180075846736,4.985669130514907,8.195570903774069,10.46922940585091,9.411766147727121,10.623418780961856,13.754716984687548,12.843884688194521,8.931524816395495,9.931102779345792,15.434488855666814,10.047285241026202,8.035248837642712,10.360302535193796,9.069085216707208,6.708539904961867,11.914842114265525,8.716561707603319,8.16131032522594,12.024420903696637,7.930895973604493,8.895995652158945,6.856121841604363,5.272883074116862,6.950965809541685,7.354296703092359,7.142419390666873,7.156273257108637,8.919170019894068,10.90095388399709,10.647334861693594,9.584209863444812,8.926903445916196,6.775260691726999,7.406554990025256,10.897436493838995,7.479889088197069,4.648041564478717,7.953456048104954,9.92028941453691,7.505375966546126,8.979208682843819,9.60367383457276,6.393525447298316,5.698172347937657,6.8639709662426185,3.883090150429325,5.655596011535522,8.477306225415077,6.067255675799288,2.5481038869706936,4.477263194454508,6.352758471934521,4.080939340680516,4.632058595280114,7.8516127628525965,7.774245856529433,5.220123565218842,4.8458365816545665,5.8088906039015455,3.5791077399724145,0.6026889115223639,1.6606125143265444,0.5886664542041444,1.7169011662256253,4.264527182844404,4.882212384355398,5.519635455069647,9.17017576295234,6.731631069317245,4.704337280960544,5.458563713546823,6.09883214199408,6.742359107864331,7.542859566273819,5.730768989509102,5.509910767446172,5.540955861415341,2.142289525505589,0.6211880612731875,3.0345003099517953,2.1700320819059016,-0.12069041282461512,2.5229530570782117,6.660314386517484,3.2632208040386104,3.6141067823116373,2.414473850496961,0.397622492750088,0.9332665259985333,-1.344109764780228,-1.4418068559039057,-2.5699317412227174,-2.1473173750736123,2.3937399609991417,6.791375400143352,6.872468953320322,7.757906300010063,7.55477848713349,7.88372559050822,7.531707731254983,4.677407874934829,7.137874933156581,10.559014771663215,8.732850706472846,6.4592174977024115,6.322372860307951,5.667865367230775,10.361506631049224,10.818302033492728,11.357064513890236,11.889379367240053,11.07261932705319,12.971931816809047,12.088742449599522,10.936072221011727,9.402673339632997,8.654518600131496,9.861669212376682,9.38388278641105,4.837385672673236,5.296472130869006,7.217638085403678,3.466619653691623,-0.5291412256478907,2.8203946955925403,2.3749252244311947,2.9531932960030645,3.6215002017006555,3.0157880508784274,2.8417617743346,3.101695825507136,2.680249627564308,3.5796970395986136,2.0425460276773038,-0.423253905570391,2.400024370261235,9.430307488291874,10.44855895101341,4.392967880387232,0.9568493066439032,2.1943576644669065,1.630594558480425,-0.540454348783669,2.6078624577720575,0.521061707024387,-0.045586714967157604,0.5376987445000623,-0.7900347738433311,-1.2699769994434291,-0.11859060212066197,-0.8741030226731255,1.8656281244918773,0.8004223356176681,-1.486966509302306,0.8208345303079341,1.3393698542743095,-1.4922688563798374,-0.741703921755061,1.4915357247905376,0.8595154068302691,-0.3255434512162765,0.33433488365085395,-1.0027998319075095,-1.7465248277886758,1.1855969883596345,1.788739726047993,2.1899743488835384,2.8124531845681986,0.6249826386818995,4.892999694933451,1.145002797971415,0.3038380476759812,2.4158865856765033,1.4324977849377092,0.35183474167934037,1.44232408074663,-0.8147169831988776,-3.757063176602969,-2.8748249102130785,3.844854287648218,21.740115697081592,47.558279901202354,51.19992458645788,13.319223757686132,2.6214327255141825,4.423621874896753,3.17359863333229,4.661394107051365,4.812170920862172,6.402897874058112,7.955050120653709,7.083241822810578,3.32280167921715,2.161450258363061,3.9083189292690577,3.3928635518441297,1.8025718217262465,-1.035115291450893,-1.182832681904415,-0.21406925402300203,0.1689746533163543,0.9987199611482538,2.733796069703203,4.127632084027368,4.881776952974064,6.356287513415737,9.531276266390705,7.8247212882452,4.712461030324221,6.147567048218207,5.458110426272469,5.693047864543928,6.292265693060017,4.957002211605982,5.058416965740207,6.668169493602363,7.017769901708789,8.007611907103524,10.88678237270858,10.927804860686479,11.115054871863663,14.513534255693116,15.243053320435024,13.662861840964183,15.349371153788184,17.357140643191087,20.256597299144005,21.67706530168573,20.777712996601394,18.419793964313612,18.40108314497354,21.73529601956568,23.605274646935072,23.472850611615627,27.77196007120756,27.3295422071202,29.861266333722597,32.81259639571124,32.00735028524946,30.640009117147542,29.65682082501189,29.589906743291408,30.791392564972057,27.61718520373654,26.972016619128112,24.092342083190488,22.611586827015344,26.72671127011688,25.75814769194369,22.683613296930048,24.892016561351284,22.135056661871772,25.19885411407904,24.778767942711397,22.19875572684066,23.94909336844296,23.718479842587726,24.099603428653722,19.77969349120292,17.50975872311858,19.583042167438975,21.993895956071242,19.85843539933626,16.694262865977976,17.84209885608459,18.657982024536864,15.757714867005234,16.050188833675065,17.562579931772234,22.546916079129687,21.95688359357166,15.586437534325114,13.5058979524282,14.888305508244343,14.64070830060939,16.12095860359159,13.431108887344408,11.378471240394106,12.587250939406204,12.100170189605478,9.596180406241729,7.180135114860036,6.4657980141998905,8.86380708498757,7.054086770744334,11.412544515329614,13.764061666569091,9.077500364627895,5.369633970921768,8.404854568021506,11.14524657262939,8.231421392992843,5.346164615803673,2.831440692111755,1.2784200813189273,4.691847178433022,4.337269473276251,4.93451865445445,6.1001544924719155,5.3688270846937485,3.921792363782174,1.2128276981720774,1.403473735995476,2.230161140819405,1.1296378186760876,2.271439538519303,0.8886395539958585,0.6408855986387607,2.543049926493154,2.977070157201979,4.478265003760271,5.469587158799413,1.1556661132184445,3.8255424320507245,2.4462961155450103,-0.34671929282319525,-1.2752061582707483,2.3585091451006974,3.2563242935113976,0.10756348514314595,0.9732546941082774,3.674191508762192,2.7424100959166253,3.415634731526893,4.1613257454318955,1.3242624618447962,6.73500259744003,6.713788795059486,4.188223863889107,3.86569509798494,7.085974626487655,7.949637414625158,2.6743231487139383,9.003488591201972,9.262987698041911,5.545397157649745,5.029779548549527,4.174676875194336,4.6571975335901925,4.016021767901179,3.1884499620396127,4.817531610035303,4.110646941760024,2.5932299045510945,5.421512374525491,3.563737687226535,5.840870804015594,9.817833849411045,6.662941918531828,6.975722503619636,8.64226248921591,13.032900991977272,13.978242377615288,13.073294005426419,15.251135567352208,11.257345448004116,7.541602069380929,11.519769251183675,9.023176367547762,8.43210183594374,7.769767507462575,7.580878764984391,9.138411698788332,10.635446621533674,8.872667912507836,9.32794394604673,10.822281857656947,8.567251814894917,8.842721242932384,11.946562081309594,12.728342162638398,7.6955260740930385,10.093064922982933,8.93370079511135,6.829509483771858,5.4667236037317934,4.5617569715728905,3.2626024470486072,4.467405021627144,4.991606723797702,3.3484945942932995,3.8695619617959665,3.3679607556848623,1.4803288465082005,1.2147332113775064,1.8038500543713099,5.322518544032505,6.479855012268956,4.447743813423926,6.4996311538553755,6.853207179912545,4.677791026653097,4.849610323501793,4.626850239916564,2.0864210463319637,0.20812561690354414,1.7077895663636582,3.154967736678941,0.3773324748183313,1.5724898942855816,3.304470631397578,4.794653798034972,3.5830522088346015,3.3586650153739583,2.70718900897225,2.058680996644739,2.472836186562745,1.2494924032951644,1.1995956225646296,0.6602452595980708,-1.327968179400159,-0.9835179749528606,1.1882399873488794,0.9816116583513121,-2.0129850693763274,-2.027855790097931,1.5135212035215773,2.055241405527113,-0.35264281013837717,-1.7704613551342732,0.4039044184030445,0.6406021605140495,0.8182877816302039,3.8138471085912897,-0.5879361643725929,-4.187636390432203,-0.6262762037523544,-0.502600452772981,-0.8086583326742129,0.5499927535140614,1.0026727932454946,1.3046904885054573,1.189351267184179,0.43167795599958936,-0.29062729390585673,2.2304720980985167,3.1874821425882374,1.840840755997931,-0.3217500596896343,0.7950775290496495,1.7291078711434125,1.6199623942144967,1.8033377924281808,2.9303602854532755,2.0647535688750622,3.98078181672696,5.287364758285662,3.4384839806092486,3.0389384131128168,2.8645776667539167,2.6927769275022797,3.6257707140103435,2.860947084246959,4.481405403525514,7.3355035401270925,6.566032507942509,4.76942638614014,6.261570501582241,8.326031588954038,7.051612573190141,7.3701026071687465,7.321597023372419,8.753655016883044,7.447672941247788,4.804278452382675,8.70816828565529,11.381441039755373,9.639028915212236,8.587488950973466,9.850039819740061,11.725039716323522,10.10334462982803,9.57292241396351,10.08163371093326,12.519324289633005,12.200063764310755,12.69335262618813,12.43157466796498,12.270269151287096,12.566072727455207,11.732932832462097,10.66566112420901,14.958500460350592,17.254307133928705,14.50752041479143,15.82363985907466,17.996975828022073,14.60973993254413,12.65759413229182,14.675749707191756,12.113326583520575,11.949960798105053,13.89926544792371,13.362596575583893,15.187201167750914,17.182208419752214,18.01557169178909,17.682665721545106,17.81768790803693,16.621057026546566,16.034065314727513,15.5735343539871,14.789273624279247,17.000652815782473,14.366700784279203,17.359616072205426,23.102016927905197,21.30633309618281,18.204797919843998,18.99869778684257,17.080235233402334,19.25356768298684,16.832585958458026,16.857619387008413,18.37033838600962,17.476010319883812,19.51079671211312,17.776158852250433,17.652688158847297,18.764504546276783,20.820259855049187,21.901315230865578,20.816721387791176,18.76139110757225,18.92016428950177,21.110294728217923,18.819963281420712,19.614222475077383,18.515459378940136,17.95270582985478,17.052928824839796,14.196572569549403,15.848918431532582,18.25329201297768,15.887026120244116,17.906650953111694,17.621160942970505,15.422281884842107,17.85173170811646,18.58608397768984,14.602264477191397,18.84170518828273,18.137651817945766,16.71034159719494,19.717845636639254,19.11931980163439,17.582627702548677,16.252864924537107,16.28083208160126,15.959143348003124,14.05013783242157,14.329672334730333,15.810906937289474,15.432812057069896,14.98845198893639,13.547104084081695,17.25912939993168,18.04261835209229,14.61091719861605,12.698793733137393,13.07549915148013,16.894896416698316,15.890986344452074,12.575355951537063,15.499171964478478,14.802528074922293,13.497739324987549,13.127667372244048,9.282779946362325,8.473373786512013,6.62850691061584,6.853078774415394,6.954258678614281,7.082660062826733,4.459269206397494,3.2866390632178764,3.099475461564566,4.349201430347364,2.8711203037628366,3.1412210162438328,3.1293581819078327,5.594112907390979,5.443846259831048,3.6984604950013704,4.252857324290801,3.6331941927574576,3.7379425732992217,3.3010533118222725,3.1257212652044473,2.8577923274056047,-1.0662079885457842,-0.27664898665062765,-0.037800548263078326,0.32448571143129357,-0.6751568293869923,-1.704345801548527,-2.5888952768313516,0.05630452843195144,-0.09586072788749789,0.475242409185455,-0.521030953227978,1.510569019859929,4.882887653674629,2.3046136282438283,2.5205374302286714,1.9311805170005414,1.7437047188772112,0.8158759211052597,2.2835054888577133,1.188593670563705,2.9518636308329746,3.7865799193222642,0.8477792514393627,1.1455699854185468,1.8191192326066243,1.958918452684145,1.5651268921697579,1.234369666143266,0.5659572800472006,3.017415447918154,2.6581777861814544,2.5049432345209084,1.8206873222713398,0.8492508067886888,2.3207108356260164,7.531550721411122,20.683130253685192,13.7057513399281,0.9906818368847894,-0.01279785325937155,0.1952822698785326,0.5344785150207372,-0.060180416529419745,1.1269432539430682,1.1087901470329484,0.23637450110942382,-0.07813232977480311,-0.007794610907637889,1.3591019979643875,1.0954657619175805,2.0839887456650104,-0.07663367765820794,1.9885387738718237,2.8911414767896986,-0.7319523541143553,-1.1982765314454582,-0.033090775777452563,3.198409545488005,0.8617850077822027,-0.688024250491992,0.5199496549211062,2.3292400134671993,1.4084227872064048,2.824419652540371,2.980486373544295,2.5416276994292843,4.346828794248665,2.020627546408491,0.44424475924131457,1.5856625086262852,1.141714144377545,1.905149605789802,1.7126335129082122,1.4401674534660742,2.4772721310428096,0.4343543356695818,2.7992925334789334,3.591184629589293,2.415401442549637,0.18154316811813942,2.5470735300445426,0.5859296225960406,0.9257592228320277,0.7162437406258277,1.632333047961822,2.90897450379407,2.1431148155618303,4.210203817776119,3.257846892354621,1.9001101818356574,3.4574804014104643,4.024827621180577,3.971771321359199,1.7970809703019768,2.682448002468277,3.591332471437738,4.2472344457478926,4.47140143753802,4.9982885420359935,4.602358952251393,4.440826826208962,5.349372658572463,5.5121567245323035,6.825008686216506,4.728984705318993,3.8245488303683715,4.9873874153153395,2.195282989272755,1.7620313765602589,2.246133382164146,3.635090489360124,1.7637855486072453,2.615569064433714,2.4578337233875516,0.9048347434287223,3.499812692436876,3.5127536532769454,2.4109395014105814,2.7282716340711204,2.525064171265001,0.018369241421481775,1.0841437497602442,0.8859422559141308,-0.13358227815629675,1.2721628402510987,2.255655415365794,3.0010503702943367,1.832425498281168,2.2021694496919793,2.778918250243777,4.268554409538069,2.5625833282297776,2.8632399605873786,1.9781514606755763,2.790124749946159,2.7433526604339704,3.4933314560989572,4.545959958597081,3.8211075875168206,4.202907223866276,3.9828094817771102,4.229028471106005,3.1753052471786702,5.274771311558538,2.742886949841079,1.6192238586211545,0.8950593928221906,0.14231344564049664,1.928679136196081,-0.31988932222387234,1.5000065488076757,2.261909996184528,1.9484491998077544,2.8410344620201613,4.270453331725861,5.287112824702092,3.376935887102661,3.3922084617607027,2.2849475991282873,1.0923293121944084,1.475384976273574,0.9113537431895224,2.56917078421975,0.7426491091939056,1.7510683899697028,2.092693819843305,2.7134832880976205,3.156242008925858,3.318770652711976,1.630470526364121,3.032385060968039,1.2818722218281096,2.9388561993303597,1.5333538291109505,0.6694478150302245,0.538851933198714,0.30639390645433195,-1.2615055786722564,0.14458866007745996,1.5330226092968076,0.5940880419014434,0.4893290189110928,0.763269888616378,0.9121408829923325,1.3152135395229436,0.9980605740093722,0.9058865287391598,0.6937347133811897,0.6409006663517403,1.8014143537639313,1.270031385648707,2.0780306293955277,2.0579603566406206,1.2571971224282663,1.7786287506157805,2.8728480174660547,1.2667201043867635,1.9300145685866141,1.094036485133529,2.1191495739844584,0.09725431092726922,1.9417689041705444,1.0745649213382933,2.1509884673228044,0.8455505786224933,1.6041548989024932,0.8203978583666753,0.6224948674282302,0.7998551021168794,0.6902427787519514,-0.10556221926250942,1.0609494146409304,0.6373297801424087,0.7119542350850168,1.1514573509226125,2.1927739208823596,0.27243884277211805,2.3248353058645534,-0.14390670163996333,1.382306565233364,-0.3415076047237733,1.718049286705849,-0.1057246411008066,0.6355503465376273,0.18941884933590813,-1.033610729358685,2.420182885484195,-0.3248602778511156,1.8745815004954807,3.0279830588445122,0.42721345723794,-0.3591709250101758,0.9069876891227011,-1.1516889183301657,1.6615328824422306,1.8023702909401038,1.7760703698073144,0.39934240379426456,1.2775765303177877,2.807605717954715,2.500413808500241,1.231562610059484,1.3333321255205135,1.533380347407899,1.0971764142097982,2.4983115644943723,1.0829050032836705,1.7682579367453855,1.389830947619913,0.909434844653731,1.9227685422391687,1.278498698297625,1.4807635802314962,0.3892082245660333,0.9434717214100203,1.6941321478303735,2.198313507054607,1.6953524624868805,0.4142781456881721,1.0378701290358663,2.2956379849835287,1.5536115679398392,2.016550361147978,2.2335130088963524,1.9560497140723498,1.8405947945907712,0.3091997433669462,1.0858415284365037,0.48671357861417164,1.0702196023142676,0.883921889650864,0.09934502605986495,0.7312523391512542,1.0014612847840283,2.2525549317273033,2.744535682197892,3.5243090945046163,1.4749163167606127,1.0957998170114678,0.4425542595608647,3.1336785570428276,1.7481360553749568,2.442061112790398,1.3731748267712192,-0.5897500084886929,1.80523797482455,1.1408683829522772,1.4525302485455143,1.132195131770132,0.35688388601545284,0.6939675932481464,2.1374301537504437,0.1477547270209243,-0.3023458217511177,1.4930338016957165,1.5339074146314857,0.0572042734018936,0.000888026860110358,2.2590075232171642,-0.18522365551808662,1.2277704566257057,2.596294465974637,1.3996114132066566,1.0712306003664196,0.23622002742806103,0.42801092952768727,2.707965731558346,0.0375780411979747,2.986228463394184,1.198431876680445,1.9459687911432297,1.4052216478069397,1.6931625978842533,1.1343671066554748,1.284916817740907,0.8007162593710007,1.256187897690836,1.6363376148677844,1.329300745087096,2.2721626542127353,1.752586883284124,2.7776505034484273,0.8086006376448722,1.4851356691336832,1.3122493104711452,1.2679881042157035,0.38425435769693195,1.383372309551163,1.3693723977823424,1.5768162330922735,3.0498966369015648,2.1933027939453495,1.509952038558879,2.1933971668996435,1.3862188392666326,1.4889091787478321,1.765073573129655,1.1400985723427937,2.119135869634931,1.5433126912164425,1.132784371696573,1.4408970093220574,1.314438361522349,1.7242423673206417,1.6668538938665733,1.9187477506314963,1.1261037805968073,2.124943858990008,0.9791263573150388,2.324530918956299,1.8874225263972448,2.5789032709768946,1.7703640567567902,1.5663116798104681,0.6542720157668285,2.045180817803214,3.1679959294314983,-0.39742703061841667,1.2596464510097292,1.3715566898755185,1.5408869480835108,1.3089257949187072,1.519390844795936,2.0371253746945683,1.8039721739614265,0.5891282593833083,0.44544372662692666,0.7004077420849057,0.41182940441240135,1.323884777135902,2.5222072495424754,1.8672408695463787,0.67657893845643,1.2952346148026095,1.5463360712440704,0.1464935591686185,2.4844172424690782,1.5630483800082402,0.7981354468063842,0.7742576331609143,0.9172263493603126,0.17379561625534734,2.0433354823588203,1.9073723508743115,0.8926754931814571,2.1049911932921646,-0.053555264694018945,0.8516853017102335,0.9597540846814354,2.2520498267255675,0.9579951611895581,1.902219710571046,2.820989354106757,1.05756822441532,1.8209809752388608,2.3046881897187177,1.8595942691424625,1.9967939666039953,2.267176771112645,1.605829207105728,1.2955777456427882,1.671151468196463,0.09217022633998795,1.0670345272853794,1.0700071431975857,0.18521020609074412,1.012032159435357,1.1582919091379722,1.2597280291888069,0.13828579537602081,1.047722643891916,1.2154059214164477,1.0338945202481113,1.129637744592003,1.5501548941406327,1.2679987249587725,2.4707944699316045,2.071406035193206,1.2538610202278164,1.917469257564676,1.7011072573253614,2.090559907220218,2.150057359419179,1.0345354286182555,0.27983486587476136,1.5023055045836031,1.9653041386815744,1.9186986423435997,1.0596375770031727,2.162757257780868,1.1268394016456114,1.8847689028453942,1.585899353979471,1.6071194069727426,0.6696092421719868,2.6979561668096608,0.7650971831200835,1.1682884815500643,0.7763804143178348,3.668252818863607,1.9666468441499134,1.5787995796866312,1.5765902523035606,1.4304040955010464,2.4918670298473558,2.3519236805262196,1.8259561371579593,1.7163572099809699,1.7257194167747798,1.7613927941130214,1.7979498012120985,1.3667864516180543,0.8778786724655561,2.1179532002554993,1.7175706070406704,1.2409345941430274,1.223272250697562,0.9427476297586317,1.5511914253588088,1.5484013850827978,0.8581787024706387,1.439534071983818,0.13750639206097048,1.3922443567624327,0.24189240445440774,0.6240947274673125,0.9932553663790031,1.0892568912768716,0.25899547531508915,1.024839442243941,0.388258270943993,0.539972283856855,1.9312474951888667,1.078506801794731,0.8439065499827088,0.8292403530877515,0.9089724859041439,0.8341044633000365,0.7657710710626624,0.5117840287807134,0.06575934653108106,0.31020420330503384,0.7259095392180939,0.5477556188341168,0.33906043930181795,0.12580750085589898,0.768941207324815,0.6933707937062081,-0.09059304686183722,1.1274640691868854,-0.26159786030286014,1.2828021953973803,1.849805138328918,0.3753973690838883,0.49689338086164625,0.8060296263925579,1.7537744575697047,0.3017639465869024,0.7431636075697234,0.6423429192184926,1.346119100858573,1.2155629239139216,1.1856795802503939,1.3527137642005869,0.3646068288726383,0.9085951886366388,1.3391782524076348,-0.03497443470797634,1.684810505763437,0.7552924308665183,0.07734979186028568,-0.2742193577911394,0.8371830306929837,0.5604486754550635,0.8817418549621152,1.0196448519394608,1.025987045691238,0.45163164147459156,1.245316574101082,1.654177751102564,-0.5305349316668071,1.9171120559729502,0.6456963896253551,0.607793546651747,1.1324208954105188,-0.2037111946909267,0.2448989219784039,1.093293596450053,1.1465290407632551,0.9872101476062767,0.4034766300118804,0.5492279518401801,0.8733416783882717,0.780657501121766,1.316142206178995,0.9256709717862446,0.36008195643296403,0.7420870816326328,0.1651108946335853,1.1181667432925337,0.9183214333810401,0.621662960123615,-0.2705761197672132,-0.012112881447364998,0.23810298810326458,0.25067781476678874,0.14418790946501758,0.8265533919752688,-0.028462240925705373,0.6166272260920778,0.13429306949234565,0.08001088334901851,-0.3600283815154057,-0.19422816551917776,0.9582128194459738,-0.32634652870234504,0.08834524655122777,0.5032433406699397,0.6002939223383805,0.023729105400036588,0.6864672382249069,0.6539992986456582,1.0618588060169714,1.3402693464341837,-0.13658827139670393,0.7238332501281093,0.3611637452233367,0.6965326476566247,1.263930988379684,1.2395807162400843,0.36152082288180054,0.5919007793232254,1.6205998177937886,0.17673508740693933,1.2002866886196557,0.8610387432168523,1.403903808252382,1.3037605183117194,0.9205715198113467,0.7188592271687639,1.2717828188229987,1.30479651393739,0.8807376747603826,0.5719631100872675,1.1415739406637613,0.6736331822491479,0.5279605723824279,2.0851134292496454,0.5148917626861476,0.49553348436751143,0.8597163806276171,1.0126479810325577,1.1056638114521888,1.3998748397044647,0.935700242132441,0.912373485328601,-0.3045450580205511,0.31723863529441587,1.4944793824099047,0.16815796666321603,0.5973626269239958,0.6552543849287531,0.6885402308147377,0.7190894045626237,0.7485379230022327,0.7770130182857429,0.8045369435367888,0.8311251984574142,0.8567927254587744,0.8815543838393864,0.9054249472185916,0.9284191010600011,0.9505514402851531,0.9718364669734001,0.9922885881490515,1.0119221136526448,1.0307512540960033,1.0487901188985234,1.06605271440435,1.0825529420787916,1.0983045967814746,1.1133213651166898,1.1276168238583182,1.141204438448142,1.1540975615662887,1.1663094317723335,1.1778531722157481,1.1887417894153032,1.1989881721040092,1.2086050901412477,1.2176051934870884,1.2260010112411237,1.2338049507426376,1.2410292967310284,1.247686210565064,1.2537877295008002,1.2593457660254899,1.2643721072475387,1.2688784143409748,1.272876222042612,1.2763769382015084,1.2793918433788463,1.2819320904981168,1.2840087045436235,1.2856325823066186,1.2868144921773705,1.2875650739829325,1.2878948388687377,1.2878141692240774,1.2873333186487343,1.2864624119611676,1.285211445246432,1.2835902859435464,1.281608672970151,1.2792762168850231,1.2766024000857783,1.2735965770423832,1.2702679745643763,1.2666256921018544,1.2626787020780057,1.25843585025342,1.253905856120923,1.2490973133298553,1.2440186901390007,1.238678329897425,1.2330844515521449,1.2272451501825117,1.2211683975589267,1.2148620427276455,1.2083338126176955,1.2015913126722921,1.194642027501061,1.1874933215544843,1.1801524398186984,1.1726265085305272,1.1649225359115576,1.1570474129208037,1.1490079140247076,1.14081069798533,1.1324623086637757,1.1239691758401023,1.1153376160482935,1.1065738334255002,1.097683920574923,1.0886738594425083,1.0795495222059799,1.0703166721750677,1.0609809647052657,1.05154794812006,1.0420230646448658,1.0324116513505146,1.022718941105154,1.0129500635361524,1.003110045998426,0.9932038145520892,0.9832361949460733,0.9732119136090205,0.963135598645863,0.9530117808401997,0.9428448946617323,0.9326392792789306,0.9223991795760185,0.9121287471731421,0.9018320414506888,0.8915130305760499,0.8811755925335092,0.8708235161558378,0.8604605021583893,0.8500901641742757,0.8397160297902246,0.8293415415841423,0.8189700581624493,0.8086048551971317,0.7982491264632472,0.7879059848755219,0.7775784635239802,0.7672695167079837,0.7569820209690761,0.7467187761220089,0.736482506283096,0.7262758608969193,0.7161014157597378,0.7059616740399974,0.6958590672962828,0.6857959564910061,0.6757746330004011,0.6657973196214471,0.655866171573166,0.6459832774951337,0.6361506604399665,0.6263702788622254,0.6166440276012395,0.6069737388594945,0.5973611831748826,0.5878080703879505,0.5783160506029503,0.568886715143492,0.559521597501373,0.550222174279952,0.5409898661300758,0.5318260386806628,0.5227320034614991,0.5137090188200659,0.504758290830182,0.4958809741950745,0.48707817314181057,0.4783509423093051,0.46970028762888205,0.4611271671965369,0.4526324921380933,0.4442171274666862,0.4358818929322297,0.42762756386281353,0.41945487199853915,0.41136450631648813,0.40335711384824435,0.3954333004887758,0.3875936317972446,0.3798386337894044,0.37216879372175526,0.36458456086688784,0.35708634727996014,0.34967452855789816,0.3423494445887627,0.3351114002932718,0.32796066635717125,0.32089747995479456,0.3139220454646079,0.3070345351753758,0.3002350899833459,0.29352382008175937,0.28690080564024356,0.28036609747630337,0.2739197177174333,0.26756166045453256,0.2612918923867369,0.25511035345726896,0.2490169574796255,0.24301159275688633,0.237094122689939,0.23126438637837055,0.22552219921249161,0.21986735345609532,0.21429961882074622,0.20881874303120185,0.20342445238242135,0.198116452287195,0.1928944278159861,0.18775804422756437,0.1827069474913401,0.17774076480088752,0.1728591050791124,0.16806155947483603,0.16334770185079606,0.15871708926363226,0.15416926243511853,0.14970374621515248,0.14532005003661652,0.14101766836233764,0.13679608112289543,0.13265475414732464,0.12859313958512075,0.12461067632034428,0.12070679037776699,0.11688089532094637,0.11313239264268304,0.10946067214780442,0.10586511232753537,0.10234508072716153,0.09889993430556387,0.09552901978713635,0.09223167400631382,0.08900722424471041,0.08585498856075446,0.0827742761118202,0.0797643874698224,0.07682461492908033,0.07395424280775842,0.07115254774140567,0.06841879897029912,0.06575225861945455,0.06315218197210015,0.06061781773661323,0.058148408306180954,0.055743190011980914,0.0534013933706774,0.0511222433243006,0.048904959475009946,0.0467487563122404,0.04465284343507392,0.04261642576796021,0.040638703769502627,0.03871887363715132,0.0368561275043362,0.0350496536327114,0.03329863659854482,0.03160225747308232,0.029959693997454906,0.028370120752754246,0.026832709324139614,0.02534662845960156,0.023911044224178113,0.022525120147690814,0.021188017369411227,0.019898894775678855,0.01865690913433582,0.01746121522296562,0.016310965953664436,0.01520531249235546,0.014143404373612611,0.013124389611562037,0.012147414806065626,0.011211625244470724,0.010316164999323973,0.009460177021935579,0.008642803232021379,0.007863184603309037,0.007120461245278875,0.006413772481096203,0.0057422569219625075,0.005105052537658139,0.004501296723674386,0.003930126364991793,0.003390677896334182,0.0028820873595805097,0.00240349045725452,0.0019540226037406683,0.0015328189730325903,0.0011389953941147724,0.0007716525213368186,0.00042987973313302064,0.0001127587681253317,-0.00018063289059000454,-0.0004512188762646474,-0.0006999210337994555,-0.0009276567408846859,-0.00113533644605468,-0.0013238614140504978,-0.0014941216697366144,-0.001646994131590418,-0.0017833409265222144,-0.0019040078760212964,-0.0020098231464658056,-0.002101596054444599,-0.0021801160194172553,-0.002246151655072026,-0.0023004499918215515,-0.0023437358231603866,-0.0023767111681536335,-0.002400054842951249,-0.0024144221342226047,-0.002420444567917457,-0.0024187297670437147,-0.0024098613924934398,-0.0023943991592432212,-0.0023728789248593785,-0.002345812842236228,-0.00231368957253153,-0.0022769745534674257,-0.002236110316914619,-0.0021915168534292206,-0.002143592014931528,-0.002092711958198379,-0.002039231618141457,-0.0019834852116673574,-0.0019257867673445617,-0.001866430677353037,-0.0018056922684195342,-0.0017438283900332863,-0.0016810780149398852,-0.0016176628521975545,-0.0015537879679641264,-0.0014896424135599773,-0.0014253998577942184,-0.0013612192221899022,-0.0012972453166639752,-0.0012336094749230142,-0.0011704301881536594,-0.001107813734734009,-0.0010458548056249128,-0.0009846371245885166,-0.0009242340611876898,-0.0008647092370210885,-0.0008061171240001386,-0.0007485036330763251,-0.0006919066947830288,-0.0006363568294318611,-0.0005818777074750869,-0.000528486699295172,-0.0004761954147056713,-0.0004250102315950244,-0.0003749328132585106,-0.0003259606154415451,-0.0002780873820142915,-0.00023130362961865103,-0.000185597121912906,-0.00014095559953375414,-9.736678458693859e-05,-5.4818385308408324e-05,-1.3298100043357408e-05,2.7206378149458033e-05,6.670735757552393e-05,0.00010521714358446843,0.0001427480349320831,0.0001793123198012836,0.0002149222717093835,0.0002495901463817063,0.0002833281779999197,0.0003161485757345872,0.0003480635203914062,0.00037908516094375955,0.00040922561180423145,0.0004384969490729418,0.00046691120820696597,0.0004944803804960429,0.0005212164106183081,0.0005471311937981227,0.0005722365732481194,0.0005965443375544055,0.0006200662182322958,0.000642813886940985,0.0006647989534371845,0.0006860329633582296,0.0007065273960620289,0.0007262936619554239,0.0007453431010731038,0.0007636869804628077,0.000781336492536866,0.000798302753310054,0.0008145968006942894,0.0008302295931343906,0.0008452120072206526,0.0008595548363814487,0.0008732687895758318,0.0008863644896450751,0.0008988524717779001,0.0009107431826009815,0.0009220469786441754,0.0009327741257152411,0.0009429347970808521,0.0009525390727844751,0.0009615969385095013,0.0009701182847265954,0.0009781129054999838,0.0009855904980895502,0.0009925606617002813,0.0009990328971412055,0.0010050166056316812,0.0010105210887445537,0.001015555547041913,0.0010201290805298413,0.0010242506872941703,0.0010279292636710124,0.0010311736033941088,0.0010339923977653598,0.0010363942344611132,0.001038387598157442,0.0010399808699048663,0.0010411823267872933,0.0010420001418083302,0.0010424423839481278,0.0010425170181633803,0.0010422319051031081,0.001041594801336032,0.0010406133592937294,0.0010392951272706341,0.0010376475495377235,0.0010356779662856752,0.0010333936141933009,0.001030801626086486,0.0010279090314497807,0.0010247227568811468,0.001021249625978271,0.00101749636007753,0.0010134695783676761,0.0010091757981740557,0.0010046214352996685,0.000999812804764133,0.000994756121087903,0.0009894574985764848,0.0009839229521730886,0.0009781583975723152,0.0009721696519022771,0.0009659624342930329,0.0009595423666723946,0.0009529149742775189,0.000946085686450715,0.0009390598370941916,0.0009318426656932388,0.0009244393178278187,0.0009168548458546866,0.000909094209646355,0.0009011622776142758,0.0008930638269362134,0.0008848035444657398,0.0008763860279259461,0.0008678157861936597,0.0008590972406636865,0.0008502347257604015,0.0008412324901883039,0.0008320946972730781,0.0008228254262121482,0.0008134286730978602,0.0008039083514859158,0.000794268293816458,0.0007845122519825054,0.0007746438986373505,0.0007646668279903679,0.0007545845567165088,0.0007444005248657959,0.0007341180970001915,0.0007237405632736227,0.0007132711405120062,0.0007027129730090564,0.0006920691338905272,0.000681342625682646,0.0006705363816195131,0.0006596532668936561,0.0006486960796223684,0.0006376675521551078,0.0006265703516987742,0.0006154070820798552,0.0006041802843697042,0.0005928924381350953,0.000581545962461405,0.000570143217032637,0.0005586865034956645,0.000547178066028664,0.0005356200931032618,0.0005240147185645583,0.0005123640226543102,0.0005006700332614855,0.0004889347268886013,0.0004771600300728096,0.00046534782040907885,0.00045349992740284506,0.0004416181342890013,0.0004297041788277056,0.0004177597546117795,0.000405786512146733,0.0003937860604992238,0.000381759968206552,0.0003697097643566849,0.0003576369398388124,0.0003455429485370587,0.00033342920869472437,0.00032129710376693765,0.00030914798401227017,0.0002969831673453882,0.00028480394087182503,0.0002726115620816927,0.00026040725970233325,0.00024819223546046487,0.00023596766482114617,0.0002237346983520183,0.00021149446314439047,0.00019924806355220426,0.00018699658301102318,0.00017474108528858778,0.000162482615337467,0.00015022220077298698,0.00013796085283956927,0.00012569956766128598,0.00011343932760610187,0.0001011811024227427,8.892585037756362e-05,7.66745195051044e-05,6.442804868811436e-05,5.218736930601153e-05,3.9952774613993824e-05,2.7724041387955367e-05,1.550055094412528e-05,3.2814098176459083e-06,-8.93442870619765e-06,-2.1148043913399306e-05,-3.336042635737613e-05,-4.557235757829403e-05
18.064237781102406,16.30378842340349,16.584566507327622,16.11021239490043,12.78620805140963,10.171567766668318,7.776720567494522,5.795657695970647,5.253363268851217,3.1312112041843534,0.47811029507226976,-0.21477023631649672,0.27899879414138695,-0.6413912934399946,-1.4279454959089435,1.3490514068478205,0.7634632930875114,-2.21823745125846,-2.105164454105875,1.1778801679619164,1.954223049645293,0.30051712387319185,1.9063912023701732,1.088305121497683,-0.9327404573987224,0.006210584603991265,0.8431480146213062,-0.3515531469462303,-1.6817733351067545,0.07423305410134162,0.7876423366961944,0.666361778303667,2.460534893910335,5.163102983428644,4.8022854210306605,2.6249900294214967,4.061351690140214,4.841431780040125,4.624795664369458,5.044030685171947,4.101474698573725,2.0809591969232315,0.5127752233584033,0.3887004293278551,0.3386349735969816,-0.16346584815835286,-0.41305595381322746,0.7117707555075867,2.7566305226196164,4.064380730099515,3.6960181332980255,4.272719745190443,6.14668027555615,7.676624768621423,7.475000798475776,7.822834273108356,8.803030235821325,8.91798757653919,9.596556941602785,10.817881054303825,11.416021111872737,10.570191038345001,9.875497170841413,9.858685414464276,9.67473555004699,8.630420806148436,8.647442643072964,9.507303904176524,8.731008521195918,7.664388576700276,7.615250377813709,8.417522512096866,8.785687004803549,9.615194277716455,10.840312233425038,11.370344434092658,11.027984471133323,8.206908685644976,4.206859210458447,3.5054338030266763,5.089812319647535,6.117218211387922,5.676209869552622,6.101866069818243,5.005449102271541,2.9080106858757517,3.3105825077989266,5.300499675345463,5.6381926678868695,3.590622196462732,2.651555048919363,4.995055505603204,6.721151937173545,4.851869285097109,4.392080939819152,3.4425460370669043,1.9893992499219166,2.0060185595552866,-0.25547069320828086,-1.5044301845520067,-0.11055841696793323,0.028323793879280856,1.2762985823222834,1.8241082361109875,-0.013542682290221819,0.17656094935932742,2.43318370377915,2.9659885735327407,0.8070260031776115,3.817691843798002,4.355719756400049,1.5283547389713021,4.62960893205161,4.975955260846263,4.114334937599324,5.629347368366098,5.040222895424222,1.9252122942102687,1.326127847857606,4.954093170415717,4.8013596730085055,6.21344975572606,9.993649010397462,10.961111548132067,10.90605981661156,9.48346126115689,8.074661631013896,9.250092641144875,8.495651507639764,6.902642236423162,6.723256655729529,6.443694692591407,5.378646812653187,3.1232593801588564,0.30569824101883114,-0.851205543838887,0.7542242707879723,3.21286913437973,4.502634346775835,6.658248616997753,10.226403094428747,11.98761394622079,9.966597977042056,11.216146964673953,12.210926690238693,10.798648688243475,11.131954912727451,12.446249909740345,12.794991311355261,11.762763434707836,10.817083887747003,10.387444199801848,10.047377787243363,9.288141637073068,8.681436067492541,10.906321307733037,11.674022246225945,8.159812973739577,7.340724226140196,7.6860344584690665,8.194379301851313,9.489881900059117,10.334726100863918,10.488775467112305,7.692788524271577,2.9748152294008605,6.044484360124102,9.747349689552493,9.70563674963023,10.176335722566591,13.286736112976087,15.085757267213921,13.8689602693687,12.543843171515391,13.22035625211447,14.308009082116996,14.134217625282758,13.232756277851536,13.367744702329219,13.815813444977266,13.529067789501823,12.405351384120763,10.188087578833006,8.36813500653966,8.528636437583373,9.82091007502413,8.011507644059293,7.177770903418946,9.614875283339643,10.600478406436878,8.357366328370063,9.14256476740718,12.17586716076653,8.938418570472663,6.915085985494898,6.042334622054568,4.743628516582476,5.329393991901611,6.693491955065383,7.605026920812975,7.147250683752986,5.839327363928987,7.624919878377909,10.158322884423114,11.071735550333187,11.546672434794687,11.262510758851931,9.87073352247603,7.872004728292836,6.985432216074287,9.33942479620373,11.852429643021196,12.218405692237184,11.48671840916279,10.29474473258108,8.179091409634566,6.926181052522679,8.852281646941947,11.071512048470936,10.638603020428832,9.254768593983385,9.886053279410817,10.055385427135889,10.940538590383994,13.994798012154888,16.984924403894183,14.753360671317637,12.353668627117031,12.487357827398682,13.260477608526571,12.821434456566294,10.721160387005057,10.035122265998552,12.0594279774308,12.459874343079264,9.3943834436227,7.674928848127138,9.211688752626742,8.46769703097516,4.874431460075812,2.290737134125493,3.7995797536275404,7.670875473604838,8.17655422927919,7.503462180972292,8.012150726037817,9.314025003670736,12.090435640913824,11.27956827090702,8.672878802122113,9.368523675229994,10.707334244864455,12.877369932712782,14.758217410041198,16.28878823225432,19.24771415862233,17.127980788286777,15.159815447961591,17.89937148593799,19.606230910306863,17.87884112672168,15.519016720838636,15.042254572460138,16.182922079800505,17.456024785285308,15.151529991954476,14.869156675214413,20.0100749320369,18.956959720134705,17.79194688683799,17.66742184862437,15.563282891214499,12.609695088274407,10.87365057042291,10.696310129184667,12.146067355437708,14.225885082929608,12.941776688613686,12.323130591698487,13.465618096902404,13.397465428974783,11.632126958290655,9.180309133447281,7.339582474204462,7.289047344009077,8.298074368444532,5.596055416845502,5.044339536551661,8.075869453578662,8.497122545758089,6.267529484896727,5.913902905589339,8.608806768802992,10.691613526145147,8.869187444124236,8.278994747430943,7.97653055899309,5.411454212902072,2.3974989526270747,2.445785175804758,1.8552138020407938,1.9812650962057887,4.504675485305484,2.927226120093792,-0.3168071819548004,-1.9067353218695189,-1.683120947101429,-0.42113917607844087,3.869066184106714,3.4306513940765626,0.5727513314531052,0.5831992612623935,-2.8026618431194947,-3.06915459398067,-1.314282353349654,0.1047655927809501,1.5703149229393603,-1.7685240268540383,0.26561819973403544,4.657074368205713,3.644205537814514,4.212869860699584,5.544970046455319,5.912313168544415,4.422215999839864,2.483691499326369,4.456924058767527,6.181895184838822,5.7756855478984335,5.987333207927804,8.43306314733968,8.330601214657918,8.583707571349123,8.996654241133456,7.127496569047025,7.015978453585831,6.824279603933974,6.037149828459178,5.22033190544505,4.5499195719601175,4.589213074289773,2.447593746696384,1.0650088707709529,2.579220424750929,2.0786128389668193,0.7878617897337108,5.788881515035996,11.00892308813468,8.256645694808867,7.256234763695147,7.311342671203533,7.980503880620404,9.265306323316963,9.742837620895216,8.341075581707514,5.0395717468538805,2.9347591475457193,4.300804686037054,6.894479951575477,6.866354931452179,8.125910056323846,11.028608956930157,12.828718162357404,13.282090012893946,12.358625858925052,11.763821425751757,12.397079894219132,12.741238327383371,10.744647685311747,8.723211364885174,8.904452782269573,10.480677196153465,11.414940927905263,11.796275813325337,11.99709877718874,11.18242810370532,10.888069451593879,12.882432341799358,14.340358311928412,15.355571888687678,14.318610129592116,10.305982677692782,7.0101645410552464,9.247958310427862,7.723128766167747,7.492711248210981,11.501069425743708,12.73260528118135,11.99892911948848,9.710160714557105,8.503957702886055,10.313142765584189,11.93058412008213,8.130105983747399,7.973800423857028,8.819901272802895,7.946807581221947,8.982343787291938,8.935986366541101,7.969859822045009,8.153375360936707,8.006810092582214,5.580957889135448,5.499915044725526,8.357625928198217,6.815783381845449,2.667304998133659,3.531828879357363,5.295533388424019,6.672599464746554,6.76221728380915,5.996340025710765,5.721654081048314,6.45617092437783,8.499761809652682,6.996596661615513,6.97255842221989,11.677467322041366,10.393796702993086,5.250149110335769,3.8654214601059493,4.941945201919225,5.476484992599353,7.500839174462612,7.4935218507705486,5.475893054388621,4.38654839695505,4.569661555799939,4.745687507880007,7.015329796623291,7.304425768233273,6.489556696286286,6.378577537978799,6.082382152332684,5.066844229262188,4.2615209324740135,2.507528977585025,1.8608284040594754,3.6926255826405168,4.069317127675276,1.9811884444051202,4.0309512889519965,5.4617591138503485,3.6556199490080417,4.076694598470226,3.970820746813274,3.0828591084443815,0.8487100397514951,0.5577281786803496,3.5089116329930903,4.159217439054146,4.394130114368181,5.839490205830316,5.9238111607664905,4.116133186304069,3.835263963595253,4.60322121139825,2.8159846672881486,2.2969628077371453,3.653804550274799,3.1986263561725536,1.8683001806959965,2.6322904326857497,2.3769314513394875,2.599885437626426,3.6646590813845705,3.238103539026497,4.047921651279694,2.3971333178739087,1.9602179946841716,1.6933321439660176,0.5161940436717032,2.044810864920464,0.6096062311183914,1.7846559049401094,0.9954149826311323,-0.75978564146601,1.2118428352621322,0.9378745693379642,2.2439182640689523,3.2553261813184236,3.320961100746217,3.654248464759803,3.9038550828903453,3.1970240593996095,3.1909663698829718,1.972030853826709,1.9188023597457686,3.3160545037956126,3.0623302415015132,4.824482743658336,5.73640589045317,7.922654700718567,7.785737721208761,5.4128550892253315,6.892487901777713,5.231817886464114,5.304542194916053,7.46989212355129,7.85913212974026,5.836863326207549,4.632615238983817,5.20949835338206,6.415571421922095,4.495316016017796,1.0892091592759243,0.7179764492088907,2.8908687650333604,3.975779492293441,4.895350262602278,3.432146626401959,0.7273762227239331,-0.08837376980204681,0.8604788719032967,2.3169488864446066,2.154116844347527,2.1554634750677906,2.6669692926496964,1.9896927205908241,1.616220236004665,4.933120050629327,4.547602304424231,1.0654728354434155,-0.354972738644733,1.0572930268749587,1.4689309737600524,-0.17745822055462668,0.04839687290962047,-0.2223028256564703,-1.0311469282457892,-0.6602013616784461,-0.6077694030137764,-1.628739590192822,1.654085633885643,-0.3944091507181611,-2.324927908258246,-1.4035637647452859,-1.6897828254963088,-2.5539503864855533,-2.0676479249930253,-1.000124505284134,-0.01678792112818428,0.6592246771255077,0.3603182975150503,-0.922288641280602,-1.0282493386458782,1.2759732890361875,1.1262092198946902,0.207726781024121,-1.1851359888835304,-1.761764216440156,1.0572870639634857,1.689248814090206,1.8608001321612164,4.046849927941821,6.628923136055391,5.9484441887836965,2.229283144578517,0.1792572209537866,0.9528386859326474,0.5268264497686914,-0.5812091881936112,0.013977799958183823,0.9182812859504565,1.2822728744873757,3.496758453444386,3.517302083251934,3.935209662163629,3.560841912485216,1.6388853348751127,0.36068134734659907,1.2946463993358748,2.406596806554944,0.6443433841577644,2.2113119410137188,1.2794340809322193,0.7259024170614339,1.5104900010106803,-0.20945938741772352,1.6397797164655685,-0.8421252075951315,1.3807114178850952,0.6806092886805573,-1.816755103911305,-0.7913693991544051,0.8527366909694365,2.209771269504472,2.332804658908458,6.315007058318429,6.6032471640594395,6.293929173768902,7.805783284915492,7.885969241356406,8.517119639182738,7.130901930420123,7.800279102100603,7.094002002385309,7.701853414250422,9.077104180804213,9.759328085905963,12.506970076017637,13.601057129480978,13.139814680971995,14.3456123128733,16.019126399054926,16.704745257732043,19.871599257550656,24.463670612307737,23.59577695098369,23.536053768692227,25.363547286906396,25.646437115681692,25.34785882481276,26.670325302262427,28.539247291833476,28.81356558513926,28.950362651118667,32.20585137813532,32.99957183764161,35.3748401773795,36.417571784196525,35.31060233558105,34.75629511726436,33.22727355579207,32.44743934036205,33.48932364994437,31.49949006329689,28.85264822430713,29.637615955038882,30.08889911026006,30.400717377851834,32.611159507118145,29.388865406509808,31.600164594455464,30.788873884872487,30.54739091603676,30.79123036452438,30.423757856078282,29.96723242169378,28.255677628115222,26.593023713332627,25.526301117111757,24.471189963666347,24.571639308955014,23.770301816504798,23.586304743460346,23.23408546993585,23.097207435384007,26.92648029100519,26.21734028452886,21.826488060880592,23.45589752215801,20.790084333122763,20.430615035602727,20.281422256480027,15.509192927231311,13.89560218556619,14.457675180774686,17.544283817118412,15.532008514028462,14.029788776351666,14.413164118233794,13.32360282662296,13.539351532307592,14.44833570949686,12.840090806589501,12.752930124025625,10.306769682143454,11.603640925206264,10.61611870039485,10.60284847186881,11.870631380458008,9.912302662956108,8.483635822220435,9.560618213626753,6.921909684031789,6.564308772667459,7.130304244543254,5.452447684801427,6.984810961645849,5.321724187099903,3.6051241965798226,4.367999539423863,3.1767856700822676,2.282121707768397,2.3567655946416153,2.4924203571496264,1.927456266531408,2.755712094785281,2.700481987568992,0.9783459477826,-0.07650154562873013,0.5572676775082073,2.0803038337943462,3.8484694864478115,3.8656372445627767,0.505247203479712,-0.536995303024014,-0.694291241696078,-0.9421336263120565,1.1087374965864,0.23638535289239826,-1.2981557509681352,1.3499497373231861,3.292334889795711,3.9882278583269226,3.5122129108737,3.2409979400081284,2.283102010517837,5.524753824028608,6.011849822605768,4.031802009121179,3.7265139727606993,3.78476389953164,3.035710462162797,3.0937292400648175,3.2807760754824358,0.8590530833192815,2.004580409776054,5.72699627921088,2.526295160836071,3.547429447258196,3.8434933682983683,1.454458240440431,3.892585034881563,6.746428522685733,5.639638300501929,5.926576180961547,7.02929140101412,10.585897058075034,10.358223808350544,8.601204276800104,11.092902376780444,11.959098446683356,12.446421324985295,13.215744259722442,12.67287333631873,12.675700720969076,11.064539187579499,7.40626274248757,7.119489891044395,5.413182636257034,5.757044456683275,7.928944793468645,8.948146555023072,9.088977774831733,8.659884243907413,9.612316215460282,10.44764983452319,9.251916046617907,8.446777076718604,9.171789732420734,9.866986050861215,9.882675472310325,10.163954047995958,7.43948617681599,6.002937682678635,6.326501477575903,4.923324463048971,3.1333961697071118,4.030287178796925,5.9059515472876,7.258275546307459,5.693604329044888,3.23734970567466,4.617925846697744,5.016566423098993,5.457094976102553,3.9149947015257,5.622950397913655,6.429186023093109,5.233255539002698,5.9508865810685165,4.7960240348274965,5.9578929524484465,7.820603160402811,4.781752658904566,3.0219281680601853,5.210668566519701,4.709742655350055,3.906522962597478,5.43117939689688,5.2044698551372335,6.888942462573482,3.8716016111235376,5.936759353419973,6.026747374466595,1.680606970669487,2.489533376775512,1.849958475877088,3.605121763441616,3.2894856944716366,1.6110047950982107,0.676894737113173,0.3231307968328565,0.7096017571030302,0.4818836243156852,1.2574456444495468,1.7569674645136502,3.85158026592876,4.186005142309796,3.467737460316471,3.853185742226856,1.8035982514361422,-1.0555925636668917,0.05790591650935539,-2.035242642374044,-1.3045967484153493,-3.054197934638694,-3.8425914201229716,-2.176290234262524,-0.8436297163593736,-1.2896009065357816,-1.3826178894643135,1.9266426266064514,2.691942670173262,1.0556976415216468,2.219343667836938,0.7570279523750969,0.8250813143485516,2.625183618360552,4.51285375783425,4.144788342190168,4.947397885031819,5.8346107960309155,4.465380624884915,3.618808042908256,4.7673831674555345,5.391103078219203,3.2882932355753383,5.025222896727371,4.718911722470978,2.9024250136579894,2.351747521123741,3.67675652772715,5.083184794042836,7.020356021563543,8.027955952291848,5.700509714085001,6.788608526536336,8.038509543094108,5.913815429752276,7.858840939278593,8.602293543605981,8.664322799877027,8.29621754172382,8.350797718767808,9.069706913899495,9.89862840227363,8.523417891917632,8.425736985762114,10.594051854317513,7.447674993489613,10.306491570247829,13.07501125093421,11.810696772804874,14.341334272645668,12.316577602657219,13.71081672973503,12.667202596147945,13.30236499769262,11.744773283758036,13.84503292466809,12.475354661582287,12.61201279256278,16.155993502902334,16.012279519426272,15.565252588126725,16.138593390877077,13.769146336228573,14.259074043092028,15.477829013229098,15.982728533431782,16.270144739193313,16.59972331421875,16.344359047620344,16.168632080256884,18.050841621676227,18.596055284094177,15.919287605111208,17.979850579128595,19.923394940649985,16.915863815647185,18.31503183384632,17.614932919715216,17.968290572468675,19.60360167631211,19.50216893581012,21.09017834907263,21.17082812414958,22.602123930385062,22.912387923556423,23.843105282431566,23.862077253914606,23.661498452552337,23.607297678949408,23.269533447638764,22.768707469064225,21.478035191169397,23.076180224480424,23.1363047641413,23.963654879319336,20.577097372425897,21.315626044038254,24.757368379211357,23.699688012687716,22.54022686519164,23.42033786638484,24.920367053234656,24.000571450752716,22.563527369257542,21.50250085768255,21.24600351134268,22.30933676749021,21.65088465557426,20.12597111278194,20.05412079207133,20.70618079669407,18.48309266003679,18.962309516742835,20.381164244943307,20.77941702575714,21.90983869749931,22.360769309605587,21.426082609199796,22.151359091703853,22.70281309625949,21.954115242966225,21.920291303517388,21.337373154975865,19.724593607375482,20.4636100948253,19.81931782506865,19.993835301284832,17.58292528495565,16.921758938569837,18.056870412417766,16.833711842348123,16.26783853899127,16.26018010616906,18.584802948653817,17.652856806137322,14.807404843034135,13.742826817848254,11.844754670452403,14.202920528936886,13.73157926269738,12.46577289505683,12.92622933203944,13.353462830747958,12.284891873240952,11.36672877224612,8.76718778582989,7.868044047104888,7.914475132777284,9.067124141342447,8.287384112270331,6.47207198300589,8.888975541943125,5.479435397065913,4.379279792851094,5.795411865285018,5.393535581957565,5.303648764511024,5.121569007734195,4.275846530347906,5.373436800634693,5.286004331948902,4.476674281941712,5.0904865628669995,3.3487135494675613,4.5382399004063245,3.316067126974758,2.27611645265614,0.832682304483285,-0.24792085445108114,-0.26316038260324603,-2.1902802367476397,-1.3695283601678057,-1.9245782779979095,2.181157845693008,-1.266598109604729,1.0079573045927646,1.820404480387424,0.6064103790075137,0.4176085765158746,2.4761953324746173,0.45636271429486897,-0.04277070041962361,-0.6155067898575339,-0.43802567088687283,0.7129432132195461,0.845220654080606,1.157270682567912,2.2828599794058846,-0.3550603200957312,0.8641840797588998,1.6865761655438973,-0.15679374070992935,0.4660739381986332,4.867569736025757,0.2626720305454455,2.212672189337013,0.2242350888689657,0.37616893903003756,3.511289495644803,1.934387574577329,1.8092319120469824,1.8845825059125332,3.3727917024065164,3.3810786026623987,1.7316888260034489,0.22150754622305158,-1.525859044647916,1.3122308678018157,-0.2911446534337756,0.7815625382599478,3.66108706557975,4.106611959394115,3.105438780947395,3.4768083780883217,3.190382430699742,2.7632771049682106,2.0285872519481813,1.4655561280070515,0.7148342573566424,2.3262517051531972,1.1037583381162221,2.152420733699671,2.6291547242159368,4.033954540016566,1.2028432012719463,2.2346607075697307,-0.03887342311509201,3.0501722619295606,1.6180328229190764,2.0961590795045026,3.0799421192213003,2.7512291188170366,3.7602202185294686,2.7631577639421607,1.6947871425854828,1.4351049305177526,2.326723501115339,2.7617545959631116,3.8575904856920715,2.0988106647579343,2.6616446324823073,1.8566600572119683,1.8285613040198996,3.3104009409848913,1.9856097712984138,6.835591899924339,13.752884045765427,1.8990957304936273,0.9997389090860338,2.828054838797698,3.7532319425348533,3.0454288193825505,2.5688893864621605,2.725882158695697,3.4001512241945875,3.6681589043412828,2.708173821128014,4.085945919184496,2.8564521672446403,2.197654965291747,2.0237224823512747,4.4797186637768505,3.311720436143787,3.788021074930384,3.7223236806927957,2.503526287685304,2.3735844192578384,3.212514871845144,4.39502414592954,3.0273552859766824,3.878073894996362,3.9153607517785645,2.2590380930093374,0.18212600602549855,3.1379116862450473,2.8342599475915335,2.91442957730726,1.9194146749114793,2.4253958160585967,2.844796060242686,2.5001029216840607,3.8262914230919023,3.1001026945875196,2.5944017512404685,2.4299536887355657,4.287093655817074,4.487300357062566,3.3522504325974296,3.333197710536126,2.5718253712679484,2.548164650534403,3.0865916196678427,3.462119912566976,1.2681069706822825,3.736658058197719,1.6455173505721916,2.6273175656145895,1.932992648183614,0.9761807481797007,-0.08221150103835839,-0.2014557863860773,1.6854068775134294,1.659116156972658,2.002880421833737,2.2754358301287994,1.8758351120629015,2.276784945102065,2.554415891394541,1.8756480803318425,2.2468331485594035,1.492269932852878,2.339897792375183,2.882020561085568,1.003544378015988,2.668339327394648,-0.11976183834974563,1.2669442159866833,0.7778325434767055,3.1581917667876667,2.1833702452568673,3.515602619082017,3.129363910709685,1.6620163642685384,2.7916628777477683,1.1027629944582031,2.3238952412396827,1.241941867663769,0.7961896760683942,0.49770268834745934,-0.10023408388835264,1.1594088280374422,2.401877827501494,2.1877829714707673,2.170461737857295,1.9540417910681924,2.6726798753392984,1.2289346391119693,1.0538983991059752,1.8983197212183427,1.19631193411999,1.485320696181077,0.8264274103983666,1.637891065611484,1.0129278434079652,0.12997409850041208,1.097458760089637,-0.48117887964417605,0.8894223588036425,-0.2011180413524869,1.1815001002927374,1.7619689698613286,0.6029170366926735,1.4927111193197788,-0.506005290617594,0.27535292171018,0.7283678239444384,1.0224992638083847,0.9637884370869187,1.7566681609477826,1.265605335867292,0.13942947962360108,1.5858383916375658,1.2995141103166645,2.923853725445497,1.578603073810342,1.0842065523510485,0.023635865967406744,0.2040599988338272,0.4577181231909435,1.556500880131182,1.7824307009125846,1.277332107236873,0.4861452872892471,1.6544084460528268,0.1310075182165349,-0.251483372479413,1.017000118979297,2.052893845847109,0.4646989893658713,1.5207981172847838,0.5399124960005679,0.2854348706893006,0.2969420145671222,0.7247284457442049,0.7596922903318841,-0.13584505818764114,2.0302076151595827,0.4602089834947094,0.00837298566821687,-0.5709400011155594,0.777213285252742,-0.5844484654209623,1.9144807368776071,-0.04107011988338627,-0.5154092997307771,0.14312824029374838,0.4145970451142773,0.39849744612345717,-0.8208069854959206,0.5577526038549081,0.1721672562639469,-0.9507628378545974,1.1607240425482814,0.9119012283394738,0.5741613190790247,-0.2098568389725699,1.4824690635370814,2.413652939909838,0.5696582622322239,0.8957988471628084,1.0103926047850678,0.9062232979850933,1.3142337682975551,2.004200384798537,-0.0752676070464986,1.2242679393704066,0.38591693631425983,2.893521595498413,1.1833624445366695,2.644966792002947,0.12214649610385209,0.7438846593381925,1.3072094159354322,0.5568645850140399,2.2592994824129278,0.7907427261946793,1.1414211215777925,3.0408420953902464,1.8990549525053098,0.5266976829699672,1.06671399512868,2.0618583356718716,0.937979832216115,0.5556045302156747,0.7465108227331427,0.7569591639697251,0.5701026336709702,0.3816110205542884,1.323982669607986,0.6902993837530289,2.5211403921058206,1.4594865881512078,1.7368272192170338,0.8637422680303928,1.51926094549097,1.811954917628242,1.9363866043073585,1.0180035591393164,1.3965170581120958,1.5313663637920172,1.9894124740938537,1.8561395858463925,1.5434095655895987,1.926684252940845,-0.17827467903053673,1.323194396560794,0.40853685394154127,0.560042600546268,1.402274452174595,1.096111086590497,1.0528582874242431,-0.18022246075811665,2.586723605112695,0.8610655445154407,0.5314358911665806,1.033342092676122,1.4537350249557335,1.3648788761102821,0.6451518856485023,2.1688580599115426,1.459387339260502,1.3657977821315512,1.7877225573698752,1.5643775219478755,2.4484610200811545,1.9316315056608175,0.7831808547239518,1.6126412286602374,0.9758871788028216,0.1355573164120898,0.7510720765464782,0.1010840584430639,1.3025865455090866,1.079155452644983,2.125863146523642,1.0060527599257796,2.4908461437098026,2.0272149626796647,2.175533952867198,0.30941006945775484,1.7902811658059363,1.270509136590988,1.2982000211943614,1.8799634550912572,0.9658522422765543,0.5908417892763111,0.8396129114023552,1.700326894667569,1.355030744346152,1.6967850896246262,1.541967379753089,0.6584548332678821,1.482016970563393,-0.14484610195609093,1.4241375465682609,2.198644601284144,0.2889070248475889,1.6010397387609316,2.676159771866452,1.8321555383124064,1.464834190978877,1.3282485491396585,1.7854524452531564,1.174162359714643,1.1122459615616265,1.177730104173179,1.944323292398991,1.4838265646829427,2.3942935116185993,1.0492063473895143,2.177073291866975,1.7772841128337973,1.7443547031389812,1.9508586392312282,1.3239728997837972,0.6552922981694564,1.9081491862619941,1.4708483845858353,2.5706532630846652,1.5819370299689552,1.1254639327704439,1.1328119646358061,1.8669951633918629,0.8284694701857092,1.5951518821410104,1.0548195430264755,2.3279612290878333,1.1767205793504942,0.5282686184519605,1.5568274923710987,1.2988133555394157,1.9338840890296538,0.92642644793969,1.5040945110686437,-0.15909619367880623,1.209292715342663,0.8487994309147666,1.0560108224975195,2.064647463733081,0.7576836678775862,1.2267422233628125,1.0062749749324027,0.6681520101340723,1.4439799491888152,0.6788220715766968,0.551397823414618,1.2590957113553145,0.6266387816382917,0.9955498813513941,1.95350276537755,1.2800007704412906,1.3400344036392582,1.6479928477792214,1.5122600552298238,1.754006678794667,0.5385118015941543,1.20928843168997,0.14730985044099043,1.3820630122223747,1.8199803522836078,0.7792640346112307,1.3480745372872889,0.36137554415847717,1.0832916760413127,1.1707583391480512,0.26596702643007575,0.4870574475031617,1.3950403791365602,2.5124324392863286,1.9312844081622416,1.1240713142426557,0.7259457577697503,0.2956022492838244,1.8109933444062563,1.3767614800868273,1.1365503770196597,2.057055070859633,1.9318175600226937,1.138291532970925,1.296610080932112,1.6418697127988438,1.5042328783595167,1.0930542155106195,1.5755091040592788,1.6918471553274799,1.2591343819241843,1.2223090943142552,2.242576109129523,0.8063850243349862,1.619595156265234,1.739864751846774,2.1454108254898756,0.9028024209872569,1.7733639217900645,1.4428580976315857,0.8874299261625538,1.5399770178476615,1.8959274119867473,1.6139932956396663,0.9384617700333138,1.8188543025830768,1.87659396973919,1.5286969277852336,1.8007606883139786,1.418070567812208,1.7291149802785526,1.8615035968304028,1.4183097828611722,1.2772839942251153,0.16826738051690526,1.7765987053022059,0.6017265175659645,1.6170371769144865,0.975608297478626,1.6778207221885886,0.8973130241722664,0.5411868961292647,1.793111400134137,0.5207937063743202,1.0649823401496405,0.8591896754375057,1.0540281231497488,1.4242517013940947,0.9120623666988763,1.2984814369513664,0.22418742642986444,-0.06612211539635382,0.5010104856178295,0.6586924534900049,1.245005708840612,0.7225896015379476,1.1875023938151799,0.551542860973651,0.9303708961366475,1.0754781701589877,1.0064894243103595,-0.3319962661587397,1.4950337391245547,1.1936448668080253,0.034527180413078895,1.1098580508541431,0.6077582965210127,0.49692342340119566,0.8717298001686764,1.092728062210881,0.017655418509040288,1.303960196188541,0.7474097361122745,0.003161507536276531,0.8593933059765391,-0.17281668274222284,1.1191248390194346,0.1845796949717169,0.5200954947392802,1.3142326163539906,0.8271456241195096,0.09930435008607219,1.1604172826030776,0.2194321731606692,0.5950989033010501,0.2728181047177145,0.8802232444917912,1.2129355859087276,0.6668646953449944,1.0647884566044468,-0.09505449776605701,1.8710125144295944,1.2965522940394294,0.40958813291052465,0.730589329709634,-0.237600666571268,1.0879777919733975,0.9592625355743962,0.8404543929640909,0.285105751001538,1.079957541650689,0.6051697433769618,0.6102946216697092,0.9405407764596703,0.5431513154348409,0.9637932100536659,0.6639143985777309,0.4154590531505278,1.0025086925489841,0.6897709002665238,0.7124083292230239,0.21472224286571873,1.3536252225609928,0.9708166247731924,0.8167051966660193,0.3031785845988111,1.422809968800209,-0.06376109456914314,0.45592289308734735,-0.07032417973215388,0.7529042651686382,0.35590472338668455,0.825528791009674,0.01184595456010129,0.4780012558252906,-0.3026277206469672,0.7116482531751558,0.205285492829832,0.7711331488792421,0.4894251474998441,-0.8215484793840346,0.4797759099620311,-0.494180872227048,0.2636152042971407,1.084820448037929,0.1655911869135025,-0.010548538900140514,0.7008044293456805,0.10684269961780046,0.602308973072013,0.9955888234802615,-0.12053701772072145,1.2233485864736053,0.509786524978324,0.6964772094540876,0.654397672946061,0.3524624627751791,0.9056260235910258,0.3682462987324584,-0.18893378059419774,1.9124155406494783,0.6745499525824243,0.4732877668871538,1.3886393893511677,1.3260040868196388,0.15731083346508967,0.9519381550028356,0.7482196013947942,0.9458539457074835,-0.2993480151206427,1.2568357524401108,1.4719753916442073,1.04975507869284,1.5446889207146892,1.8952831149921394,0.9008368180473116,1.1621178460560486,1.1976881527107253,1.3111904852208909,1.112178535175362,0.24650842957225727,2.277880002856193,0.6448500136737607,1.4479069844604169,1.1512440545633353,1.2143421137415658,0.6863950332480613,0.4364932609000789,1.232840830965472,1.1212982892388386,1.033569335208199,0.7344178208194876,0.7491103099083034,0.7818149652314315,0.8148351743173521,0.8468745837320171,0.8778593690317393,0.9077995444247904,0.9367117120542616,0.9646123832829971,0.9915179758026511,1.0174448108436422,1.0424091104841864,1.0664269950581797,1.0895144806583517,1.1116874767348577,1.1329617837865271,1.153353091143515,1.1728769748399372,1.191548895574556,1.2093841967583217,1.2263981026471242,1.2426057165584439,1.2580220191698004,1.272661866898261,1.2865399903586763,1.299670992899621,1.3120693492156192,1.3237494040340607,1.3347253708754465,1.3450113308849723,1.3546212317357345,1.363568886599694,1.3718679731863972,1.379532032848374,1.3865744697515652,1.3930085501085614,1.3988474014743701,1.4041040121031756,1.4087912303643861,1.4129217642170033,1.416508180740891,1.419562905723751,1.4220982233024984,1.424126275657784,1.4256590627604737,1.4267084421686036,1.427286128874755,1.4274036952002689,1.427072570738062,1.4263040423403481,1.4251092541518915,1.423499207686973,1.4214847619492161,1.4190766335923968,1.416285397121726,1.4131214851349228,1.4095951886009743,1.4057166571764697,1.4014958995584834,1.3969427838725892,1.3920670380942965,1.3868782505051058,1.3813858701796562,1.375599207504706,1.3695274347285817,1.3631795865396725,1.3565645606737462,1.3496911185486056,1.3425678859254617,1.3352033535963983,1.3276058780967332,1.3197836824412548,1.3117448568842178,1.3034973597014528,1.2950490179943017,1.2864075285144168,1.2775804585083392,1.2685752465816904,1.2593992035823476,1.250059513500446,1.2405632343859452,1.230917299283135,1.2211285171798636,1.2112035739721136,1.20114903344313,1.1909713382558493,1.1806768109584027,1.1702716550016703,1.1597619557688859,1.1491536816160988,1.1384526849230383,1.1276647031542097,1.116795359928858,1.1058501660994011,1.0948345208390151,1.0837537127355859,1.072612920893448,1.061417216041832,1.0501715616482556,1.0388808150386808,1.027549728521592,1.0161829505173614,1.0047850266914793,0.9933604010911949,0.9819134172851705,0.9704483195059765,0.9589692537949759,0.9474802691486275,0.9359853186662122,0.9244882606988085,0.9129928599990649,0.9015027888705731,0.8900216283177542,0.8785528691948912,0.8670999133537407,0.8556660747909177,0.8442545807930628,0.8328685730803613,0.8215111089474476,0.8101851624022629,0.7988936253016163,0.7876393084836764,0.7764249428973358,0.7652531807273704,0.7541265965163007,0.743047688281024,0.7320188786260928,0.7210425158508542,0.7101208750531214,0.6992561592260245,0.6884505003508252,0.6777059604826832,0.6670245328319879,0.6564081428385293,0.6458586492395284,0.6353778451313588,0.6249674590243899,0.6146291558911798,0.6043645382074487,0.5941751469864016,0.5840624628042974,0.5740279068199357,0.5640728417859577,0.5541985730520196,0.544406349560461,0.5346973648341304,0.5250727579549448,0.5155336145351725,0.506080967679793,0.496715798940329,0.48743903926032317,0.47825156991189033,0.469154223423061,0.4601477844966553,0.45123299091994795,0.4424105344653526,0.4336810617820106,0.42504517527794405,0.416503433993455,0.4080563544638949,0.39970441157470304,0.39144803940541806,0.38328763206516214,0.37522354451812134,0.3672560934001581,0.3593855578246803,0.35161218017918827,0.34393616691284024,0.33635768931338816,0.3288768842750187,0.3214938550559623,0.314208672026723,0.3070213734082472,0.2999319660009405,0.2929404259031685,0.2860466992203783,0.2792507027635338,0.2725523247389674,0.2659514254279429,0.2594478378563281,0.2530413684548307,0.24673179770945808,0.24051888080202843,0.23440234824118988,0.22838190648377577,0.22245723854609878,0.21662800460677545,0.21089384259795452,0.2052543687891557,0.19970917836047875,0.19425784596643325,0.1888999262906168,0.1836349545907865,0.1784624472344376,0.17338190222591265,0.1683927997230512,0.16349460254542691,0.15868675667354637,0.15396869173821415,0.14933982150176917,0.14479954432937348,0.14034724365217244,0.13598228842107574,0.13170403355246663,0.12751182036441833,0.12340497700461128,0.11938281886949653,0.11544464901521678,0.1115897585593757,0.10781742707541753,0.1041269229776276,0.10051750389834524,0.09698841705727546,0.09353889962233097,0.09016817906257302,0.08687547349319402,0.08365999201276964,0.08052093503215474,0.07745749459604667,0.07446885469698827,0.07155419158164023,0.06871267404966375,0.06594346374532734,0.06324571544155333,0.06061857731697273,0.058061191225988296,0.05557269296082268,0.05315221250759805,0.05079887429513974,0.04851179743718603,0.046290095967549405,0.04413287906879759,0.04203925129451136,0.04000831278443684,0.03803915947474934,0.03613088330064329,0.034282572393465216,0.03249331127142341,0.030762181024556412,0.0290882594932782,0.02747062144175061,0.025908338725514568,0.024400480453266482,0.022946113142609192,0.021544300871312316,0.020194105422433495,0.01889458642443742,0.017644801486483175,0.01644380632814091,0.015290654904504208,0.014184399526016023,0.013124090974201863,0.012108778612116566,0.011137510490300429,0.01020933344830155,0.009323293211934924,0.008478434486164588,0.007673801043495132,0.00690843580849787,0.006181380938414804,0.005491677899613023,0.004838367540287436,0.004220490159127621,0.0036370855713130368,0.0030871931696196953,0.0025698519833099454,0.002084100732929528,0.0016289778818645573,0.001203521685170017,0.0008067542713661169,0.00043768585373982205,9.531865885037405e-05,-0.00022134941997364876,-0.0005133214326065172,-0.0007815982376655484,-0.0010271756118527264,-0.0012510415941164865,-0.0014541740541176296,-0.0016375384763023249,-0.0018020859487819507,-0.0019487513478111396,-0.0020784517091101407,-0.0021920847752880945,-0.002290527712318635,-0.0023746359847223175,-0.0024452423804746104,-0.002503156179045618,-0.0025491624519986544,-0.0025840214892696167,-0.0026084683441354173,-0.0026232124882312746,-0.0026289375688861583,-0.00262630126383101,-0.0026159352240142653,-0.002598445100261415,-0.002574410645422631,-0.0025443858875746628,-0.0025088993679105442,-0.0024684544384854235,-0.002423529612656239,-0.0023745789669078476,-0.002322032584459066,-0.0022662970405917804,-0.0022077559225976984,-0.0021467703808184524,-0.0020836797094148096,-0.0020188019489637554,-0.0019524345118497877,-0.0018848548240271157,-0.001816320981959052,-0.001747072421892426,-0.0016773305983974751,-0.0016072996701268494,-0.0015371671902357775,-0.001467104799644403,-0.0013972689210390854,-0.001327801453101074,-0.0012588304614951085,-0.0011904708666747865,-0.0011228251268562417,-0.0010559839148527317,-0.0009900267874627389,-0.0009250228470705224,-0.0008610313948338444,-0.0007981025742651582,-0.0007362780044672945,-0.0006755914037057664,-0.0006160692009871127,-0.0005577311370075222,-0.0005005908533917136,-0.0004446564699378541,-0.00038993115060748096,-0.0003364136572940879,-0.00028409889182512416,-0.00023297842534475421,-0.00018304101649846416,-0.00013427311768055006,-8.666116264066659e-05,-4.019157233869919e-05,5.1492413604137255e-06,4.9374870116025704e-05,9.249890536011662e-05,0.0001345349335224455,0.00017549653148307698,0.00021539726276387228,0.00025425067298101567,0.0002920702864912528,0.0003288696019581039,0.00036466208922547594,0.00039946118528177976,0.00043328029056510786,0.00046613276572315954,0.0004980319279752621,0.0005289910475880788,0.0005590233452039683,0.0005881419883166927,0.0006163600885429332,0.0006436906982116852,0.0006701468079199913,0.0006957413440318305,0.0007204871657791045,0.0007443970629879004,0.0007674837534636936,0.0007897598801491768,0.0008112380093052707,0.0008319306281805439,0.0008518501430216929,0.0008710088767429625,0.0008894190669366253,0.0009070928642245235,0.0009240423299843314,0.0009402794349284704,0.000955816057512493,0.0009706639820024066,0.0009848348972809617,0.0009983403951991932,0.0010111919689848037,0.0010234010122758264,0.0010349788169605745,0.0010459365730071113,0.0010562853663600436,0.0010660361787131478,0.0010751998856335376,0.0010837872563342899,0.0010918089524238894,0.0010992755269967347,0.0011061974239510164,0.0011125849774202834,0.0011184484108071047,0.0011237978361009482,0.0011286432532529034,0.001132994549891464,0.0011368615008109373,0.0011402537672324797,0.0011431808969177837,0.0011456523237143301,0.0011476773667027373,0.0011492652306515083,0.001150425005391753,0.0011511656658740321,0.0011514960719978262,0.0011514249683841626,0.001150960984489302,0.0011501126343773649,0.0011488883171182351,0.0011472963166170302,0.0011453448016709444,0.0011430418265945264,0.0011403953308786186,0.0011374131397587917,0.001134102964442718,0.0011304724022238588,0.0011265289370498976,0.0011222799396932714,0.0011177326682059174,0.0011128942686013943,0.0011077717746843518,0.0011023721093010863,0.0010967020843963837,0.001090768401581954,0.0010845776529890827,0.0010781363213254735,0.0010714507810121177,0.0010645272985243537,0.0010573720327329283,0.001049991036325082,0.0010423902563729825,0.0010345755347316299,0.0010265526090051935,0.0010183271132291338,0.0010099045787796967,0.0010012904353970953,0.0009924900117539437,0.000983508536592126,0.0009743511391775428,0.0009650228504369807,0.0009555286039812927,0.0009458732368443634,0.0009360614906199771,0.0009260980122007823,0.000915987354801473,0.0009057339788682839,0.0008953422531590149,0.0008848164558230565,0.0008741607755951009,0.0008633793128751677,0.0008524760804107245,0.0008414550048883029,0.0008303199278429929,0.0008190746062268772,0.0008077227143417076,0.0007962678442368087,0.0007847135072438505,0.0007730631348294992,0.0007613200799596598,0.0007494876180658139,0.0007375689483524184,0.000725567195502208,0.0007134854100172561,0.00070132656998112,0.0006890935822525535,0.0006767892833750011,0.0006644164412250575,0.0006519777559219619,0.0006394758613055274,0.0006269133256182613,0.0006142926534380422,0.0006016162864170838,0.0005888866049303942,0.000576105928985271,0.0005632765195286993,0.0005504005799252809,0.0005374802574351634,0.000524517644066691,0.0005115147778269602,0.0004984736445408089,0.00048539617870346774,0.0004722842649584891,0.0004591397393483021,0.00044596439062161153,0.0004327599615407962,0.0004195281500187775,0.00040627061088116534,0.000392988956946283,0.0003796847605030962,0.0003663595544480813,0.0003530148335926242,0.00033965205619779226,0.000326272645111203,0.0003128779891881095,0.0002994694446556423,0.0002860483363065214,0.000272615958976985,0.00025917357891103165,0.0002457224350678189,0.00023226374025853147,0.0002187986830222144,0.00020532842859211087,0.00019185412082833864,0.0001783768827294807,0.00016489781819473137,0.0001514180133881382,0.00013793853798915734,0.00012446044650005206,0.0001109847797238217,9.751256590107005e-05,8.404482184687367e-05,7.058255511083189e-05,5.7126764659187756e-05,4.367775096625337e-05,3.023524908485342e-05,1.6798561318864813e-05,3.3666909189378202e-06,-1.006152507443403e-05,-2.348728258994015e-05,-3.691167802344353e-05,-5.033557511069375e-05
18.57290606240315,18.957817670683227,17.295043705852407,14.58908175761178,13.26671467346273,11.540170008990629,9.031830243109539,7.049440470247816,6.842090096494275,6.3546991218221365,5.564169283870285,5.222990674065727,4.55456957546528,3.4910977595688735,2.5046377582399373,1.8483491663412792,0.4710852979985418,-0.32270989718486476,0.937438367074833,2.5201953277488087,2.1778381886114175,0.2642521777845275,-0.3821653652922521,0.7982658313798936,1.6872970839790185,0.6003191552238718,-0.6228175220294929,-1.980839845464459,-2.0918075361290107,1.002853675126289,2.156056393298485,0.8211006963414604,-0.12313066765432268,0.24698373682275587,1.8251440789263143,2.7710874904163347,1.2375776539367394,0.5830206752180516,0.8672232930688892,0.8650343022536333,2.0200035826892417,2.6653293652892955,1.735070274670079,0.4741824960636336,0.631711396663377,0.8348303480024697,0.1342813840289523,1.1187398048170394,2.8250620493567737,3.716709669373472,3.500552137211372,3.207478939285778,3.821321106488398,4.921887132165665,4.8545490923760894,5.091631695989349,5.84445757950607,6.2658619317871285,7.439938512521195,8.813329282935626,9.45087004034204,9.265509714391243,8.711868042576384,9.571422356347739,11.968025824953031,11.937609517919697,11.936589758167798,12.489023886770894,11.063883822627503,11.233961036515296,11.912591547120144,11.203997700903756,11.324369647209323,12.56950151751954,13.79960891830163,13.786420481299558,12.72727686161636,11.736952028096084,11.145962695409594,10.073902163321577,8.497418281063062,7.590972831881174,7.759373428968672,7.259492966460158,6.908368967826306,6.160443626096367,4.016896114360975,3.6657183441587904,3.3309736026823487,2.1201324033257833,2.910516610956364,3.563838137216834,1.9643916105110009,-0.9379464217504392,-1.0536511710961634,1.0633177842711063,2.2048059750296716,0.8524476438853696,1.2898940249774284,1.5612332789193317,0.44457748518661333,0.8541164479908616,0.5288842874377337,-0.3532421883415111,-0.1536013119942652,0.7410509383513499,0.9572505104937648,0.9969300066420317,1.9329600436315673,2.036056597589294,1.4062353781037586,1.339861988814306,2.57672230289279,3.4769481288609256,3.2832241181541235,2.3087454387707567,1.4145279753087436,1.8260588170384722,2.7665055758401422,2.804952429034472,2.4199071054172236,3.145815773991899,3.889774508255357,3.008799721420189,3.4062026037370856,2.9777562027796876,1.6585093485483071,2.7634849385023017,3.679727188624611,2.7095327240969027,1.1755530267373047,1.625628516395409,1.5038702473181047,0.4515021482990278,0.05506049774521671,0.6213574078191186,0.3587247605682933,0.13867186613867943,1.8250786042724485,3.65090443068857,3.7791318119573702,2.409974294871404,1.6274646283881111,2.9990947931237883,3.753611489760715,3.3476663925094385,4.164699130297322,3.449934885957191,2.3417869024144125,2.5381468373662415,2.8872357041753958,2.159027192077133,1.246297435958354,1.5449961829284007,2.848472957810145,3.4802895332711614,3.443389721349888,3.1783390563686567,1.8901375427638527,0.9702472694815469,1.074137704813495,1.8723539036205352,2.935037981318601,1.964930743041407,0.3375327101842913,0.62969918811865,0.696209032446859,2.4786635455670876,3.5385064895532423,0.9709033024412861,2.5982529551352513,4.078464575354985,2.8367199802140703,2.6787852957760947,3.7880508761519422,3.422461250932713,2.3867135005921796,3.966552947342734,4.976960514568532,3.9856938286081913,2.5870908286510144,3.0674446217233253,4.219456747548406,4.080243722308353,2.309236093364632,0.7746347520071026,1.5427299582120213,2.8460106249603427,2.5819435383039604,1.2311556000848327,0.9112973797313089,1.9530320188690098,3.1515916597905402,3.274010007297818,2.7190038006430655,1.948338768083829,1.9859751901960294,3.421821639049881,3.4163736463210057,2.8796076026749233,3.494662398936896,4.571110964142974,4.173835936456896,3.731611098493829,4.214896827203802,4.022223194735659,2.308498025576057,2.171805011521201,3.5173870373454292,2.845518508923874,2.490793548752265,2.157129725243749,1.618634787418955,2.0574973232731963,3.143240964016968,2.9617099358915766,2.4683770570647994,3.4663100643768416,2.376862580643092,0.7975353429849861,0.4263537531818429,0.5990384457592768,0.530582473544996,1.3495225306352268,3.1563190861924113,4.210001810364645,3.085823202199151,3.176936951071241,3.2735606467583125,1.255511170718819,0.9747120106494549,2.612737407601344,3.63830139773313,3.687842365304448,5.271943838557263,3.725682385152652,1.6430451783695048,2.1266249759499374,2.363517545159823,2.394547688648686,1.9142875313086165,1.5644830308428936,2.331423410556738,1.9561584794948885,2.3598830772317,3.100174904366156,2.0066145993374107,2.488891133144705,3.322751625735691,3.4758985145750216,3.945178191961304,5.274159114713029,5.01583927677126,4.283122150520796,5.045905335668692,6.1003494313442275,7.624358916851577,7.134063979819587,5.039301320831726,5.554655462221433,6.466365695829609,5.95965757443787,4.913115379191424,4.570984416363331,3.1498910927122097,2.805456719226072,4.6891213837010355,6.7452020906528105,6.215378656935172,5.213980371365892,5.052235315287703,4.720204056457533,3.3707274191274905,3.9513234899046097,3.407862069104283,1.863183997456133,3.298467177248085,4.001804607651934,4.3883946708842245,4.391562790386672,3.1476673980275223,2.0901856271434553,1.90115997013271,2.6659225052966917,2.6992667907427403,0.4940867039231307,0.7592487527544449,1.7516235461352494,2.1610955330544925,3.146634680698753,2.751610154207185,1.9877745931183313,2.054838125480842,2.5885153192389225,2.2420681442743557,1.0381125596639436,0.4386258725439234,1.2790288897545565,2.467496280523676,2.0522172346138063,0.7247522770688875,-0.3803451082260949,-0.6816526133773664,-0.11516970218355027,-0.1064520783639864,-0.8855586999890761,-0.4719151470349061,2.0576887206784136,2.0794706449784144,1.9730050955171805,1.6853712168124275,-0.02315013962163448,0.11190261739500329,0.23081528283825037,0.8071561111967753,1.6950780506745673,1.361618490244723,2.13920161226298,2.4292211894855313,1.7281025190300738,0.8343031257950884,-0.19248916938153116,0.9908606365330002,3.355266551824002,3.9826349173306426,2.368751132897046,2.2710579149473347,3.6871710828748974,3.878683279747804,3.4950957154644584,6.051906526507821,6.16559616586693,5.264503612199803,5.660054385807314,5.968360980540297,4.4631891328380675,4.76043655066303,5.294298835502559,4.905129560066143,5.465233671929582,4.791465188703285,4.032434173271099,2.557911098042041,1.5168408368691644,4.428346230470993,4.885158366319388,4.837246658582444,5.434927933303811,5.170071267176695,5.563689480511528,4.86552412465835,4.861265901629338,4.897212937040933,2.8405674113981263,3.13784620103155,3.1627509568090204,2.0215879962825625,2.993026601978954,6.54598243629755,4.202624036163229,3.5063290006992247,5.445115622048263,5.980634654219671,6.571972830148752,5.591759985879435,5.49792193111773,5.977021611705709,5.40898079869379,5.681411095117539,5.712959940067435,5.93207034707126,5.535586857969463,4.152879056162078,4.653702934380192,4.969459577880116,4.487177047954049,4.544658055432251,5.359709745240309,5.067558241431527,5.719261651619206,5.00900501806791,3.8028783286931684,4.702078492385965,2.9435442252488997,3.358757230207914,4.799828798647752,4.519901380217334,3.8789895031768538,4.282303776999129,4.932082011149248,5.132917543892461,5.701640769114647,6.102695092799991,3.01310879998789,3.356033833025606,5.11889185248171,4.701793392305063,3.936122888618172,3.6240895026769806,3.5029605958745833,3.3014582453204753,2.9847543731407598,3.362319887721469,5.198581453661177,4.102600409091934,2.991909251975329,3.440320587590861,3.0625860530817874,2.937171541168823,3.3911235709313132,3.2556692759345367,2.174184498482987,1.4408626264080056,2.1901373086382137,3.0782468595862156,3.260544364885277,3.1989011570315427,3.4433535256696928,3.642524476687356,3.6361377458555353,3.792328569927008,3.48280237868164,2.6018319716896485,2.4936867484832135,3.0930594323956484,2.6126881516885305,2.364584406957988,2.849556434601709,2.2704233429574288,1.609422900719693,2.2224956524705135,2.7732449457167547,2.5353508100126874,2.328620316924031,2.3999690491299646,3.0781757597677313,1.7213158369779364,0.3710886286616528,1.2298378418384743,1.0508104667314626,-0.008877000513592748,0.732458481558524,2.2656888850588643,2.188802808071273,1.2376365225014752,1.6850286448513998,0.007339396375130036,-1.20269238599667,0.4055151515110538,2.09301719510907,1.0862161804957964,0.6099426787946243,0.585697684733816,0.5603178254064858,1.3730591029302275,2.543551608898184,1.2464545944728513,0.4644867488443083,0.9012681258150224,0.7477081614497365,0.23916505422545242,1.4718672891765152,1.3170067063268789,-0.1824720717985997,-0.2787905700008366,1.1404860344084113,1.318334264573707,0.1528666379895185,-0.0033519450348649116,1.2392307052109857,1.766443667090357,0.5777023208247556,-0.6714196827428793,-1.1588906206573029,-0.09769104380669091,-0.2368618074059441,-0.9341616715989289,0.3797922306289365,1.5576103982818381,1.8126363246113328,1.6363810717173237,1.6116183378188111,1.6794895774186216,1.6252675535841945,1.4950128253013872,0.3850787577791266,0.2594027952408453,1.709913066058192,2.185990065240702,0.9386956353613414,2.1104793398472736,3.0426279285293845,2.612133506597189,1.9126626796647486,1.9025973683047823,2.35718331549549,2.5252988864555164,2.374923162833568,2.208049866326405,2.644116328794894,3.4831932062168107,3.529028258322228,2.8526571045298397,2.9078969937773422,2.1372733858306106,1.0778854242749958,1.5499436112342266,2.3386089025670174,1.4797440034345755,0.7227123616995073,-0.3322010918903402,0.2787833741883219,2.1324706308357975,1.3969130796674563,0.7590532899112645,-0.14215520049782526,0.2722892882433712,0.9536585200321213,0.6943954961852796,1.2048813550758837,2.384339939074806,1.4191806390103636,2.3358699803235368,1.6839456355999687,-0.05254567881803496,2.004805988337637,1.870321142716989,-0.13943381676051558,0.26970741944859355,0.09371002663431227,-0.8053872384857073,0.5292419690915722,0.8422432469996295,-1.389758489934934,0.04312269728836782,0.836092292412161,0.6398153695932365,1.244117075629049,0.10772202946853326,0.009880848695615896,1.065568017075151,0.8976620701184856,-0.03985809935269913,0.15622032050600865,0.4831504531266262,-0.5489056581340606,0.8591849290312439,-0.29599067843528815,-2.0986407475960505,-1.8506067236039598,-0.487422043623269,0.43077964591489604,0.14036305433086227,0.773734717984496,1.7178177607615055,2.6885452389401223,3.148004822172794,1.7862197022732005,0.08056627187974641,1.6000345145398285,-0.38818918312276196,-1.2137356110895041,0.20239865482503205,1.2484941915073478,1.8228870975964355,1.4708097091865966,0.5942294095756324,1.5515953685740271,1.764818000280286,0.3386383741803911,-0.27398179152626767,0.8197080058553183,1.707880292963182,1.8881008250116054,1.7597601375985619,1.0494580501684823,0.23001002650204327,-0.58055067905795,-0.8229676906383929,0.4208010223119061,-0.856288966767778,-0.7710996314012277,0.7906251512891629,1.4954410081847982,-0.3958124552785591,-1.4932064277402048,2.59294768007868,2.9290652763335174,3.5556673448457445,3.201354410514824,3.20599373251693,5.620496561416502,7.079773460967601,5.514465023695038,5.722230787466344,6.140759645929592,7.233679861915618,8.10774652558581,8.046593886546134,8.391197912924497,9.653127029908319,10.769791108721506,13.292154963478424,14.501376423111225,15.014671557648768,15.574773785810862,16.498511704537577,18.044057568135088,18.842659373636707,19.37053401679492,23.01542605011207,23.623024866380604,21.77961814278791,22.776569319219163,25.537655429081838,26.527880476173493,27.48461529529152,27.28939310750809,28.29823169012124,31.087421970396008,32.47531747546179,31.881190254565183,30.92667116996796,30.355671831359814,31.033896410060038,30.75282729182112,31.01616299728687,28.444298190568475,27.64727897517656,30.95722502620748,31.799453937623355,29.10309490492955,29.356172869467173,28.183703270470858,28.2490286896832,29.163609007663695,29.813132237100547,29.953187038773933,29.291080283557278,28.045102175130182,26.95969355251748,25.87719284085847,25.059888161901483,25.26652501061284,24.81526410057944,23.80276703670438,23.35770588181765,22.823166822378823,21.689053777436186,21.202714672784168,21.570418605155282,20.290302668198137,19.72256234539492,19.55347141346232,18.60736320029929,19.025158433925526,19.100272319515398,16.050678706602355,17.56224504250497,14.87903419095852,15.710530843457775,15.755933779766565,15.111473900001386,13.309079991576255,11.262362680367005,12.760602648060399,12.679169537997439,11.36621003777151,9.175881529949777,11.631621266337675,9.18032749521484,5.943366295839837,6.571247116547568,6.395264944148778,5.5917458466106496,5.705240350030749,3.474939534612531,5.43877048230155,4.819474380674251,3.5453582796797605,3.7026572141172096,3.8937801806556536,3.8826043115577704,3.8953476583020006,2.8553714387942932,1.5271619696864036,2.1484108484997932,2.411124705586417,1.5508280228634703,-0.21547912878651232,0.7622781176087869,1.3327851607016328,0.35464553580800384,0.7560732406681154,0.7810781359950738,0.9803716670512586,1.0800802400535758,-0.45845560341965097,0.7714170702019487,-0.43182908125402264,-0.44863077885960934,1.190234682788514,1.6557156419443118,1.2891094389322575,0.8287927162784854,1.5438121536138567,1.2543007734714138,-0.29465128060672896,0.3237781872257983,1.0640326980663417,0.6854263461029291,0.31728349509694453,1.3086397439780058,1.5907755329943143,1.6359867965300623,3.3908582503215428,3.070025593967557,3.3712937436447135,2.51039638567579,3.1816893057776383,2.0153495718305123,2.894895608350481,3.4871708336311826,3.883823063976479,5.331712169317029,5.599090453466829,5.155564667537533,4.992347448044313,4.463092932547426,3.380606981051983,5.498460388113386,6.062044899288793,6.157755128257918,6.183294896949434,7.276479716203852,8.983159756852217,8.769976088054875,8.094398348428967,7.981476476352327,6.686682574395576,7.092486848348983,6.320891306037737,7.014420317327421,5.845153894408611,6.812838584358019,8.130278821416539,6.95931400307262,6.662283202067869,7.979317153611191,7.345751615159486,7.401282508152121,9.752142495039237,8.897050070408426,8.517324682343997,8.934635231022213,9.892829940668037,7.71421683540234,7.6850311727192775,8.416168693574178,6.821670732723845,6.055278100690998,5.56795687797981,5.807803887222889,5.744735462616575,4.072635863436346,6.17882444342942,7.859967683259015,5.043911255276441,6.778800338804871,5.549592963268594,4.466978902086822,4.818954502626042,4.869422037624702,4.385212985426222,3.8999887817676324,5.520988304724,5.155819305066927,3.088279167015827,4.125998987724131,4.234431210790376,2.576858067408665,3.0840631963847898,2.2474073714165854,4.109398518733315,4.536900418924944,3.544634107657288,1.5441554940546212,2.2131639316058624,2.435947364501743,0.8103555273352185,1.8564486044641626,1.4069240283122895,-0.3461612131304719,-0.26922195225415635,0.8439927590628997,1.2717427598253437,0.7695064325685053,0.6358833705439508,0.5649046086073213,1.599050825057219,1.530894194436172,-0.21196824420439953,-1.4162187797070374,-0.9014050340693984,-1.726074280598226,-1.702884741737364,-0.7750012334358871,-0.7654087492168173,-0.8571309968098433,0.2741858887193587,0.3831410743079289,-1.1070871989627165,-1.4688468513725184,0.15900904368078272,0.12349705692238899,0.06939375294206229,1.412639624409735,0.7343362898683665,0.26554860550328385,-1.34411006194955,0.19146349585520284,0.9508815214915955,2.102096448348277,0.5510824653115947,0.32327461062877205,1.5623787414620267,0.8616398672165246,0.8449882658642878,1.1270462678851914,0.2887447130103453,0.7000310518990318,2.4526392053595316,0.6463749236111767,-0.44171019464076267,1.2158626307653435,1.6627203517501243,2.2800294714995744,2.7482116980214073,2.7722093853437855,2.3741338021268916,2.6867374193022897,3.3638906344504846,2.7490082542128107,4.57527525665401,3.176019777555183,2.9759238652870863,4.545054992806115,4.632481189968388,2.754878674702695,5.295897078642838,5.561976285278689,3.492032455150735,4.72784679318795,5.288031209803648,3.9828688955560096,5.926963801262758,9.298472335899817,7.806983421215648,7.4820771145410845,8.125625783328843,7.035838937449,7.507812481240251,7.5060752092074665,7.518211195347618,8.316151297229965,8.519222471188556,9.101181994285923,9.06805863052972,9.224189559981255,9.192896041247394,9.711496823602062,8.785696577849762,10.180033842512728,10.55032740547307,11.067699602039227,11.624997176354128,10.928832245282933,12.109750699714397,11.480334691170015,11.398819457070914,12.651463378797132,12.614840470307655,11.91440958881347,11.473449374963764,11.835812229138156,11.848953530348211,12.655630818750751,13.922846665427471,13.769903401287706,13.90815823937018,14.667329442481105,14.350812471478093,14.234276100759132,15.86824423702393,14.804688948505543,13.81288113165158,13.566249748339288,13.567247647712406,14.182568876000687,14.952993647123208,14.10702963857807,15.897902270845321,16.256600446280032,14.71256118447829,15.54908035300906,14.165937943888338,15.313147379575526,14.656797326092601,14.257277286310767,14.292483231991895,13.95590419159197,13.154650811193505,13.293314641093389,12.707363601670295,11.193903688268364,12.023763990729663,12.02018641993567,13.505877626774264,12.9307250669506,12.683884865113242,13.061189098932118,12.354959056204194,12.04730353696695,12.56355215166036,13.516762187829954,13.009369559478728,12.495127188308174,12.125174390395529,11.608617371953642,12.029744232146669,12.770128896581753,11.31971200781345,10.46173737474291,11.109208416487547,11.082476138803543,10.528993097659082,10.976017259329439,9.00097643562816,8.448158302680923,9.537231106242444,10.380104678892224,9.627918246166331,8.797761533676265,8.931579871624592,7.630842246570609,9.051811063438777,8.86522855489008,7.857863880435275,8.135699180250015,7.971769031379779,8.146416157261001,7.109583924582978,4.931957683244974,4.508303493086316,3.7262915838363995,4.8983506455271595,4.119288145952169,2.2320189732259053,3.03838094337803,1.6863115027518347,0.648622671782249,2.5908295493432263,2.41823903956373,1.682108104872583,1.6341329189996827,1.8352593653937674,1.3541541113559106,2.017204587926983,1.9362289989354622,2.7288589451221696,1.2717742955192364,1.33751341092119,1.872839378460867,0.8491733546447051,1.1823637989296003,0.8417258827300884,-1.399775438431817,-0.969263794183405,-1.5559339173124442,0.23725647209687395,-1.0905536434656256,0.7725188353891781,-0.19050487613262135,-0.580923708436103,0.04447518176715448,-0.4300800896053545,0.6051024561039071,1.544966858079647,1.5623043850354463,0.20296828497725983,0.13199805104770235,0.6088545428114287,0.2149590558519776,-0.2697198118513313,-0.09620408440099482,0.8713582222172249,2.2176115483442516,0.8698973907399079,1.2724942802621513,1.5481321988652041,0.8206854104334411,-0.1254189974462463,0.7449021086741539,-0.5309933365390407,1.6980830934965638,1.535366708173882,0.26535180235100597,0.6768965310212423,1.778143080259838,2.5190365469680955,2.546131347303259,1.5131532763783753,2.331380975279245,4.276274452331052,3.8162866467833396,4.436990431586395,4.474788376186808,4.382415614144662,5.178738423338018,4.787133141450283,4.388528688876988,4.741017203589422,4.775999710877784,3.9026447062666136,3.170470549477301,2.3899357617245585,2.357689343074526,2.2907291756935138,1.6624921149632144,1.4575384444190433,2.189130063573714,-0.02461287537639123,0.7906154739380611,0.7576502542882224,0.9914377354383817,0.3291225977159229,1.062149349062281,0.2742598277879722,1.2287764544648496,1.0731006017314257,1.2553384754027945,1.1479736153905833,0.00523382083792967,-0.041166041291916144,0.10347107317505788,0.6367936657613598,1.480723909283256,2.344201735142917,0.5425817215924269,0.501554516174167,0.5324766057273678,0.4434085284981677,0.5997380399929568,0.6150370554786946,2.2752712290767647,-0.07451181534517559,1.2148887609361907,1.0961108136080497,0.9021936881968884,0.39278184522734705,1.263631105200119,2.3111289632049505,1.8585335155073324,2.762168423158471,1.9790346515906236,1.1920087445112273,1.4179971990915305,0.9637394621496327,0.7768897556959473,1.319315767378768,1.2162685910440842,1.6902739688797936,2.0707758564078063,0.7735522686382836,3.249407563796808,1.9314305686521749,3.0317701488018542,2.065278834122239,2.540430677484551,2.6452344373415144,1.4689361058957218,1.6845597921740136,1.9876132839931984,2.684794996612524,2.3450101777799404,2.0384913214122804,2.069471846593416,1.1519597488314162,0.8850946526247725,1.844425979385278,1.3015861308629582,0.710374377587911,2.3455890054393933,1.2780563664663163,0.9568145532562653,1.668921855298251,1.6535849038998691,1.0950251170897332,1.3116037621865075,2.3650825707367176,0.41375024273597205,1.1657914819059414,1.7467340902417732,1.6240170690773965,0.8395802826709371,0.6564632863945974,1.0822123875998955,1.2758249388319314,0.11607052328174916,1.8061585989992608,2.1713002603765688,1.2372984622055014,0.8457747287690296,1.6133290983155746,2.066977173930084,0.4105456156263614,1.3494249025993952,0.3587961224035894,1.2821339898580817,0.5699612185701994,1.5642341097542811,1.822813143468423,0.9986743049683042,0.9259915173455227,1.1562085012852492,1.5672764532328074,1.8560017396571453,1.7233791078973155,2.253887006410892,1.4626830326065772,0.9228698099692707,1.1357801013600408,1.4405761671967383,1.0390605351786348,0.499696660724652,0.21201570540628722,0.6806153091456935,0.988332531581321,1.5238896792316012,0.9830920896644386,2.468132277160308,1.1846648769287782,2.4106556787333773,1.0530147508438006,1.7667750894094922,1.121840801098699,0.9322945878748641,0.8556486049468646,2.00982598607159,-0.3979023812035791,0.6651736428111832,-0.07237767594899935,0.44407692541020083,0.8199755645056825,0.5819294102497992,1.5778080944791952,0.9086092425953893,1.2237922362816107,1.138819784328831,1.3946427543988875,0.3631857161895766,1.6076191326492335,0.4744920314818728,0.436573982754652,0.19642424297215655,2.0083140611144756,0.5948908261872248,1.171851347946614,1.9055683410152255,2.304409642088359,0.06883579281223717,1.0640638792944515,1.0792764348605317,0.7074431178749592,-0.139000884018472,1.7401603077985612,1.9160774807679104,1.0514616120849496,1.8886514780599555,0.48888681186879523,-0.35407941444347557,1.4903587496233115,-0.052976898735920486,-0.23271899603011548,0.7050943398438392,0.9697953368992245,0.7131065945344375,0.4525037889964665,0.7928496101825999,0.20613316758343103,0.8230806740218668,1.5057034169222447,1.0274429602876012,0.6920065256560974,0.5950781605324948,0.7302605443928485,1.1686633162483275,0.6481517183535601,0.3346685738507489,1.1834785404809764,0.08960454329971412,0.15400963559660852,0.8104968275211348,0.6759440649937005,0.06977437890070348,-0.12397592518082945,0.0985338336730166,0.9858889109156763,0.871925406639491,0.013300367269650337,0.27363486336709286,0.9484118416040275,0.7010646607423183,1.3317758522808418,0.971050143237008,1.5462060922942555,0.9956781888631809,-0.017528004239011352,-0.2089508775226534,1.395240553689348,0.9363598114377822,0.7836102928878148,1.0586519666076981,-0.07503475107230173,0.859930444209354,0.951673075976629,-0.4355278537864251,0.7160146122739803,1.2937083875244753,1.4706211037693464,0.949330761488838,0.005741324940935044,1.1572117415754661,1.0463908752603572,1.5538501425994014,0.5563156407135494,0.6474093684676347,1.0489995764680344,0.7255424937929433,-0.367748766854028,1.1936724833580996,-0.04847881421049749,0.4822144634584191,0.12945049793670194,0.9389347162758952,0.20443085167431718,1.224070371805965,1.999937513208323,1.6144462850313985,1.2542661727009659,0.8309467187040624,1.4109369372690566,1.1326729116292995,1.7661480485239451,0.49991566950110666,1.2994034617304209,0.8642652891966023,1.8719533478580246,1.8731420983207556,0.8573218845521637,1.542876143234622,0.649557701636752,1.5026299444094136,1.5064539390504308,0.5983190695915184,0.684470563071244,1.183993857692414,1.1239722174978368,0.0205139040977258,0.8618568884824356,0.9380885048253162,0.5602615772858286,0.7256966889978287,-0.3660609014856533,0.30737563610572494,0.11548080145549022,1.8079017930017613,0.2711647649196607,1.6972728329281495,0.7177012841160533,1.496575229741424,1.3970095774562878,1.8335259456067092,0.8301199949666369,1.2920394917758387,-0.46501408435131,1.9972153960484036,0.5341487002572904,1.4583749749376977,1.1546383121163757,1.8271788127678121,0.565127972412391,1.0114043352978257,1.2570617651356741,1.8810385459814114,0.47956104419220935,0.410890807894404,0.5941299439477277,0.8720903875075763,0.8596711114844027,1.4159001824877606,0.9579263086991716,1.1712353064659027,1.376349364848437,0.4767335184302226,1.0905400115717896,1.8542163290462526,1.0448958817289906,1.2877343560111996,1.6374336899955892,1.2535273885681093,1.4207929334963012,2.0372927458922945,1.3365154353551816,1.1752823850498046,1.9021712836983724,0.06327328281708589,0.9626291728066434,1.6825275709922352,1.2202998756334438,1.6705025059460894,1.1758179798190795,0.7994913922316726,1.196988026977749,1.7428168195915177,0.8272679884963026,0.8426342938981719,0.8336971217725448,1.3727875174836726,0.6699317555261501,0.9179783913286812,0.7490383034634789,1.2678518258241382,0.48540540270304433,0.7380446960898865,0.858380730810687,0.9712455272229619,0.5954834710179568,0.786407356621794,1.7268666925938945,0.8522667560208674,1.0528046740077954,0.7468871747123771,0.22197376797459967,1.0970668576958573,0.7860887932314284,0.9555119393519504,-0.08360676201918693,1.2031858367597614,0.6547203132103476,0.6437245244378751,0.062201927358856324,1.4023794557771794,0.20724239909279518,0.26403860178022853,0.6317787354901583,1.2245397449078546,1.0178876167653783,0.35891684082902486,1.4531126131818155,0.6013733020228109,0.6484451679595793,0.8451889897093849,1.2265879481859372,0.7543142877333544,0.7556655115066349,0.3502440399051352,0.7698806113163918,0.33994802810250846,1.257385788098503,0.8364124078788677,0.4544214796955117,1.1078746579110543,0.7483002323542252,0.8149049098982744,1.102030286575669,0.6723036282711945,0.35866726095464685,0.6987829868225255,0.8069136006468263,0.7654538463643128,1.7334661728648513,0.6261031166775126,0.6955722472835681,0.9829337632044144,1.0771699278036238,1.192158001976665,0.838547142075786,0.8745167502276701,1.0166388601583662,1.5460815942897028,0.9081860996003144,1.0294754668493482,0.9423782288141922,1.5765148166675438,1.746921598227999,1.5289897793902618,0.8826871888420236,1.643776866752038,1.5058060362604557,0.809466073756667,1.8280215235308468,0.6599016438484853,1.1317135344649927,1.1243302050976887,2.425095804733914,0.5076317594542843,1.264704836936346,1.750203122502544,1.3679081449511408,1.7955728156773176,1.6655206795491608,1.9309559917699062,1.6879184580562452,1.8681123401747186,1.5830493940638348,1.2891489494709703,1.28214749961586,1.3323507294819876,1.3042662374640344,2.537985518872855,1.2482108394715645,1.8372376713077188,1.2127038451284022,0.7710146318582503,1.3605119029532347,1.252915443490565,1.136355348663212,1.2271350350278567,2.0873315024051635,1.4021352601043446,1.58714241619667,0.8290671026023553,-0.13674503938177907,0.6218307997330328,0.5789453956381294,1.0129658467294433,0.9218922959253604,0.8260102462734267,1.0697914337052055,1.33978667414884,0.7212731398712435,0.35643266194634116,0.8385635612103641,0.660842624748426,0.9069674145538471,0.8774342088843223,0.24788415379693163,0.8570289863162515,0.37453401670096476,0.9702571117187819,0.951145829993095,0.40703032355132684,1.304756716811184,-0.3360706896546901,0.5014886618849204,0.62619441401249,0.49306355967434,0.6269200818097431,0.12369768578003182,0.5094943514127994,0.6417736314929385,0.11200877059280856,0.6120109312850701,0.06386355803238075,-0.23742516121619595,1.2854405527582475,0.4371119256919638,0.9215730549603194,0.23732646499158072,0.1045046844923121,0.46832547692022786,0.4310290714788749,0.6954034410666292,1.1290171322389977,1.1692761922017336,0.6965949781102267,0.5615577512494649,0.7967545855081113,0.6455260784529031,1.1864588340958022,0.6286163434953238,1.0319721658316183,0.9000785175158796,0.02387726701122972,0.8609638258905221,0.48992531018713237,0.07902179213526495,0.8764073608335092,3.3206457578176316,6.529557076191608,5.14966572024427,19.384402141442962,2.4486146188789473,0.26767786692140305,0.7970919730590396,0.1097066226463852,0.9013362803377163,0.7155660907344696,0.9640135637487788,0.427381449625841,0.4239147453491796,0.9904891958745736,0.41924764701586525,0.5518600138119609,0.37168546991414075,0.8217741814560497,0.2000566103495771,-0.2688562987903964,0.8054846202224581,-0.13184710827592117,0.5452417425219824,0.6103695847150874,-0.04488286373980088,1.2383370496216202,-0.6746509035912993,0.20378642384787238,-0.048018621648907356,0.3263554277973526,0.05314720017293073,-0.1938477366678617,-0.09837299712648928,0.5185444909443797,0.24225990380318763,0.06859551368123107,0.7883078413497913,-0.03802066391554604,-0.18544281691183073,0.2662237195117143,0.24924760249001565,0.3366578842885417,-0.1269490630864425,0.48239340662794916,0.32376510063448904,0.9150171020544917,0.8552468376701938,0.31591120468232337,0.6465885815393344,0.41489110568690535,0.26750332534527477,1.4702112715986289,0.37419580809472475,0.14667006112802117,0.7058260662593341,0.5508876436987853,1.1698452133009312,0.9466013102416468,0.5829642555749501,0.16989432571295904,0.9234852531756985,0.640897361922697,1.012065942311267,-0.009585009859762295,0.38355636539492366,0.9989751842681756,0.6686673850404361,1.0860260724824409,0.47958479887202543,1.0951566328232616,-0.2554640169163358,0.6651219691365498,1.0352346851461496,0.30993709394496705,0.9513449532491052,1.2881859473308728,0.4836393407433377,0.9518841967416733,1.0210518808335394,1.1144823082050266,1.3297277476864906,0.5729021585705132,0.9297448783462414,0.3204273123041901,0.6724368852786711,0.7080865439553179,0.7228932083033328,0.7356503426259744,0.747759657266017,0.7593281761166679,0.7703712955606647,0.7808990908393412,0.7909210833197449,0.8004467162789695,0.8094853539020619,0.8180462803294404,0.8261386987528567,0.8337717305594765,0.8409544145225993,0.8476957060383086,0.8540044764070558,0.859889512159782,0.8653595144268422,0.8704230983497325,0.8750887925338589,0.8793650385423746,0.8832601904294677,0.886782514312813,0.8899401879841662,0.8927413005569065,0.8951938521504132,0.8973057536099134,0.899084826261145,0.9005388016991844,0.9016753216107247,0.902501937628216,0.9030261112167182,0.9032552135909384,0.903196525663077,0.9028572380198625,0.9022444509280945,0.9013651743689763,0.9002263280992793,0.8988347417391367,0.8971971548861006,0.8953202172541808,0.8932104888377239,0.8908744400989974,0.8883184521791634,0.8855488171319337,0.8825717381791378,0.8793933299876642,0.8760196189672058,0.8724565435881289,0.8687099547187813,0.864785615981873,0.8606892041289882,0.8564263094333171,0.8520024360991272,0.8474230026880036,0.842693342561347,0.8378187043382468,0.8328042523685326,0.8276550672200074,0.8223761461801189,0.8169724037708193,0.8114486722763274,0.8058097022837103,0.8000601632351731,0.7942046439918897,0.7882476534090301,0.7821936209212481,0.7760468971383716,0.769811754450842,0.7634923876445043,0.7570929145239234,0.7506173765444544,0.7440697394521862,0.73745389393153,0.7307736562598564,0.7240327689692947,0.7172349015144448,0.7103836509466817,0.7034825425938038,0.6965350307453377,0.6895444993424746,0.6825142626728109,0.675447566069522,0.6683475866142885,0.6612174338440298,0.6540601504607935,0.6468787130450266,0.6396760327710069,0.6324549561251729,0.6252182656264154,0.6179686805480458,0.6107088576415833,0.6034413918616508,0.5961688170919501,0.5888936068719204,0.5816181751242766,0.5743448768821793,0.567076009017029,0.5598138109657782,0.5525604654577592,0.5453180992407454,0.5380887838066712,0.5308745361155047,0.5236773193182955,0.516499043478774,0.5093415662927612,0.50220669380613,0.4950961811305774,0.48801173315712276,0.480955005266992,0.4739276040403979,0.4669310879620241,0.4599669681236662,0.4530367089239462,0.4461417287648999,0.43928340074478456,0.432463053347675,0.4256819711294213,0.41894139539954267,0.4122425248993977,0.4055865164762338,0.39897448575302974,0.39240750779413247,0.38588661776637423,0.3794128115958131,0.37298704661986903,0.36661024223460004,0.36028328053734526,0.354007006964423,0.3477822309236842,0.3416097264223197,0.3354902326892102,0.32942445479238813,0.3234130642506443,0.317456699640303,0.31155596719636947,0.30571144140816386,0.2999236656093274,0.2941931525624284,0.28852038503751487,0.28290581638540857,0.2773498711049456,0.2718529454042482,0.26641540775668204,0.26103759945016236,0.25571983513094665,0.250462403341686,0.24526556705282587,0.24012956418872022,0.23505460814715207,0.2300408883129137,0.22508857056533316,0.22019779777966164,0.21536869032235018,0.21060134653990303,0.20589584324198995,0.2012522361781066,0.19667056050809606,0.19215083126658783,0.1876930438211275,0.1832971743241103,0.1789631801587177,0.17469100037843077,0.1704805561404612,0.16633175113278753,0.16224447199536485,0.15821858873502492,0.1542539551340667,0.15035040915293507,0.1465077733266753,0.14272585515536207,0.13900444748810514,0.13534332890156975,0.13174226407207357,0.12820100414154467,0.12471928707770985,0.12129683802817226,0.11793336966857737,0.1146285825450093,0.11138216541002066,0.10819379555346131,0.10506313912694054,0.10198985146269024,0.09897357738663004,0.0960139515257481,0.09311059860968385,0.09026313376656958,0.08747116281344347,0.08473428254100668,0.08205208099292349,0.07942413773935186,0.07685002414518749,0.07432930363282253,0.0718615319396747,0.06944625737011734,0.06708302104237873,0.0647713571302404,0.06251079309907936,0.060300849937164,0.05814104238180562,0.05603087914002458,0.053969863104896376,0.05195749156621332,0.049993256416911436,0.04807664435415404,0.04620713707575419,0.04438421147193594,0.042607339812263945,0.04087598992788344,0.039189625389127514,0.0375477056788327,0.03594968636082285,0.03439501924418664,0.032883152543007554,0.03141353103180222,0.02998559619692287,0.028598786383213337,0.027252536936998695,0.025946280344726347,0.0246794463675144,0.023451462171777848,0.022261752456074646,0.021109739573688557,0.019994843651772953,0.018916482706572424,0.017874072754807457,0.016867027921506406,0.01589476054434158,0.014956681274156836,0.014052199172425617,0.013180721804872064,0.012341655331994161,0.011534404596233117,0.010758373205845828,0.0100129636153099,0.009297577203454921,0.008611614347614704,0.007954474495335262,0.007325556232984809,0.006724257351606866,0.006149974909476441,0.005602105292609849,0.005080044272006035,0.004583187058386784,0.0041109283545495146,0.003662662404906314,0.003237783042834508,0.002835683735384009,0.002455757625824617,0.0020973975738911577,0.0017599961936127784,0.0014429458892379898,0.001145638888999656,0.0008674672768620439,0.0006078117947652117,0.0003660445968876047,0.00014153182002019093,-6.636402275717046e-05,-0.000258281819384365,-0.0004348598009187299,-0.00059673364140167,-0.0007445347098098409,-0.0008788884674686415,-0.001000413004675238,-0.0011097177107046718,-0.0012074020708041644,-0.0012940545839228434,-0.001370251795748345,-0.0014365574408259363,-0.001493521688104238,-0.0015416804847632193,-0.0015815549919864225,-0.0016136511083857386,-0.0016384590752522854,-0.0016564531585459008,-0.0016680914036442118,-0.0016738154570248298,-0.0016740504509584753,-0.0016692049470066195,-0.001659670933634061,-0.0016458238742416142,-0.0016280228013556552,-0.0016066104539902426,-0.0015819134537764512,-0.0015542425166756857,-0.001523892697861129,-0.0014911436654188037,-0.0014562600008503068,-0.0014194915233360916,-0.0013810736352297681,-0.0013412276856854533,-0.0013001613513097254,-0.001258069030484421,-0.001215132249853923,-0.0011715200812716375,-0.001127389566789816,-0.001082886150328477,-0.0010381441149434067,-0.0009932870228794854,-0.0009484281587788246,-0.0009036709737415549,-0.0008591095294718798,-0.0008148289412304166,-0.0007709058191665008,-0.0007274087064956802,-0.0006843985146360865,-0.000641928953569959,-0.0006000469577998047,-0.0005587931067339014,-0.0005182020393590392,-0.0004783028626036412,-0.00043911955330599994,-0.00040067135296339984,-0.00036297315591582446,-0.00032603588988422416,-0.0002898668888917655,-0.0002544702594491355,-0.00021984723821333318,-0.00018599654265472054,-0.00015291471385125988,-0.00012059645138151609,-8.903494108380983e-05,-5.8222174828870266e-05,-2.814926310179544e-05,1.1926894387670472e-06,2.9812580834231994e-05,5.771930901232736e-05,8.492176883123648e-05,0.00011142884952164422,0.00013724943173087922,0.0001623923849365383,0.00018686656480326747,0.00021068081085218182,0.00023384394384606821,0.00025636476357249194,0.0002782520463142646,0.0002995145429167678,0.0003201609761731561,0.0003402000389769455,0.00035964039210512055,0.00037849066242756635,0.0003967594406049102,0.000414455279582171,0.00043158669259923954,0.0004481621514003109,0.0004641900845570035,0.0004796788759051651,0.0004946368627827269,0.0005090723346370396,0.0005229935313479928,0.0005364086418353509,0.0005493258027513548,0.0005617530971164797,0.0005736985530404581,0.0005851701424433031,0.0005961757798331746,0.0006067233211695111,0.0006168205628398482,0.0006264752405513718,0.0006356950284498453,0.0006444875378974757,0.0006528603166771063,0.000660820848139565,0.0006683765502657479,0.0006755347749560769,0.0006823028071494264,0.0006886878641125804,0.0006946970949570641,0.0007003375797864919,0.0007056163291565554,0.0007105402836486974,0.0007151163131311478,0.0007193512164462845,0.0007232517208706213,0.0007268244818305902,0.0007300760823341079,0.0007330130327432016,0.0007356417703192619,0.0007379686590240908,0.0007399999892072628,0.000741741977321908,0.0007432007658962902,0.0007443824231074814,0.0007452929428382049,0.0007459382445347273,0.0007463241731500148,0.0007464564988595157,0.0007463409173169566,0.0007459830494838116,0.000745388441544037,0.0007445625651882892,0.000743510817500237,0.000742238521041827,0.000740750924137501,0.000739053200646822,0.0007371504504760651,0.0007350476994361088,0.0007327498997256043,0.0007302619299593971,0.0007275885954527439,0.00072473462850553,0.0007217046885727996,0.0007185033626910808,0.0007151351656773386,0.0007116045404700344,0.0007079158584986089,0.0007040734201098076,0.0007000814546813672,0.0006959441212188722,0.0006916655087252366,0.000687249636598608,0.0006827004550302718,0.0006780218455730846,0.0006732176214825358,0.0006682915282851809,0.0006632472440344372,0.0006580883801063919,0.0006528184813419102,0.0006474410267856001,0.0006419594301689813,0.0006363770404789193,0.0006306971425260599,0.0006249229575132631,0.000619057643348242,0.0006131042955530575,0.0006070659476051787,0.0006009455716196044,0.0005947460790309833,0.0005884703210767839,0.0005821210896499451,0.0005757011177820459,0.0005692130802685824,0.000562659594379511,0.0005560432203992605,0.00054936646225201,0.0005426317683259185,0.0005358415319847154,0.0005289980924203519,0.0005221037351077484,0.0005151606926858676,0.0005081711454124616,0.0005011372221872534,0.0004940610010351065,0.00048694450993025384,0.0004797897272794671,0.00047259858280312983,0.00046537295818893654,0.00045811468794454413,0.00045082555996600604,0.0004435073163335801,0.00043616165405069296,0.0004287902257829046,0.0004213946405968727,0.00041397646472773886,0.0004065372221759844,0.00039907839558850355,0.0003916014269123025,0.00038410771824715084,0.00037659863258454607,0.0003690754943477259,0.0003615395903011631,0.0003539921702611082,0.00034643444794824063,0.0003388676016413683,0.00033129277494481357,0.0003237110777263297,0.00031612358665711326,0.00030853134603603394,0.00030093536861386383,0.00029333663607644667,0.00028573610015314443,0.00027813468315684986,0.0002705332788650594,0.00026293275317357256,0.0002553339449775649,0.000247737666853709,0.00024014470574229563,0.00023255582382830653,0.00022497175922353563,0.00021739322664870997,0.0002098209185135147,0.00020225550531449699,0.00019469763680035612,0.00018714794231300402,0.0001796070318960119,0.00017207549672093592,0.00016455391005365527,0.00015704282787964985,0.00014954278978507318,0.0001420543196672952,0.0001345779262180713,0.0001271141040888324,0.0001196633343454323,0.00011222608534922074,0.00010480281343916431,9.739396378449783e-05,8.999997095315848e-05,8.262125987812396e-05,7.525824631215983e-05,6.791133785100101e-05,6.0580934416520904e-05,5.3267429279912903e-05,4.597120957328116e-05,3.8692135120754756e-05,3.142961057278626e-05,2.4182657483606818e-05,1.694998641710299e-05,9.730068313729134e-06,2.5212064542756707e-06,-4.678392201640236e-06,-1.1870545762349138e-05,-1.9057025838264963e-05,-2.6239486771828524e-05,-3.3419393986378054e-05,-4.059795330135785e-05,-4.777603965067101e-05
19.26047845501597,17.72141797254403,16.062268894102374,14.264137140641992,12.509573560090189,10.758715464585407,8.254779969996605,6.172104942492751,6.283141436436836,5.69548393195015,3.9938075796677595,2.7442322731765216,2.7570181316823437,2.1322504394211705,1.069257368989554,1.6051049168683562,0.828921960893922,-0.7990079964514507,-0.6962091527653911,1.4516442455494598,2.5006328914359983,1.9033033971258533,2.355274634553041,2.2588303243836663,0.4935793912095505,-1.8959829916510103,-2.13934851664402,-0.7721119321556671,0.6508660836030913,1.1522166271889205,0.27034831796254366,0.24111839053159656,2.7561335641879054,4.813519088798671,3.1292038936959443,0.5562013877972731,2.867385506943492,2.994443607918072,1.9978774580313825,3.330400439211985,2.2634208019600237,1.1403679481106792,1.6893146078443806,2.053464012539166,1.6618468613604591,0.8903930621895597,1.0214349446140432,3.1754395148069534,3.1626930127355877,1.5031371225418297,2.5904619913953297,3.6750470692770136,3.1111839006371156,2.4303487210150365,4.510575072019151,5.659370129176182,5.6584532634396965,6.8761216489670005,6.881630146022985,6.994324479994987,7.213145635372996,4.953690391355053,5.144738399574635,7.370464324108923,7.896743974717367,7.188732209269176,6.099064785412338,5.917571566140509,7.286041033056335,7.473153165849226,7.147886287869937,7.830444781794597,8.439836026448177,8.042863248470383,7.450438937939339,7.764124194709154,7.528991336480772,6.835857754151959,6.398129197049684,6.424633094196338,6.612843695739002,6.12397972654918,5.068600070526713,5.175152403470406,4.694727937287837,3.0003045734025022,1.9890907007965097,3.4558774162341024,4.21877104725786,3.58977406019784,5.206175364741284,3.9505332869887866,1.5917581714858784,1.9293385810058226,1.517218485552462,2.7245272090706294,4.017409304642513,1.681711201335304,1.198072627647207,0.5775591692958528,-1.1104446160114776,0.14097628925469508,0.4880093706349271,1.280354062462834,3.7365146819116717,2.2954238849160333,0.3368708873531432,0.6533033669637689,1.5752243877236651,-0.15560816890911155,-0.3541382391553043,2.0013617031603985,2.3538568210413473,2.1964524582140257,2.726355285519503,3.5102175549345134,3.2081360700191794,1.456434089952495,2.2339943675528957,6.586075242417337,6.2453737955870565,3.71802394949583,3.411404119227541,5.207745863688615,4.21126526392618,2.8642516106818334,3.7175142813829325,4.989037660000463,4.53495883492576,4.221698819474739,4.994932323857938,3.876200335334886,0.624622687374881,-0.5196020726103825,1.8004542766569216,1.3597548856711796,0.728733916287581,1.4658930213390704,2.374545792503909,3.2569375596367536,2.8718258663094502,2.921174717509416,5.172011307604066,4.318486562280896,3.244478673229196,4.487673994039881,5.618625985496692,5.4801044564907215,5.132041739988267,4.9044501873512445,3.7704080429873557,3.9065453069532055,4.729085108124082,4.613936464017399,3.940151229789194,4.105396521857983,5.3389735841116135,6.185918113179582,4.713604138981623,2.463037885345443,1.3745170969260698,2.484713783793495,5.108620131066004,3.7455542472654315,1.768094228098505,4.145558517372592,2.3732358410701977,2.799685994992899,6.100281281759237,6.48298649745675,8.442478474629127,8.527266405333876,6.718781000662261,7.215126923666219,6.407218224113251,4.919000456820584,5.391966143305922,7.4706895885772155,5.460572195164957,4.246360321655459,5.753021948546802,5.2362131082635415,5.679280908318674,6.090382723619598,4.659529609192248,2.349864335243467,1.6224234931360684,3.851634552528253,5.981901627476191,4.119432646091809,4.594952760562023,6.045735783396253,5.728134657452415,4.942508068671032,3.8300344426793913,3.490601427650631,4.234667577817106,5.027995053429265,5.915477671348867,5.7012860893882475,5.002456584749382,5.978322227786862,6.405250500719205,5.907996959807633,6.131580192663307,7.276010871879066,4.610085677983363,4.1053898705444,6.429705757887405,4.762503470220565,4.6747319869688795,5.428776578885163,5.593876297296106,5.857952511978681,3.956655525509859,1.4030703574054542,-0.21565220637467064,-0.016157906896523855,3.938101788402605,4.544857212673662,2.766993334554229,4.494915420149368,3.964762101443,3.5429511019431175,3.7486402271972565,4.054569692129746,8.00516512781644,5.643661574329258,2.3299436618488585,6.241552926892723,6.327942294077616,4.163411475974726,5.435266144157538,9.5473337706552,8.614195678502028,4.293553573888971,3.3222098640878244,5.8420873766238515,4.622122766958114,3.910194977436163,3.7551163260820317,3.225779306306606,3.608910508665076,3.8442818554320866,1.7729405427566007,1.2930622886094625,6.2611051043706425,7.509906266645032,5.810656918114546,5.070899989533132,5.8785061997296,5.590449764348989,6.114668666654552,7.268554676567646,7.522544606839574,7.387815510162795,7.785974595178914,8.087908116903805,7.469463709959314,6.710064860332636,7.840232939877183,8.081009889674078,8.057520118734715,10.132558126406764,8.500887821129709,6.873537967228003,8.165119242609023,9.660297790170205,7.703614424578291,7.140738144860848,7.810257101559046,7.351265322937252,6.987359230062225,7.063747057702358,7.050483753999629,6.687734644705415,6.45083280755432,6.70771929408545,6.049540077160714,4.54623074207359,3.766536083616529,3.9142407251621307,2.3542312083512797,1.535652716603522,2.545314992837689,1.4579731830476703,0.39479941502395377,1.8838260223221255,2.875784273627289,0.6938112551012523,2.5055261872025767,3.018984012024191,2.1600128586064216,3.2388399681537976,3.848895490869495,4.0336214601037454,3.836123830958172,3.4374781258752023,3.240652794231437,2.936183080327851,3.208347800884326,2.6034555082995894,0.5655500298404945,0.350320440240921,0.37513788658600333,0.8978581000692429,1.137640485308225,-0.4357452913027373,0.30957969786629747,0.4956720341678533,0.22923792619940286,1.0251256228351622,-0.2722878413807166,-0.7760840305102192,-1.1176218422627926,-1.7625115243189384,-0.9187533829497738,-0.018146193531151766,0.7436959013291471,1.015732913279976,0.33422336358495386,-0.1297476679093279,2.6476880683466675,4.440369588826002,3.962626367889584,4.076980795236295,2.246235626020905,4.824062348325469,6.437783348655103,4.023680492046594,6.537016933351765,5.73383667505459,5.044529989765408,6.099102055226467,5.489410572070881,4.990448617349557,5.286418924250711,4.948730758167528,4.384058969132525,5.0131770333990175,3.953177568892272,4.006363873860721,3.3827536949850128,1.241186399793719,2.523521037071532,3.5917215119530397,3.5319641237052792,3.9751330643763367,5.3861270653960105,5.830430398180738,5.416007264284531,4.480099846671237,4.2728831363136806,4.828772398830722,2.8602830584906087,3.296910037153225,4.611727072212375,4.222875930746227,4.158208612019507,3.382802034806218,5.054237584872112,7.9064207725933215,8.84778663221914,8.711482542122326,8.160397427537703,8.657498688254918,9.079754372867626,7.57976642984471,5.677445469992108,5.830476004342074,5.661367415635709,5.6014358766130385,6.356197433330522,4.033908050216667,6.251429013111249,7.075114612666653,4.72042740111101,5.3208590083173135,6.601270221022162,9.28444609856382,9.795227924919004,6.188644043901263,2.230445696754316,2.231885214842009,5.0415071869523445,6.259809103684972,5.242842150707588,5.333839504894627,6.7221947075082085,6.818858383614042,5.682516081761662,5.04247644791144,4.5302387218816875,1.8585394322117281,2.3383812559795842,5.423711020346786,7.072686744418149,5.620602135395984,2.922556101417058,4.879728531526837,4.736621776421316,1.3558407261674574,3.0355061545919853,7.081154471421996,4.456372319943,2.3167622368878256,4.398919965695654,4.593066506410764,2.9877561594198596,2.8897129318187353,2.823189828802583,3.072235709173242,4.963928934570049,5.301818506674579,4.939623829212792,17.451980523775887,20.122202917211325,3.1855994407777644,5.763157665857477,4.25702329253852,1.8979242082648398,2.5894394372782017,3.1728004019184937,3.834819320269162,2.1610507689148903,3.5729864409582888,4.895621231365624,3.1384284375700986,2.2067854084584155,2.3651390032932227,2.6698364954242493,3.6814973826248547,4.790696950372251,4.552744002712586,3.1674781146223268,0.23168054447546638,-0.43811068602377645,0.2542444724422239,0.1415542248462316,1.6881880300335297,3.6100717291784576,0.778495984870915,0.13399548345898893,2.6471341303164877,0.8577507197614977,1.033009220851568,0.5066323547601996,-0.19023904774979883,0.2545416527962061,1.5124369440833334,3.1318318957642077,3.098550391092033,1.3906035001365353,1.3837070612373736,2.8788697424242855,1.996100317496598,0.5277400360387219,0.15989825857172946,1.09073873620207,1.0242845790465935,-0.5674663583362758,-0.4159464995976805,0.3237418124188025,0.2388099230523153,0.9037127976115471,2.1567908755711755,1.9765517423625738,1.8058277189100522,0.9818906257482354,1.3437821223603805,2.1783892290251288,2.2620092320333356,2.5336589263997666,1.1607789532039874,-0.011181266637436238,-0.40932491852015573,0.22030571387062992,1.884388463619075,2.8171707218569964,2.568543001824537,3.1325788846534692,2.646570688762381,2.2038345892335656,3.516552463289372,1.189880821284362,0.8792687906677656,1.3553997549009296,1.267558083736958,1.4540844078733244,2.3453602468769077,3.9633197092809382,3.8260209366607114,3.977553168400391,4.686248425344445,4.279520361832056,2.895451108890086,1.4092134340464781,1.1421773250497154,2.1606161931802035,3.7208973296411614,3.6806146162150526,2.144126699313233,4.562563097519956,3.448210341569336,-0.25534056242025827,-0.4787970488546307,1.8202805069819306,1.217722700364675,1.08348836250957,2.7431941618447695,2.830043328371403,0.1349536615211946,-0.28483041798142494,3.259252635764369,1.507921729496104,2.0535800143386496,3.2370130589840755,2.0994151623134485,1.6366616959908242,3.0056385639261407,1.1858938598790587,0.817040074310853,1.7351617470623637,1.7692327405670767,0.9773527203051344,0.12974886037989108,-0.5933786183088614,0.959453451147624,-1.2211850793462418,-2.4139200104723386,-0.0005449848208058938,1.0495237684513654,0.35057974237929557,0.9475498699675882,1.2386020159599411,-0.08332676254582339,-1.833539278405624,-1.6561644238373674,-0.06268354448894797,-0.6150376641990078,0.32582158329182676,0.4251937703036788,0.0045063662618076705,-0.42087399294337047,-0.49503501757533286,2.0257876491455704,1.8753229816426256,0.055518745900826616,0.5280087996699194,0.6103229912414463,-0.8876077608471746,0.6365057993468213,3.1012458947703294,2.3697442452665882,2.3830741550856374,3.7498807129873057,3.4534730760648813,1.2074151533764734,-0.23221850503864516,-0.06488935855486488,0.8112739988227986,1.4346060178380071,0.4316673864660743,0.0817591277374845,1.5451331492504323,0.3780069265990278,-0.7094410374953668,0.9666615695444989,2.3268884196996282,2.074497414456573,1.8691060858943729,1.8105478230955896,0.2871995294038925,-1.6273203736731716,-0.3416322628789885,1.1982450447334827,0.7749032920048649,-0.927942851173782,-1.3429118002140967,1.0232600188408014,-0.783751843584696,-0.6391398593141275,1.1191121867066158,0.7114679991254889,-1.1392589758048643,-1.4938246989164554,-0.13224265120533119,2.1724159654312416,4.346300008298158,3.945044201443011,5.115377804986679,6.592072897435855,6.393287276228477,9.313880960454469,8.52420161112508,6.98967042075401,7.125445278262816,9.155185570871879,11.095213547475623,11.670438187934451,12.143517606727869,13.415689073557246,15.542455001194185,16.610993706935233,16.825150655003085,17.422003291099372,19.87480291552015,22.97146583440781,23.91262609298724,25.55684390613351,26.146588230271732,25.88315725325191,26.487255727952743,26.760365848234073,26.700744502980115,28.464910065195,30.4177217436677,31.761712902649094,34.1673704075871,35.5343039243204,34.709080151169815,34.80413137365042,36.08191082043186,35.811063308129974,36.273779849857306,36.21663386394795,34.06914802221746,33.92295074981814,33.26432038530004,32.55523988273046,33.22970425060447,32.37740592548653,32.33440242917402,32.26386596564572,32.9363263452837,32.974299898177435,33.32903501234631,32.7814581748641,30.68115709068229,29.611023071372415,29.811842309608778,30.3748924217291,27.74603178312168,25.237326669184995,25.187299320949364,25.48366379164952,24.858400414618586,26.394896886932656,28.262231779203034,23.3677927901291,24.84198725312484,24.889408397246882,23.029374750556258,21.416578328735568,20.732350690233034,19.866242687385807,18.372842161796257,18.363894392270424,17.730470212908244,17.699545603842353,16.31376860028314,15.736909735064728,16.866105829566266,14.777355656866405,11.684778862027088,12.904330770577985,13.684124963398972,15.145290088358593,12.463732477647625,11.584857681349376,10.79418841137715,9.545245488736896,8.634688303452776,9.072523679696815,9.755049082078017,7.74268460310941,7.522179926205467,6.97927077691827,5.717557118816444,5.092103061291482,4.753626438854212,3.8257754850083074,4.407875448129005,5.727058811201573,3.5799156242361505,1.5118756965682678,3.8468718975105958,3.988823517453909,3.1970571769454637,2.7629730722596832,2.8042650252776866,1.9030125679114462,1.0722641899278642,1.8818919212612855,1.942996932666233,1.1115227360054405,1.23810259024782,-1.3746650247585421,0.8965579931178809,-0.14479241629209127,0.049684196795851676,1.9145896667830584,0.4397321219302057,-0.03809563767936197,1.5884679917204494,0.19088411213658674,0.562061420635132,-0.22332260597772802,1.142777372819637,1.6949714084427114,1.5266157759198222,2.0209835729698398,2.0280530669153336,0.9962825475901695,1.3133085688197639,2.712806403160471,1.263717305119144,0.15076594932827447,2.080222294204873,2.0605413416828924,2.200641752861941,1.836035000365257,1.4270797488614448,2.046591754806286,1.8999549913224882,3.2399165081237697,5.042245625865803,2.845669104884564,6.627694939572564,8.098435820224267,6.0421920067866495,5.265998545066054,5.25322044305608,4.420327650900504,5.309033734046011,6.394096249500308,7.126834723367665,6.7614550052336995,4.792030396062842,5.592333227705353,4.994936622339765,4.897995418302003,4.307787733730947,5.566437144231827,5.784255271193501,5.771351763345592,5.374639890210801,5.650932246520597,6.436337764542486,4.630746549731953,3.9625087572700863,6.258118610513293,4.412063100629666,4.63392258711599,7.213110972637821,5.9255224093590755,4.453422398444957,3.1602892274147507,4.061700347820647,4.026595932295152,4.945888403550896,4.325418980859467,2.9921953810912783,3.2987986190433958,2.5704656602934506,2.807817662023581,3.77514739936953,3.24684868504454,1.9735722784660084,4.436925645616327,6.041245547308279,3.093883437380839,5.0301198530483475,5.02510318619926,3.9379107690696173,4.520350144275653,4.800168402048882,2.6481602762887633,3.334045802128003,5.113293040899066,1.7812561951388375,2.731219864258435,3.189598352355631,2.9379814716563715,4.524987524020503,3.1457799276660126,3.086372478390274,2.5413174757720753,-0.4025906576064813,1.2286187603769463,1.9739228388983747,2.192244853334614,2.928054756670008,2.1113203295395806,1.2938962668040972,0.9799380775826307,1.7018604189491384,2.3938112484202634,1.121316527155841,1.6454280999807338,1.0990849066197939,2.42906849569232,0.5586312531748945,0.24858025377784543,-2.261304094979664,-2.048868363561553,-0.5030329269274034,-0.3876673586620427,-0.34996755115224687,-1.3344888401283015,-1.5805523837505575,0.3765743986034522,-0.9475179798188833,-1.1273269340525758,0.9483894817640248,-0.21327212011141228,-0.7034818238224148,-0.11084412555629797,-0.5946047503898058,-1.6966072029957218,1.3087364356494504,1.3510714083242306,1.6589625046676701,3.0447451311654845,12.403060436609337,2.3782746071138945,1.8867252447376472,2.0170214422269055,3.623336068499782,1.6005522399907477,2.0125590584569863,2.2363863347410984,2.5192113835079795,1.5821187664872127,1.5524427934868754,2.786460487197303,3.7845222013925763,3.829723372529031,3.757069459001059,2.5432281338873963,2.4842331496378733,5.125995934066793,5.521507744690496,5.296665820566091,2.6704454618813998,3.9592030309543134,5.9702003847773994,5.989428232469038,6.004506324800502,5.18228354992732,5.342745402586388,6.034880765536059,7.784240487259808,6.487346492440963,6.640909136323103,9.420074404712068,9.211962716979144,7.025702827831708,9.274353234843602,10.561615043565439,8.576820756330676,10.346826233374145,9.056231838576707,8.8733710319961,9.557274610253899,10.835844552947265,11.115235057774385,12.610101436114292,11.28854637415077,7.961627840025983,10.410953210136995,11.82447061745259,10.176870317908424,12.19287190257134,12.610194433102606,11.360922206954143,12.69003498907432,13.93095134972512,13.503178678055974,14.457143380277643,15.882638188063822,14.566658977217827,12.815639732545009,12.428963421637746,15.215228039117989,15.252073305461806,13.968059050481315,16.271174731125484,17.29572676691231,16.93703679594512,15.064881513864236,17.97103299291888,17.304592121135443,16.720090118343364,19.09825276297562,19.06983467903393,17.264032184211004,16.030895402106125,17.336470044368696,18.41126555159019,18.700938556495828,18.091970266700088,17.683272881051977,18.342219923968628,18.779719528493473,19.14234693876017,16.59660349944619,18.256254265994187,20.012955700593068,16.093048719102825,16.815691449955096,17.228906989425326,15.00065083425082,15.159762378395556,14.571032274547349,16.83794289672261,20.567179507537674,15.120430568627,13.585868690961831,15.125746394368747,15.098008809814019,13.864826240259617,13.686499803085354,15.55541541082897,16.799650966753347,15.60574229123597,15.674322645783121,17.160796680545445,15.39750839621027,15.821505887931949,15.529396868340626,14.961033927876912,13.376122840369646,14.492863977294377,14.462470288530113,13.973613601817732,13.186430363104364,12.607262286014787,12.6732969334995,11.359074123407794,12.74510469629837,11.001085978892775,10.30719681148804,10.034960149116301,9.652363980543157,10.888320584007005,10.038483215869121,10.113683487018193,10.059215505471087,7.492125297563831,8.44496996867187,9.009052212848786,7.5647668972292195,4.421081596441098,6.152557611057546,6.675659486066962,4.354391434405073,4.452445722144802,3.7401059767948936,2.749221542728833,1.6340626549580861,4.560282330212459,4.650106908143556,3.5709130292109137,4.752833216519235,2.73955554428548,3.1485743741383203,3.7377799119149415,4.590211584727967,5.245512449818335,4.216149202085404,1.2344824210571517,3.224461620115221,2.2915242263025846,0.5193635698016692,-1.7085225608571193,0.32069401525583885,0.5615881297718772,-1.1172486941143234,-1.3986623672967085,-1.1524841998679562,-0.0772059715697253,-0.6741644978624208,1.2946687941559674,2.314109547123792,0.9889989089781466,1.4341570442921636,2.703414638856202,-0.04659930304089244,1.285293513095013,0.47881493391159324,-0.35968368380102334,-0.6960708797669781,0.4908641728221994,0.4001498608219549,0.028894966337333017,0.7664964394660387,1.5966505438227898,2.076112548403671,-0.047780162069472,0.5606274606074351,1.7397985548496706,1.2326914422676225,-0.3716358759926379,2.5645042386880164,2.104279178342665,0.5186350092180305,0.9919849943595125,1.2273122912379506,1.445208600704035,0.7470638407207559,0.17443807281625823,1.95625395471086,0.44229899484494695,0.6703640460726774,0.5884572021745385,-1.1783657806131487,1.2245803117016578,1.7541194341276878,0.9580788371842459,0.25165620144758805,0.8891604398110076,2.1474224126583863,2.000187564309215,-0.3812128160889756,0.026770988522258676,1.145809534637948,0.46988477744324086,2.400006755784432,3.0335050415975218,2.54500999220852,2.2255151869834435,1.4297956890686123,0.5583111535119656,0.8011786851553211,0.8456771982436919,2.135021195849589,1.701978929485648,2.2897676559122715,0.24038986208273627,1.825214871403091,0.8811027058967511,1.126199826159393,3.1030544601451027,2.606137330609897,3.467318141996543,3.607623442626249,0.8095296294009415,2.3304425480304474,1.780520648818566,1.487069976173217,3.3309089696925014,1.8523102659705728,2.864922633354496,1.3231569840618533,2.295452874482038,0.7841944308371751,2.8487418681634438,0.8313532722963259,1.8092260193924687,2.4924004200513252,2.6969499291450063,2.4838055403915575,3.095111356720224,3.3107157004532155,2.8592123119406097,1.664705464718736,1.968865064371414,1.663827768957276,1.8051058941406097,3.333038249359163,3.2769374625635237,3.7289057453926375,1.0140924671432572,3.715260759963826,4.7164431858434455,2.8253627311435707,1.3606061683939004,2.160657448525342,1.637425679376861,1.7714537859248765,0.21499168272356428,2.269367476322344,0.8209159656385907,1.4958551455046347,2.036507054637582,2.523618264786336,4.119539147955265,2.623109691951015,1.9153075341496901,2.7040296052805672,2.334898474620246,2.559038760378229,3.2183341246181385,4.423634648304244,2.0494772243565933,3.126068469347274,2.2234860107209897,0.9478179055030864,2.567246104581301,2.6472089337880504,0.20903130305157447,1.077962418125992,1.4320804433544936,2.410553523174542,0.5998000250266387,1.0223647842802848,1.0524618878483238,3.133152976657186,0.14670094136759815,2.1425360228991366,1.2684923781653623,0.39867653283401694,1.2041538090634845,2.422243151253781,1.8604919600497567,1.6892251038328254,1.9052672039000385,0.7643156984657793,0.8974340461552686,1.3906569426386142,2.700464245307444,0.8004941807884194,0.6475771495094875,1.2652625270249303,3.0169815211040145,3.1252655547866226,3.214844540918321,2.764413839095596,2.85306369006706,1.2672204839213208,1.6807157209482853,0.8310480720791986,2.1533020997438683,0.3434112822908446,0.776096114183801,0.518566679568579,1.8045521500205268,0.7730093063910601,2.142942356498267,0.7485821764647369,2.5290330853454464,1.617742894231597,1.9981042296706306,2.336843907021347,0.43073920101210206,2.065710524268681,2.1805102775931005,2.4441457821693575,0.988987788591345,2.1213341101672825,0.8037477200957142,0.931919736375292,1.3111862771963558,-0.4095726260951835,1.1257830585639823,0.45527455423658125,1.353624936739081,0.9991598364581336,1.77220059802724,1.561033554054518,2.176781163638992,2.3863076121003957,1.2360560296780818,0.25062635143763146,-0.28120619612192854,2.205746552303026,0.6132844326760392,2.177542387534615,2.276897729728205,1.063531265289626,2.0076472542024675,1.9983036098629015,0.1989263310351106,1.047591790383379,0.47427392368715005,2.2823443891150816,0.5723854907678572,0.949274653632699,0.10732863754819277,1.2896159384800825,1.3029486329698443,-0.47782239097300305,1.9292245472178138,1.252071461577529,-0.0056498023669036,1.4024979566612643,0.7159787292702902,1.1238336973616043,1.3575462930160427,0.9247610297787787,1.5194320998934074,0.8136553877954356,0.8496056665044875,0.9941188825574159,0.5682163833703697,0.7032068925335295,0.5685307906826012,1.5973460394997545,0.48971728209531307,-0.30395530479562183,0.18750324789894535,1.675398481885054,0.7326005563488991,1.7184708569797635,1.1988373710115638,1.3659240930303582,-0.4933337985505659,0.17447823027713127,1.755856074577153,-0.6855879939915894,1.4375389433979961,0.9308449058824664,1.4775393923796827,-0.46704294713640593,3.1014512494175364,0.9046346065218955,0.5370366138048581,1.48291140187645,1.2497292952016181,1.2821629235673981,1.0209556536042754,1.2620295567342765,0.5531681745495263,1.9322672271266015,1.9229248938737555,0.28552504964432046,1.3048120337375195,0.3334470270172005,0.8591923982254315,0.6811050384235529,0.059446281562301806,1.451353919360784,1.0258263943317019,1.3698994184031648,1.4863266795339882,0.9276206398259319,0.9610534394080759,1.4393616031867396,0.5774184007830456,-0.039396755496923674,0.26077467592280357,1.3026007697124697,0.6480390031758958,0.8043134469895818,1.575050084565305,1.431103517613849,-0.20170431087964857,1.372193272006399,1.258414374542852,0.6934172692948479,1.2858486711013342,1.0156282662309764,1.352059309877319,0.8545938814523311,0.12453115416587224,2.227998706979463,1.4744064245166442,2.188560086765193,0.3173852298367379,1.3167602654692985,1.0381514948049784,0.3525448932180595,0.8121511552657736,0.1275290237468738,-0.002412925204168914,1.6169308932785356,1.1312387808199276,1.4533397562580603,0.7763361628069845,0.8201856670968368,1.3521099572451334,0.3840701718215982,1.068385285376209,0.38648724064388773,1.1648815734720017,0.6865709734421657,1.9152525937259384,2.5357767781152276,1.4124294088571077,0.6562803248260707,1.0735171740930554,2.0864774414447496,0.9627247921578146,0.8707130332029891,1.4194743359717776,1.5602496470892149,0.75303068676007,1.3647799969473056,0.7515500101310977,1.1814756944327627,0.9442449823693408,1.2477318760545302,1.3157023119860796,0.8406797312831458,0.6790325057504134,1.2308987595504277,1.146759871696247,0.7369748752106489,2.121965096887706,1.3863279678025435,0.46799322636495333,1.3240631408089882,0.05962348359480529,1.227548133301525,1.0236171515108197,2.159162997801374,-0.08181580239687491,1.8269581131639896,1.1781203385833692,1.0538494371202631,2.3363497941630484,0.8140146545589175,1.310736602274062,0.4337295204884768,1.784801735282997,1.636171685615551,1.2335340418759415,1.0943118264618192,0.7436794032611829,1.5049753944065287,-0.5120427375426573,1.8881519727957823,1.7511052929374387,1.7217738123246988,1.5169866564712322,1.5271910953635768,2.152340472875693,1.6372327982776085,0.8328822962694744,1.5338722111776804,1.5717882675169506,1.1480127893445058,0.4327694962730959,2.3878698227040047,0.8472450633260848,1.8880971480645599,0.5764508591318886,1.4577047218154746,2.141725587546688,1.1454655806876417,1.132669976906243,1.0918138567574829,0.4093366650683379,1.8624591400722466,0.497959931949822,1.3642654538543582,1.2906515259304001,0.7106533228625764,1.3328036014520706,0.6040040354717675,0.838820502572446,0.5538299284027843,1.1655305719658315,0.23650065397121267,0.05448459937640138,-0.3863084230551692,1.581701111319461,1.641534631430659,0.49555964522136264,0.579904330221126,0.9778277805901929,1.0618403600128943,1.6594980344639723,1.48027461722549,0.4032013270407582,1.2762442474430635,1.086752737685547,1.0068904825219,1.1530845162824583,0.4860572743176057,1.368678369760005,1.1430749507548228,0.11189381922866914,0.82553671346,1.0323576310456382,0.7509016796555557,0.6880015987092634,1.0263372967989461,0.28335309430724465,1.1298478537585197,1.4609417746982878,0.27362834151438165,1.5831198866411,1.0140895458381465,1.8259969023882547,1.0819131935362805,1.5811326947525721,0.4837932317635456,0.5760757918844206,1.1252690258431528,0.5036667910423525,0.7766246609709206,1.2221522725206455,1.262050383651232,1.8055578320114911,1.5565071400802957,1.3271596048588776,0.6816417546606601,0.7718637985595933,1.0048208689206568,1.0220146279780238,1.7218912938559718,0.6695038855535564,1.8732951424586588,1.439499408761776,1.1410054281159603,1.230489626762278,1.0655897121048952,1.8232505957696183,0.8683462362655803,1.4547923104115341,2.1889309371221977,1.0953246098526392,1.3857704817048955,1.2090887590903776,1.575046165116845,1.0273276827205144,2.5210542182655047,0.5540883508959382,1.7544479710050496,1.9933016246365867,1.4822088414472923,0.6570007260557702,1.3000124462854217,1.8154815700799283,1.0182404755673566,0.8755433106215982,0.929408373001479,1.3046289888784521,1.0939740079380407,0.29667767979853465,0.8717329032258192,0.9210768832552958,0.7288252350636242,0.9715647951964286,0.661440264938733,1.044130107672089,0.8917027963176167,0.5565108180358322,0.5421307071693491,0.3425011097682784,0.5157791387878241,0.9602707987142196,1.4902805013180718,0.39599223153231655,0.3409876524102913,0.6157032839514613,1.307914097774301,0.16527564204952405,0.5070280356945016,-0.020891269352631525,0.9761237987976585,0.8868697349230121,0.7919058603829665,0.7176637146738738,0.4593383002767002,1.1241725062803045,0.4844844779635764,1.0170085232126382,1.2155916333988444,1.0073578283194138,0.14408558537519234,0.6149943441585908,0.7172630864329506,0.4718856967567149,0.5870012211163385,0.7791419459683198,1.0392083852018175,0.7894078137811675,0.3765098569733123,-0.1612162288125507,0.8408510853623739,0.9381258638086383,0.9094536739710009,0.8674240385539331,1.3779335411108757,0.8129060908675001,1.1542489034699202,0.12281125957485983,0.24405066944592768,0.05135538668056938,0.4370146643361448,0.6371230634446459,1.2834002157775348,0.812464905092126,1.05037346228184,-0.14703175308207328,1.1569306706388431,1.3634201860855342,1.4277018888729742,0.6875776263963758,0.8088739674778633,1.3784264759022733,-0.30023262623609526,0.2593167763202189,1.0269887150404031,0.8530253738676965,0.5341667512217896,0.7666021086696446,0.7979666153600533,0.5903099603391979,0.09484229057653693,0.7437393083293671,0.4072546330064597,0.5208883916739353,0.5221281279479228,1.7499715720030622,0.4025625199653007,0.9138558264838821,0.26920362956019517,0.44895404667178695,0.840345083842152,0.33982338139870194,-0.1588705552386216,0.7348556664492776,0.10924978224701931,0.009739954484018654,0.4457764941411977,-0.25863321327412336,-0.2002009735607828,0.21330926137781514,0.3547527587188597,0.748620887965842,0.7233529087145882,0.4211220602642234,1.2047459836081202,-0.2833556715912673,0.24348892411620682,1.0120622278203095,-0.021439818369287877,-0.29644267329268725,-0.23067596967464965,0.9717780990897609,0.652841057623732,0.07187570147559175,0.05841468659943416,0.11934690489522382,0.33316549428300846,1.1242374134507997,0.09850297873083491,0.2674795768013496,-0.053535336621649776,1.0332585093791238,-0.1270591078386465,0.6025426652612964,0.48625219772983996,0.3975255100029633,1.429487439095226,0.2416003677180356,1.0182236341751727,0.3140702513408655,0.9862808989741154,0.3033636418087724,2.055580710782124,0.8629190951608052,0.7464719362279197,1.6098744223059223,-0.1780541211991249,1.564172363136862,0.5565467728357305,0.8230598424713653,1.2191889529283344,1.1330542441244518,0.7518937760506228,1.2011540754094483,0.3405621799566916,1.0357205947961168,0.7349167847191334,0.02679655897341604,1.2478012351326981,1.6449446569300505,0.6807904891497847,0.9097458371231815,0.9375587949260478,0.9515909063091224,0.9640322459925983,0.9757979789319231,0.9869625097694268,0.9975405409228983,1.0075438150911111,1.0169834983814212,1.0258706561468784,1.0342162520421425,1.0420311471349635,1.0493260990714077,1.0561117612945168,1.062398682314523,1.0681973050305942,1.0735179661018606,1.0783708953677547,1.0827662153158428,1.0867139405966384,1.0902239775838893,1.0933061239799997,1.0959700684648226,1.0982253903876824,1.1000815595009215,1.10154793573426,1.102633769009259,1.1033481990926077,1.1037002554876096,1.103698857362673,1.1033528135161248,1.102670822376382,1.1016614720365396,1.1003332403225556,1.0986944948942607,1.0967534933779746,1.0945183835306125,1.0919972034336354,1.0891978817166716,1.086128237809561,1.0827959822223363,1.0792087168522073,1.0753739353166907,1.0712990233124629,1.066991258998712,1.0624578134047056,1.0577057508606913,1.0527420294511103,1.047573501489893,1.042206914016731,1.036648909313982,1.030906025443329,1.0249846968015675,1.0188912546949496,1.0126319279312384,1.006212843429097,0.999640026844105,0.9929194032104931,0.9860567975984793,0.9790579357863578,0.9719284449465988,0.9646738543457047,0.9572995960573962,0.949811005688133,0.9422133231142027,0.9345116932309168,0.9267111667121242,0.9188167007806101,0.9108331599881012,0.90276531700448,0.8946178534164915,0.8863953605344079,0.8781023402065955,0.8697432056420951,0.8613222822395699,0.8528438084233869,0.8443119364858092,0.8357307334345307,0.8271041818463516,0.8184361807249445,0.8097305463636815,0.8009910132121831,0.7922212347471032,0.7834247843459252,0.7746051561639717,0.7657657660139421,0.7569099522481224,0.7480409766422156,0.7391620252810753,0.7302762094454351,0.7213865665000867,0.7124960607820299,0.7036075844896459,0.6947239585715579,0.6858479336155767,0.6769821907372204,0.6681293424670969,0.6592919336374905,0.6504724422677555,0.6416732804480603,0.6328967952213418,0.6241452694629572,0.6154209227586875,0.606725912279785,0.5980623336551787,0.5894322218413777,0.5808375519883668,0.57228024030303,0.563762144908452,0.5552850666996108,0.5468507501952615,0.5384608843856995,0.5301171035760888,0.5218209882254712,0.5135740657811141,0.5053778115081968,0.4972336493145235,0.4891429525698925,0.481107044920833,0.4731272010996008,0.4652046477275178,0.45734056411316715,0.4495360830445918,0.44179229157580835,0.43411023180726716,0.426490901660145,0.41893525564464085,0.41144420562187634,0.4040186215594588,0.3966593322805352,0.3893671262065368,0.3821427520929035,0.3749869197582143,0.3679003008068662,0.360883529344477,0.35393720268669426,0.34706188206075694,0.3402580933000934,0.33352632753215516,0.3268670418584918,0.32028066002800415,0.31376757310286507,0.3073281401171073,0.3009626887279637,0.2946715158597897,0.2884548883406808,0.28231304353155906,0.27624618994792627,0.27025450787397176,0.2643381499692907,0.2584972418678717,0.252731882770064,0.247042146026331,0.24142807971412594,0.23588970720660996,0.23042702773420842,0.22504001693840792,0.21972862741790777,0.21449278926755255,0.20933241060933483,0.20424737811592308,0.19923755752665784,0.19430279415615814,0.1894429133951121,0.1846577212040188,0.17994700459902901,0.17531053213053838,0.17074805435422036,0.16625930429466962,0.16184399790182624,0.15750183449952715,0.15323249722735,0.1490356534746411,0.14491095530746634,0.140858039888343,0.13687652988861032,0.13296603389377992,0.1291261468016387,0.12535645021318942,0.12165651281691225,0.11802589076569348,0.114464128046734,0.1109707568446936,0.1075452978978717,0.10418726084748187,0.10089614458019014,0.09767143756400287,0.09451261817719114,0.0914191550311898,0.08839050728593634,0.08542612495958224,0.08252544923132632,0.07968791273776787,0.07691293986303549,0.0741999470222936,0.07154834293953627,0.06895752891861662,0.06642689910867716,0.0639558407629579,0.061543734492062185,0.05918995451099818,0.05689386888056447,0.054654839742511285,0.05247222354904579,0.05034537128693728,0.04827362869562535,0.04625633648012695,0.04429283051808852,0.042382442061352776,0.04052449793240953,0.038718320715673826,0.03696322894299442,0.03525853727433059,0.03360355667334147,0.03199759457777418,0.03043995506507713,0.028929939012840578,0.02746684425463286,0.026049965730948088,0.02467859563557795,0.02335202355723709,0.02206953661683997,0.020830419600088135,0.019633955085652133,0.01847942356911858,0.01736610358273083,0.016293271810695842,0.015260203200682554,0.014266171070971723,0.01331044721362673,0.01239230199416852,0.011511004446873585,0.010665822366803468,0.009856022397912056,0.009080870117543327,0.008339630117461638,0.007631566081386154,0.006955940858858867,0.0063120165363557135,0.005699054504589185,0.005116315523139292,0.00456305978170235,0.0040385469583270606,0.0035420362747800027,0.003072786548955264,0.002630056244441903,0.002213103517505033,0.0018211862615089558,0.0014535621484697003,0.0011094886683622462,0.0007882089207384979,0.0004889550212965332,0.00021095128241199745,-4.658282423974924e-05,-0.00028442991543897733,-0.0005033721467953001,-0.0007041888580658906,-0.0008876544056874991,-0.001054536174592613,-0.0012055927617780071,-0.0013415723243781486,-0.0014632110841716894,-0.0015712319814440434,-0.0016663434705890268,-0.0017492384508273062,-0.0018205933244814787,-0.0018810671764128983,-0.0019313010676853537,-0.001971917436947024,-0.002003519602766346,-0.0020266913618343096,-0.002041996675870905,-0.002049979442261929,-0.0020511633427702236,-0.0020460517642391096,-0.0020351277871384355,-0.0020188542358141603,-0.001997673786803489,-0.0019720091301564935,-0.0019422631786767397,-0.0019088193223808503,-0.0018720417229189934,-0.001832275644630954,-0.0017898478185998101,-0.0017450668365768252,-0.0016982235707985183,-0.001649591617194801,-0.0015994277594018058,-0.001547972449856161,-0.0014954503067485803,-0.0014420706233124747,-0.0013880278877707042,-0.001333502311808843,-0.0012786603655854378,-0.001223655317602379,-0.001168627777644815,-0.0011137062411989973,-0.001059007634438558,-0.0010046378578749682,-0.0009506923277911028,-0.0008972565145199951,-0.0008444064765171788,-0.0007922093896297611,-0.000740724069856924,-0.0006900014904829277,-0.0006400852916783606,-0.0005910122824275277,-0.0005428129349525079,-0.0004955118702696382,-0.0004491283356173881,-0.0004036766725050711,-0.000359166776092934,-0.0003156045451646605,-0.00027299232277755436,-0.00023132932741987133,-0.00019061207507320432,-0.0001508347913841135,-0.00011198981505344818,-7.406799142017917e-05,-3.705905709239232e-05,-9.520153128050879e-07,3.4264134370687316e-05,6.860039255229822e-05,0.00010206775647247923,0.0001346772164936283,0.00016643975286001478,0.0001973663323724395,0.00022746790509131642,0.00025675540135239316,0.0002852397288393149,0.00031293176945723644,0.00033984237671802475,0.00036598237272755796,0.0003913625455993497,0.00041599364686817353,0.00043988638887526577,0.00046305144223879324,0.00048549943369380344,0.000507240943591114,0.0005282865037941065,0.0005486465952628805,0.0005683316461215782,0.0005873520296688639,0.0006057180622462965,0.0006234400016467134,0.0006405280450394457,0.0006569923273218592,0.0006728429194993168,0.0006880898266388158,0.0007027429867889623,0.0007168122690188738,0.0007303074721960456,0.00074323832348,0.000755614476872779,0.0007674455119968115,0.0007787409330433093,0.0007895101674364469,0.0007997625646964934,0.0008095073955587395,0.0008187538507513636,0.0008275110400006724,0.000835787991121606,0.0008435936491935081,0.0008509368757643188,0.0008578264479695008,0.0008642710578499191,0.0008702793116697194,0.0008758597293194725,0.0008810207434066797,0.0008857706991136638,0.0008901178534870269,0.0008940703747839507,0.0008976363424721967,0.00090082374646272,0.0009036404868254522,0.0009060943735903493,0.0009081931263779097,0.0009099443742286439,0.0009113556553188573,0.0009124344167616982,0.0009131880146355797,0.0009136237134725889,0.0009137486865711253,0.0009135700157401061,0.0009130946915547611,0.0009123296132429459,0.0009112815886567205,0.0009099573342723488,0.0009083634755597814,0.0009065065467552813,0.000904392991401437,0.000902029162261897,0.0008994213217761171,0.0008965756421446258,0.0008934982056132412,0.0008901950047857099,0.000886671942907924,0.000882934834265825,0.0008789894045264646,0.0008748412910222214,0.0008704960430350184,0.000865959122336335,0.0008612359037840633,0.0008563316755214601,0.0008512516396592673,0.0008460009124178214,0.0008405845251502342,0.0008350074243992367,0.000829274472778252,0.000823390449170347,0.0008173600496661493,0.0008111878879901724,0.0008048784961545152,0.0007984363251125615,0.0007918657452989919,0.0007851710473403273,0.0007783564426802059,0.0007714260640909743,0.0007643839666400254,0.0007572341280592809,0.0007499804497399509,0.0007426267572441247,0.0007351768013847959,0.0007276342585953444,0.0007200027318106095,0.000712285751149011,0.0007044867746515138,0.0006966091891342785,0.0006886563112118438,0.0006806313875529213,0.0006725375960172641,0.0006643780463662097,0.0006561557810584873,0.0006478737759891828,0.000639534941541342,0.0006311421232396697,0.0006226981026316025,0.0006142055980546957,0.0006056672656598039,0.0005970857000932028,0.0005884634355481921,0.0005798029464756382,0.0005711066485503125,0.000562376899353012,0.0005536159994790069,0.0005448261931917386,0.000536009669303894,0.0005271685622858513,0.0005183049528909578,0.0005094208692923985,0.0005005182877368952,0.0004915991335110448,0.0004826652818508137,0.0004737185586805026,0.00046476074166434955,0.0004557935612297115,0.0004468187011923419,0.0004378377998648375,0.0004288524509377112,0.0004198642043036216,0.00041087456693844615,0.0004018850039528843,0.0003928969391324699,0.00038391175607443984,0.00037493079906880666,0.0003659553739225885,0.0003569867489545686,0.00034802615590479036,0.00033907479081562997,0.00033013381494129135,0.00032120435554361393,0.0003122875070005193,0.0003033843314881324,0.0002944958600892278,0.0002856230935321946,0.00027676700318579606,0.00026792853165602537,0.0002591085938377091,0.00025030807773873676,0.00024152784544639871,0.00023276873406530285,0.00022403155645633888,0.00021531710220301647,0.00020662613840727317,0.00019795941054212562,0.00018931764341800772,0.0001807015420638436,0.00017211179249443376,0.00016354906264837155,0.00015501400326911607,0.00014650724858711328,0.00013802941751350772,0.00012958111440752873,0.00012116292973018972,0.00011277544103904802,0.00010441921375559104,9.60948018189356e-05,8.780274887953965e-05,7.954358878237144e-05,7.131784670377783e-05,6.312603971991848e-05,5.4967978968534226e-05,4.684285053713211e-05,3.8749296408013834e-05,3.0685494721183204e-05,2.2649240065675258e-05,1.4638023174029513e-05,6.6491105883415e-06,-1.3203760147462162e-06,-9.273380868535241e-06,-1.7212835018654005e-05,-2.5141577680187766e-05,-3.30622775379652e-05,-4.0977354416327216e-05,-4.8888900863630624e-05,-5.679860373675183e-05,-6.470766601296418e-05
15.156716617257587,16.737115007958778,13.198615398613356,10.532517090072474,12.328567770357267,10.348846837908752,7.840326257139623,7.151447904843508,5.840613811281401,3.2410360825849693,1.9812143267620854,2.5155755620919535,-0.22769850845520523,-1.4014200858104005,-0.10578681200189521,-1.1293979823433915,0.301709190297629,2.2766942209685794,0.9064451101709778,-0.3611142364503621,-0.09841522850479123,-0.07277095447693682,-2.2109173566650497,-1.3596946374045729,0.05436697498896592,-1.426133075885673,-0.0009659573346425532,1.0346522976772121,-0.4175949201885487,-0.9778749096733463,-0.268242925172558,1.034995205973587,2.475445979998085,4.178502899010596,4.65121204960667,4.608138631781799,5.920585661659857,3.7893845031458113,0.967245810896884,1.326447731726489,0.4153547415048706,-0.41084508607389125,0.3072843280234565,1.2105185794162026,0.7785614556511291,0.7871371310352515,2.294806616083065,2.3811269363440033,2.4832598683572087,1.7536989817980384,-0.7613246090143093,2.9899742340870716,6.085389162946058,3.063345854627414,2.9681897878131167,5.167386252037886,6.51381283767364,5.791376891791288,4.811939211642425,5.407074370810506,7.6258857585596616,9.518025539852829,9.555386328001987,7.745504315766539,6.240751166148357,8.094864955098956,8.179881474339027,6.972327893602369,10.185913181822457,10.265851958356052,9.228402745843823,9.999185833309866,7.261511016625718,6.824419513618977,10.069827792529395,12.204541775873167,11.48944352762146,10.114002758478705,8.491748088798886,4.808790135348318,4.361224017280733,5.872817712714891,5.236467181615922,3.5346429919800357,1.8379133326880037,1.7542605899371893,3.6997724348839256,3.582723863258252,1.675647313312993,-0.02236263497093205,-0.23334194027165722,3.441218093717339,5.0801263249495605,0.9783167555383443,0.7068459264592093,1.2289211597625354,0.7420026365012973,1.5614093015553863,1.4357485998232278,2.26365223412472,3.512599419954654,1.619856744099252,4.070114758490945,5.504374888232746,1.2873319990726486,2.580494371164832,2.7693691793676862,0.7816386334593517,2.0171526350311524,2.910062765322891,3.287525774952883,4.012830936033424,4.2526729536429,2.266336463608127,1.9956618288319987,5.093121509802813,5.97394411509913,4.2401863572686125,4.290962456932903,7.822444316164251,8.39304706028247,7.9580356183003005,8.231707283050582,8.633985992969656,10.502031191447259,11.636746575662073,11.579635378527428,11.945563927094327,9.095491140450463,6.25353392281454,6.197091960262924,5.7475096260179726,5.549311825937139,4.3815443755017895,1.841123629012145,1.3190328854263953,0.9308646345905345,2.0539910196039273,6.223376863916883,7.7051879574557915,7.560694448278127,8.395294131891433,10.20549732898371,10.395162153526371,9.616192573941362,8.914107241790134,8.66767580014016,10.941396981116895,11.674097263359272,11.039221171991812,14.806342435823012,13.55667918755205,10.269336262837214,10.27858071588821,9.461952499761878,11.283538391219508,11.11928945520242,6.033754261110403,6.059680950007987,9.409504559584548,10.039678076248265,7.467993877488652,9.673302907139487,10.736262002860371,7.821511409980758,5.577638054110366,8.163115774019616,12.264799198371975,12.467430323112467,9.046667886456817,11.717805610345977,15.233611897991864,13.52452732066945,9.70629366066737,12.497861797040855,15.128130368683742,14.14960516314136,14.555525318427954,13.594499651346723,12.850950952836001,13.02203258797772,11.867823882853145,10.295436552746423,7.729070969909685,6.310455773926378,9.041548323660777,9.271900561774828,7.537159718182352,8.05919035732586,10.965740078994486,8.890109876277165,6.903282751157462,9.189461031451629,11.27598600308545,12.0756960799132,7.975122395846938,4.182694291292137,10.202799781797694,11.450959277143511,8.81864431526651,7.633238374946018,6.7906665335654,7.450280839559696,10.129037642765297,12.373494598772822,11.290999365893526,10.33307561118329,9.644727317910338,9.086167396972996,9.607878790890027,9.548771267939173,8.97327853795332,8.85763755510743,8.808272364529557,6.188442063084722,4.890762776966426,5.999439368992967,6.659528263687889,7.9689661450054246,7.730156804384478,5.27602081449254,3.0030766077943554,3.279155565714973,6.10087294905918,8.453491151653907,8.143438949426127,7.7323932963911375,7.434496152532347,8.130941927250433,8.9662299505585,6.495137059688773,8.027077867125058,10.522833523337795,9.97766923937047,12.034432181796547,10.550934339734113,7.53415642073378,7.603810010846246,8.75942772005078,6.859306046383267,3.5543431509991024,3.50617869662301,7.134630701483047,5.926350329282968,4.961005608388859,7.03261944328176,8.1138031095295,8.768536808344265,6.233956667839266,5.243841005680451,9.910934801294616,11.202596767536647,12.150515680855733,15.267885545097442,17.49697629749312,15.53756367270421,16.995183374444878,16.57162199407901,13.565161005482764,16.896516748808153,14.582961824878794,12.30491411752223,14.067375013208334,13.716226015571124,11.081111869944834,10.429725266447804,12.953769017555487,15.400669990427332,14.823456784189602,15.395822961807767,15.326250642964396,14.543801462446936,17.215877807574202,11.998161861284984,10.090523538054867,14.691916025200044,13.001840817390189,9.93818172916599,9.39294236863418,9.756965682114355,9.323376391475904,10.422956934297872,7.789320847071394,4.4197524989922385,3.869396808448869,2.8707053807607963,2.9215102936830135,4.178700955087265,6.452669898663316,9.274390294918021,10.13919013784141,8.485328622890847,6.819667447229676,6.856159744644856,6.299785798988069,3.499629212401146,2.738549812516453,3.1493216277843885,0.2532682174880847,1.7783168298847158,3.649477207436121,1.7614244421157537,-0.6025558992059814,1.9172986249797077,2.6325996832040346,1.7881862913309305,1.3763947605575595,0.639683293575672,2.686415717156251,2.2653366534764245,0.4030224873224597,1.3856929316335709,1.2392527176411932,-2.0416435619929416,-0.16082776665712117,2.481416288562059,-5.060969986413738,-2.412268086054951,1.4524605206459,0.779247582087919,1.1983410100178844,3.332481314038887,0.07851777063888221,1.9923569402453722,5.522666605903169,-0.9277230509228502,3.7434804895912066,5.369413892664625,4.746897531200261,9.01534157319088,9.749336376001793,9.267612020464753,7.610821440602649,4.848852483521114,4.013140086806288,7.158128957065401,5.877570040216597,3.8497472577716962,5.295424412235434,6.5209972453565115,7.074499152934777,3.998591784921018,0.9770493650651133,1.5476496235086188,2.0055554465939167,2.808344116679791,6.421039004632007,8.632698845013124,5.962057023250736,5.728383170878033,7.341034213846797,8.630203907614714,6.3939197461920685,1.793672716037463,4.583726601717217,5.677280555305288,2.7195278994095133,2.1524753537537435,5.577492159077565,3.8322144307167036,4.695989152039147,11.497967610691603,15.87418539034661,11.97447087019259,12.706646447468074,13.388628536808596,10.610304938434524,8.408461527766235,7.993894349662469,7.786627123760809,8.070513336715294,9.112559993392551,9.890283545513967,9.074558908544759,6.534441161265704,9.490302834376394,13.673746273882898,10.407193189260397,9.904543414797558,13.637447208907133,13.61252698407884,10.25687498046375,8.980370162897998,4.453815763499051,9.766104936660213,13.541591817173867,10.796292160879148,12.957170076486591,13.2646651555782,11.01744323308128,8.111153680737743,7.260841741201716,8.638155849917666,7.030100161558835,4.732222888857564,5.338960701692486,9.380296671720203,12.602033649201076,9.466465245584345,6.711091331647367,4.131760440895505,3.2362344982257127,6.375597769264459,5.596307731171692,6.657284602453387,5.944828413078426,4.364159425724893,6.21362474999421,4.244940199696771,3.4805118852494843,3.628231332418636,5.005181613450759,8.504983523706983,9.068193393186448,5.375356935764785,6.772241126467634,11.190427832472324,11.16562422029449,10.300797079594759,10.248899876439964,10.767926550723587,9.63967372838647,6.68878363826434,5.531950767881995,7.111491494479765,4.731660118665218,5.585870386147121,8.601910569468146,4.771228050552509,7.440616030821502,7.445880906447655,7.305689657667699,8.268200707629603,5.616056612194143,2.944338065245347,2.5298878943742693,2.771741015550788,2.737938439412119,3.4075926767657165,4.601002488061795,3.563087875023257,3.3731189652097555,1.4471575220602517,0.1520096006076983,3.4531139236694344,1.396170429331164,4.483482714272668,3.795051989463218,-0.02973377544503819,2.200514962819966,3.079531791894624,-0.2158200378237325,-0.8072615682660853,1.4069380022868927,3.17201111978693,3.5052848160553367,0.015028188524070174,-0.30047536746519654,3.250416916925815,3.914465531336191,0.877456519269117,1.9105026812187589,2.7171508119652117,5.222993413675567,5.116684240239806,3.7419668552793155,6.96211556074752,6.622520983619552,5.43118291794076,5.408478425191561,6.078263027640332,5.2641353590514655,1.9036460820815364,0.7486153525049986,3.4308680185440608,2.2034446738720135,0.25456623313743876,4.121513449238819,5.328383455867424,4.670757349563701,2.600587764341981,2.3011501093287734,4.3620916039035365,4.53095718655004,2.8755428243863435,7.5956630744035465,6.8136785927570145,3.259249080723521,4.632553577743238,5.648968551237317,4.9851737163094185,5.938575762228993,7.481385567248026,7.661985290761322,7.5716030237127825,7.786878688503975,5.243521274594855,6.6198537388517025,7.582174588007092,7.911039479308329,8.40665663209802,5.956757888677203,7.608620149119133,7.368870303758513,3.6909728609746253,1.0836894438218678,0.799128474226336,-0.21065056237989666,0.03711242311646856,3.090792398237568,3.1454318072635488,1.3976596994573356,0.5315315673514078,-0.6235114941002848,3.7777796623720405,8.918856157582582,6.057082308787017,1.350090096042777,1.7782647999486016,3.9405828746885163,5.663620694275664,-0.6556722261782397,0.3727560894199087,2.079882077068305,-0.26709960279185907,2.0476139007299707,1.8825893132789133,2.382342862770429,1.336227014642077,-0.3456174296838981,-2.0925273414700314,-3.1000715219295216,-1.1361247164105635,-1.815149631897384,-1.3317979230516812,-0.41860610658523,0.28461488793300305,-0.9393343029901189,-3.68784105959071,0.8313649748043872,2.5725169360268865,2.7846476814587504,-0.11719456376920334,-1.1717582397097885,2.168391014435201,-0.7028042580982401,1.8515181909617695,-0.07034665110074911,-2.3448964626222732,-0.8898269559764458,-0.017586019686291365,-0.19820550642589296,1.9204264599200087,1.1949403192634236,3.6119101671298495,4.465160956113436,3.590997746367293,4.244121147621968,1.5293901019149416,0.37447806827742625,-0.8489719206356767,0.2855537358514084,1.1424432541746228,-0.05911781450492981,0.8482371190740423,3.7249904638138105,2.2364341141054638,3.9069294160599384,2.5574073163631965,-0.1943266289914618,1.3131119818108345,3.9064537126999994,3.9364158127011706,1.3739543980066173,2.845054488041569,3.096245398430142,2.40378028138457,2.2671785810553047,1.4846655559020974,3.5500228782923386,1.7247933025952307,-0.07860186557195448,-0.1841306532279532,0.6911732845173901,-0.37168721658395043,-2.2694315578661417,0.6679359648223908,2.451192800347826,7.838430783908507,7.0712009782397445,4.43591450207748,6.065417313912576,6.622156979425313,5.205103895254979,6.064350842699469,5.88144760207831,7.3290932496190635,8.33517426168612,9.911194545797116,10.08489252751474,7.069125270188351,12.01870439508491,12.311646382964227,12.046791708028877,17.476788207066534,17.53586210202957,16.09677546484761,22.846192422457875,24.240917093682583,24.65285141038089,25.223670270945377,28.584792202233416,28.136554107173083,26.505364248962906,27.732911280271423,28.876872414167792,32.1406130083991,31.525713306462308,34.25518588466866,37.222206182382706,37.131408615794385,37.78007524606039,39.185516159478084,38.31639264480566,37.71869361521874,32.429554054597475,34.73555585854626,33.070311371120624,29.761716572195382,30.470855052582806,30.927899223798704,30.10416835261708,29.963532323959726,31.452279887331315,31.60110841697724,32.38541429035217,32.047619533394254,30.400394398343337,29.053830249083944,27.897800565711236,28.553193989343526,29.729641488506786,24.564566586563842,23.86500653313192,24.166145535434225,24.312674691536813,24.20421432351634,22.911524900306972,23.982964568077705,22.643646994344863,23.853363624109647,22.557072095039757,20.888204221966248,23.014247181200744,21.55727590398419,16.491963117789624,16.405894433424578,16.66442480859405,15.596042326039083,13.893918460651662,15.702089826938504,16.936076025014245,15.616985905097295,15.210933948017214,15.733532584623504,15.27607631842261,14.483813157692225,10.983556965915,12.201680705067474,11.733867762208092,9.537738780789823,10.11491957853491,9.019586288923392,8.763067354255327,19.525391486747594,26.728285741060517,15.990557738846178,29.753400124240898,37.86034769232492,18.315149547995134,6.22817942808183,2.785981112901027,-0.04230946661289181,4.222270002033838,4.965664672072194,2.6954013057580823,4.183349430497287,3.977989632282629,6.212396805332901,5.111747496850398,3.717929058578079,2.2844372178033154,0.06934496673954982,0.6945556355620965,1.896108289700237,1.0366288391887792,0.5958694692966446,-0.31598560946451926,-0.40912578132622457,-0.007018552262252342,-0.5015477880577919,-1.2239893748578652,1.9474497313594838,5.090507309298459,2.1491318804180537,1.7973129610334126,5.4500676845775615,3.365308512564752,1.3918287091588581,4.375003233242751,3.7319842482663717,-0.8013509338831,1.062510367670484,3.267704978115262,-0.8585737429874598,-0.12987983315872498,3.371259236366541,1.998413471569961,1.7546276389630293,0.689821305216924,1.7823806584137856,4.5998031457792194,3.631155860519584,1.8850366858605412,3.3074821067559697,5.488632423562763,5.7793087582330145,6.402157855730252,11.455375199494483,11.005112175718182,9.762111310212163,11.30326393062046,12.753434021187559,9.913265685832584,10.481228901567988,12.646149099392687,11.691272048901737,9.140931122261918,8.309863795951514,10.820118644073546,7.778789796463798,8.535340906415058,6.574732896215892,8.394987358058529,8.648971418067845,8.315418062089293,10.337048668883426,9.637662887231045,8.104865484552647,8.608926280127093,7.93710647024659,8.24275525749863,9.039450542947748,5.806772821351387,6.41584221086589,7.283981862251267,3.734581179214956,4.2091318644094144,2.5279704618736787,3.8208203017636606,4.439267254407241,2.8705169252382348,4.386503479669841,4.801275053875656,2.4946142086610053,2.62865165751532,4.487649212124097,8.699252210368968,8.07610309996096,4.929683790716808,8.965945599687075,6.280121577516297,7.116430694660949,8.19003855918993,6.920577840967212,5.4927560744463335,4.981172680148688,3.997596939474988,3.662647733366043,5.223957703159158,6.491476018457661,6.39954097490704,3.5506420744732736,5.087002065888328,4.621363362349484,7.786670505074312,4.251878315330373,3.080868814233895,1.530486244198073,3.925933914549148,5.3882523839081955,2.2077628241625007,3.4446528117337607,3.7952791358605964,-0.8623611336833505,0.17715178905041284,2.757734996917179,1.4829796373223871,3.037195576038812,1.6394520520256037,2.0151351391941716,3.787549448682455,0.4087347416776197,1.0178336720960033,-3.0328763813945443,0.4483593971529558,-1.506586260213453,-3.2533223557345536,-1.3767520584787007,-1.663437003450838,-1.873008691904488,-1.6095645789417858,-0.3172714675037014,1.0993010729860657,1.0179962820603237,1.4404365861967676,1.084217210463862,1.072755989792995,1.8377287073342927,0.6726274452121856,3.2200957131065024,2.0183458010907316,0.8447559369942041,1.6617017054053917,1.0186557744061702,1.9319180384862875,-0.2915622956674042,-0.10945413448200725,0.6400528204416673,2.3600724413332728,5.393263214151261,5.697975527518793,2.7514801291704316,3.7669175583710057,4.260650735487673,5.41710250692995,6.315867412183252,5.876352681444416,6.2258811730894195,4.234634044577547,2.1225232760928066,4.5229430903710295,7.594861228364721,6.605521345919442,6.096214190957198,6.215163444597749,8.211330703730255,5.970182070680551,7.252549037578717,7.7400388667242055,8.435943886177029,8.503437241790493,7.0791409428543375,9.42012902917429,11.094479471313605,10.77323560641662,10.447935267648177,16.320411841709245,15.704344594335225,11.825612086954948,13.302059084000007,10.818973014997141,11.297327235126659,14.11591872470268,13.252298217119005,14.493768452146412,14.532568588466347,15.221306208430406,15.173604286836621,13.601747606430365,11.38403505759669,10.68300489320211,14.25933875895953,14.845580025250342,12.992782599412863,14.559341433524025,17.76589383272659,19.433692101306747,18.9706261712588,19.876106248004135,19.17673180201109,20.02760983762198,20.373182599708628,19.02486420733544,20.693236664123276,17.853436955972143,17.529061913520934,19.321953652377545,22.263334859462134,21.167385273875084,21.898880552914136,24.709831785966685,24.189100899876053,23.183634508705268,23.07705893651365,20.98325331595032,23.394420887974093,23.27050571514019,23.57199883696819,24.191914600692826,26.59522544556745,22.909682153372955,20.93335144988339,22.324832437873283,21.396713826000962,23.915500547472675,22.771871421213973,23.16506610702237,22.403239223836295,21.22563438268145,22.230074497228316,22.803534411318196,20.066965017269695,14.403582993453938,19.764199447092324,20.158461935673245,18.3156205324525,18.149951371011753,18.983931878370527,19.42635358452202,19.09043116989426,20.255209891811262,20.003566106366463,19.446602903898054,19.47755638415316,19.833166561593487,19.48289855370672,19.433843668491818,21.025671832064177,19.601987794732906,19.965897378068007,17.933291308675166,18.27287814078892,18.713600231018006,16.872276526652,18.549073712995494,18.073789356484838,15.785435477242856,15.634136789966476,15.932809399559062,16.47361589438532,14.694347152341493,14.98085148599364,16.027264312691784,16.858011299747545,16.1073492754183,14.12013518880076,12.719129651694175,12.860880926384425,14.374006315743998,14.636529795542288,12.348739529147565,9.478744481900492,4.988487833486204,7.565101024700141,8.11489224358229,7.367472144319265,6.118887337185981,5.412711771882471,4.655525378016819,4.159882885722823,6.247036069347246,5.1578529864674465,1.673331685191556,4.554755342373539,3.3116064304250585,5.99694606784459,4.58253621384506,5.20343778849184,3.6671966051588356,2.002030564298366,3.604199191830446,3.2178622040970595,2.51964355662966,3.1352635628610415,1.5581485830878137,-0.4589369570135773,-0.6952417270347837,-1.4774952046538488,-0.15338556082775767,-0.8908988393110349,-0.7187983739347032,0.4561705987124469,-1.363519836776618,1.1118948390432024,-0.06514256061512924,1.4731488010376097,0.5183785307019662,3.131961995966776,1.2066133407080315,-1.9621215731445432,-0.8575971508067255,-0.7207472494440594,-0.1729904000726492,1.1710979391889964,1.109663749389938,2.98006798236014,2.5909239203693346,2.1197410320554013,-0.6442771370985838,1.7297658616507192,-1.174730806719083,0.7462312150275352,1.7106450682578043,4.524028233778438,2.5561070057066217,4.1819172843504475,2.711003991751056,2.9660952255080133,2.1571563609483633,3.383251597883543,3.191778660643763,2.8877032946089685,1.5855612384812048,2.485001467583004,4.387082710789912,6.141081221914931,3.7351277965316285,5.2607156532147314,4.473094961244897,5.773084211487571,5.336159650623642,8.79241730935371,5.714335497262425,3.0875691349270937,1.60809971992893,3.855087152029853,2.957892586197204,2.050973227436714,0.9106927232460293,1.910124721103557,2.701731205152896,1.172104827900057,1.453077229490475,1.6952482434060698,0.6760180949303276,2.2328149159937425,1.9012174056907725,1.8316416863185623,3.1266521275526316,2.8479193612168388,2.1325226420166246,3.9425531468968416,0.5176286950187432,3.2880710569914413,2.566495652832998,4.070150142113789,0.9850929629108691,2.559363347458145,3.5301056540895956,3.418369014499774,1.5517207620601425,3.4107430250240327,4.741459671003895,3.2898026738035924,2.4200507010497176,1.2345802359197933,2.3986947656801476,4.4577635721076945,2.063662044766204,2.779672598146135,4.773691698184393,3.954063530897315,6.380773650635263,3.762244716342309,2.2266070008381575,3.237927900718148,2.4301964649171737,2.9725881861548373,2.602118890303359,3.1802547895701423,5.213756025403427,4.08749521419486,5.906345671663587,5.259494269622962,3.2657598576114424,5.568039128358009,3.07045891676637,3.2838349540608647,4.347858396842014,2.6235335498892596,0.28314358007122564,2.941384721981592,3.6602188068989676,3.192708446183019,2.6574859535305393,4.2673300518832775,4.051883212105878,3.7967231472757987,2.8224155686020254,3.673219655277734,4.843421770074826,2.3281166242634583,1.8956986156701703,1.6911945997394184,2.466976823400472,1.1666252502054704,2.4758918382197237,1.4456865099007246,0.5832482858199057,1.0980407734255095,2.72084405016102,1.3192026100331589,1.5966744689096117,1.0667845517534147,1.888443366047511,-0.29361410244257513,0.6512783396886448,3.022521482079412,1.1917816742401612,1.0164732544446906,2.8984745531168983,3.113366801962968,2.7563262797555694,3.4537484363527255,1.7507906530109665,2.7737867234245357,1.8465037378882982,2.521788709513686,1.4194898095352073,1.3959661874771996,1.6465966263056089,2.265502445171137,2.58439940305675,0.837896098801707,2.74509794311777,2.893396395739387,0.41864455595396066,2.9929806340998937,3.9002066170103262,1.5787415017909154,1.570275379901375,1.9035434730133431,1.057857627997464,0.14493001406546568,0.9195391008930187,0.5706064100693311,0.7436268575577003,1.98440963331538,1.6331211527418077,1.1226858115062726,0.673671274583171,2.6925124042486743,0.4156458264663456,-0.014944006348258654,2.5547817600150893,1.6748734802516196,0.19314126334379011,1.4090399482475107,0.5692442032378722,2.07178048439647,1.001427510216729,0.10714836232648395,1.977612443109109,0.7494322594676532,1.922180935973529,0.40079651248913706,0.616477212635516,1.7371155558913642,1.3460092735251123,1.2665377102030106,1.2524999978653,1.8527848634781208,0.3897794439137954,0.30325655502392124,1.7335352383305747,1.7408106036631068,0.4055870357393587,1.3670082715632361,1.8259092917596433,1.2959148572448953,1.763839853961457,0.02402467302590594,0.0690211990926457,1.9436274081636213,1.1113271824244748,0.7725579450497548,0.7355298352298405,0.7909053074774306,0.2884287740021705,-1.1018429320767211,0.2945720423451803,0.011724564086051714,0.15240631523340653,0.8178068038505728,-0.8030701461850356,-0.3664814128938474,0.2928877968012955,0.1974115682060642,-0.7359895338735214,2.021894464338118,0.7531189576787369,2.0638358184840513,1.3696145683873056,0.7636368273257119,1.425738741360874,0.6952412434720259,0.8839687861738241,0.7422986089020753,1.7511376478520049,-0.22576421743301012,0.5510598805625762,-0.04932806007201407,0.11935558333385643,-1.083470312576253,0.22137324874131536,0.8280234999523088,0.6556329103739245,0.6607378997242108,0.42180780555636943,0.5418632909513121,1.9569327893091781,0.3294088155860777,1.0802438697087666,0.296009315147586,0.9494000645750589,0.8405340967657935,-0.3685474866721279,1.240254071073565,2.0434304576619127,0.45346872012510175,1.4511540409957888,1.3491349607798497,0.5069348748680795,0.312862749303946,1.1290663055898449,0.583745480035418,2.2796942122548955,1.8811458976478548,0.5238150268866661,1.147538827333932,1.5892339417441974,1.5627013585671534,0.8303106329150296,1.3377044790595392,0.028534256268670788,2.2002872496103407,1.2710485806543232,-0.030626268003345558,-0.3867578075709872,0.4765968887090821,-0.5972947447923929,2.7120914535379512,0.012410192320743363,2.27454375320562,1.0122287256832578,1.4612473702276105,-0.2777194722699221,1.8405813416879937,1.3029874310955734,-0.02284254108371897,3.893774860158743,2.4283414112071426,0.8305650420369091,3.6056771214302046,0.4091317134328847,1.6124774922261764,1.2353877859024465,1.182347162673608,1.160330301587706,0.8271555744933892,1.780277467674864,1.0814066713219006,2.4806158191786096,2.078708332844627,2.7465145465025955,0.7751450430072708,2.3072573717726925,1.2560702229603748,0.17647991245118533,0.758819642237853,1.2134879042822888,1.146917355387103,1.3047846105959593,0.7106439778780214,1.1651873910715835,0.6724605947864859,2.305112732738735,2.5526553691912284,1.554143600102634,1.7199487944863705,1.6105886503166005,2.455289494841992,1.510865384877377,0.8431282396188067,1.9332645830350543,0.7036763699187532,1.3270018729665196,1.445987326733615,0.6912252075871095,1.1236819928027728,2.8014859557683565,1.2185715319173767,2.1211693242884735,1.7737364375983589,1.4604746374934905,0.8233430806059232,0.96859521111395,1.5611391760177469,1.373655852606504,1.9629217262155692,1.9025588479397584,1.8859858255114261,1.432968427481029,1.5675218065542253,1.7034009623741895,2.099346699745979,1.2802434519628036,0.8971351103517975,0.6626499108718917,5.160830184338948,10.429773981436625,4.740405069675774,1.5794130803280382,1.2971727785347298,1.4836599067497218,2.1158892622799215,1.4871520443591066,2.6435087108470157,1.205566384852915,0.8570499060924703,1.2337103609118856,0.6896825390148535,1.3176570149372537,1.3279314109457232,1.2360629221311115,0.8288717333495583,2.3987702520424676,0.9094812275687616,1.5617724574961755,1.5532988554754752,1.3380552058355732,1.1886778001731955,2.2316464852444966,1.3002662452853997,1.0545096270115266,2.8107058586353304,1.6222331657016014,0.8367009074792691,2.7609696848225838,1.227229604759259,0.4376846888938246,1.4776870294672406,1.7215672516119866,0.9687389930922947,1.3084945647305517,0.9328750513246362,1.4711810808954056,1.25294283295176,0.3971152361244279,1.8376860527344618,0.34487042238350796,1.9542870484633,0.505177799341368,0.9936256260327241,1.3870078321109531,1.2466881330174147,1.867787124535937,1.237705093455304,1.787804236953491,0.5829648474322084,0.13122804925483678,1.9912826440838671,0.7543110117676974,1.6582658103213248,1.6182427192524642,0.7992266260214365,1.868323227943904,1.9056210830866576,0.6021552179574883,2.140507099361514,0.4848285684587452,0.784146740639585,1.6184693651844668,1.4726617484574263,1.967815689028157,0.6553435779462689,1.8014441390207594,1.9568428554771415,0.4965333714611688,1.0711133834811406,-0.007610355162796623,0.9854149565032913,0.5660365673544447,1.0835290569232896,0.7917804430119304,1.1737664646592592,3.2526277292358827,0.7375780299585699,1.6719143919104908,1.7488742571392777,1.3879712982063666,1.627508685637281,0.6013590617560567,1.7234089442218306,1.7431923735656483,1.0560562062588588,0.3180969413481307,0.7840552288661229,0.655014155297529,0.8734660304795057,1.931211875602969,0.9725108154303257,1.7449848187120551,1.3314951673480664,1.2078015283099148,0.9964033951365536,0.9590175172954787,0.8144184974949553,2.0733196242797476,2.5055474165204146,2.3069078000134553,1.9704972520026445,2.085595795896154,2.4588141906696706,1.9158021407919321,1.4062287276528949,1.9678899772927707,0.6922469362618244,1.0086472646237254,1.9615012668406777,1.625477325220963,1.1228434184031357,1.7241637186791579,0.7896839114227419,0.8400937692350148,1.3549529198306196,1.9281569207088296,1.4431634192155798,0.5903127281571869,1.5567654658530081,1.0807590806289227,0.9456511043920841,2.0592038682001466,1.1734827396490992,0.9871013423287955,1.5545901594091447,1.4215112220784931,1.0940186759635822,1.52285995410557,1.289958375016795,1.1875146622968487,0.7006424659694517,0.27857999687233814,1.059295635647004,-0.39418580740368725,0.37892457802632507,0.5746319307323198,0.9746175448543681,0.8729032027234815,0.6603218837643681,0.4805350781339257,1.395975953731412,0.6139789060371186,1.0214264544839011,0.40984697690634775,1.308819209812043,0.3984860424494059,1.847071211578566,-0.5228246022462031,0.10777704176831548,0.7791312752714248,0.46498969435452864,1.6238831751059024,1.3687328821979463,0.4175642643259039,0.4555371090197582,1.4670875139813688,0.5426524316276904,0.8330095490146014,0.13799007254106854,1.729665573302956,0.9568631322788974,1.7438243150735389,1.3638544648964626,0.8207847210335899,1.0674779162193317,0.8337838769152199,1.4686929478348247,0.09772660979587044,1.2448322526548736,0.5711509363052301,0.6532193328513358,1.442791495026654,0.08600121676135686,1.2676174016126538,0.9604891599918801,1.289774893272977,0.9692044552429593,0.5407069573077479,0.9097978397342708,0.2768962439064353,0.6675211652968773,0.9936804861781638,1.1269338332891703,1.5548771491007756,1.2821541454705425,0.44743776719638895,1.7236119896130617,1.412907590845748,1.1094500893781287,0.9310007266608409,0.3941348345545084,1.0992375044195342,1.049117646845275,0.9756060885595161,0.9478491107652758,1.3822066422222843,0.4680296973248801,0.051713562952443226,0.908392073236655,0.4014654298181881,1.000328921721234,-0.1515423071569444,0.5400151491695073,-0.177868257390287,0.6184458209006038,0.9555742916858758,-0.1595383930342127,0.31898301612767455,-0.2821819252652631,0.5574348348941385,0.504043697673298,1.2814912693825704,-0.7341990370774738,0.4190575407059214,-0.059615029638564465,1.2133678175654268,0.11186566750467364,0.9964513934525598,0.6247239195074599,1.229272914849446,0.4302125909832739,-0.2892514947023397,0.7210650082195116,0.65248414805518,0.6006486178625323,0.531182811197823,0.634729562834309,0.43432434699280975,1.7699095034373045,1.6704856323322588,-0.28825399494331805,0.6324277017712348,0.6856072423493629,0.3801498865224744,-0.47810880710721726,0.07281463889592033,0.41381750812052864,0.6763215977479149,1.1156776873202148,-0.16473914296659586,1.4049043961331904,0.11932058226585696,0.6382804515131966,0.6486393786109375,0.8342094997227623,0.9516264106236463,0.677130878794685,1.3553214256751858,1.705533290880112,0.911137566346099,0.666713707697113,0.7412667767703169,-0.33854451804239716,1.131786319767743,0.10720019909126677,0.8028517675686544,1.2324572351489564,1.2525424086200019,0.263210165737803,0.8365336264358216,1.6920506365239003,1.9964205783368243,2.0316219170184127,2.051823775004152,2.069886859286953,2.086785074997863,2.102606156839215,2.117376595678593,2.1311179037514307,2.1438513815554643,2.1555981164762557,2.1663789815144696,2.1762146341108064,2.185125515068023,2.193131847567372,2.200253636277637,2.2065106665543226,2.2119225037275783,2.216508492476521,2.2202877562879166,2.2232791969979644,2.2255014944136633,2.226973106014327,2.2277122667290428,2.227736988789786,2.2270650616572425,2.2257140520185885,2.2237013038544546,2.221043938573871,2.2177588552160614,2.2138627307156185,2.209372020231058,2.204302957534537,2.1986715554610896,2.1924936064154394,2.185784682934923,2.1785601383077164,2.1708351072430787,2.1626245065945113,2.153943036131807,2.1448051793624927,2.135225204399376,2.125217164875096,2.1147949008992555,2.1039720400599435,2.092761998465676,2.081177981827807,2.0692329865811416,2.0569398010428586,2.044311006606563,2.03135897897198,2.0180958894076753,2.0045337060462884,1.990684195210747,1.9765589227708347,1.962169255527499,1.9475263626257515,1.9326412169938294,1.9175245968069703,1.9021870869761983,1.8866390806599043,1.870890780797879,1.8549522016656965,1.8388331704496181,1.8225433288405952,1.806092134646292,1.7894888634199901,1.772742610105638,1.7558622906985306,1.7388566439192346,1.7217342329023495,1.704503446896524,1.6871725029770346,1.6697494477687087,1.6522421591790248,1.63465834814059,1.6170055603615197,1.5992911780843428,1.5815224218511048,1.563706352274778,1.5458498718161309,1.527959726565257,1.5100425080275386,1.4921046549121115,1.4741524549241376,1.4561920465582716,1.4382294208936628,1.420270423390491,1.4023207556861053,1.3843859773906502,1.3664715078822383,1.3485826281003028,1.3307244823369047,1.3129020800258786,1.295120297528797,1.2773838799167834,1.2596974427489158,1.2420654738457984,1.2244923350583576,1.2069822640311259,1.1895393759593276,1.1721676653399413,1.154871007715883,1.1376531614129135,1.120517769270009,1.1034683603606368,1.0865083517064136,1.0696410499823514,1.05286965321244,1.036197252456418,1.0196268334871093,1.0031612784574122,0.986803367558025,0.9705557806628917,0.9544210989660087,0.9384018066058957,0.9225002922789258,0.9067188508414574,0.8910596848995738,0.8755249063875681,0.8601165381335818,0.8448365154133057,0.8296866874907778,0.8146688191462204,0.7997845921912585,0.785035606970439,0.7704233838499022,0.7559493646921851,0.7416149143174948,0.7274213219509988,0.7133698026563593,0.6994614987552268,0.685697481232296,0.6720787511261506,0.6586062409057263,0.645280815831768,0.6321032753046438,0.619074354196357,0.606194724168688,0.5934649949758182,0.5808857157522311,0.568457376286176,0.5561804082771573,0.5440551865789871,0.5320820304276594,0.5202612046534227,0.5085929208784137,0.49707733869882986,0.4857145668510725,0.47450466436407623,0.463447641695268,0.45254346185151917,0.4417920414946366,0.43119325203224435,0.42074692069269304,0.41045283158484835,0.40031072674293,0.3903203071556618,0.38048123378064247,0.3707931285434256,0.36125557532136554,0.3518681209123997,0.3426302759892792,0.3335415160376556,0.32460128228029816,0.3158089825853949,0.3071639923611542,0.29866565543466095,0.29031328491652175,0.28210616405084465,0.2740435470501552,0.26612465991644285,0.2583487012471437,0.2507148430275379,0.24322223140814003,0.23586998746782228,0.22865720796346523,0.22158296606500016,0.21464631207663842,0.20784627414434453,0.20118185894949647,0.19465205238850558,0.18825582023953302,0.18199210881550698,0.17585984560366796,0.1698579398922675,0.16398528338334017,0.15824075079342492,0.1526232004403596,0.1471314748180248,0.14176440115767264,0.13652079197777311,0.13139944561987704,0.126399146773565,0.12151866698826552,0.11675676517336342,0.1121121880862006,0.10758367080848075,0.1031699372107937,0.09886970040503229,0.09468166318634985,0.09060451846266915,0.08663694967390256,0.08277763119934889,0.07902522875457407,0.07537839977754857,0.07183579380358651,0.06839605283005312,0.06505781167084024,0.06181969830009848,0.05868033418636287,0.055638334616048724,0.05269230900779576,0.04984086121640985,0.04708258982719826,0.04441608844155098,0.04183994595234708,0.039352746811061934,0.03695307128487002,0.0346394957059033,0.03241059271084623,0.03026493147245901,0.02820107792217641,0.026217594964919044,0.02431304268520762,0.022485978546001206,0.020734957578838475,0.019058532566589292,0.01745525421875982,0.015923671339066914,0.014462330985509197,0.013069778623844286,0.011744558273335315,0.010485212646301534,0.009290283280620315,0.00815831066569217,0.007087834361811929,0.006077393113400831,0.005125455495544884,0.004230429917015499,0.003390674044737807,0.0026045036640880426,0.0018702009928688312,0.0011860224641964123,0.0005502059962054773,-3.90222346027258e-05,-0.000583441498861248,-0.0010848306808952657,-0.0015449628888291045,-0.001965600490905217,-0.002348490559882066,-0.0026953607092536913,-0.0030079153022484206,-0.0032878320182021525,-0.003536758757888947,-0.003756310872290669,-0.003948068698491625,-0.00411357538609991,-0.004254334998620379,-0.004371810875227311,-0.004467424237020623,-0.004542553024293738,-0.004598530949806445,-0.004636646754931917,-0.004658143655603908,-0.004664218964933298,-0.004656023880613702,-0.0046346634238148,-0.004601196521718975,-0.004556636217557752,-0.004501950002861577,-0.004438060258109999,-0.004365844794051554,-0.0042861374849962885,-0.004199728983223849,-0.0041073675081975125,-0.0040097597016028885,-0.003907571541901689,-0.003801429310556159,-0.0036919206041829966,-0.003579595385247103,-0.003464967066065583,-0.0033485136211766076,-0.003230678721934055,-0.0031118728892920444,-0.0029924746607434827,-0.0028728317659556524,-0.002753262309056481,-0.002634055953421921,-0.002515475105042242,-0.002397756092761938,-0.0022811103422668566,-0.002165725541487973,-0.002051766795432286,-0.0019393777683376356,-0.0018286818120714088,-0.0017197830786130908,-0.0016127676159385373,-0.0015077044459417266,-0.00140464662422346,-0.0013036322802122413,-0.0012046856370488968,-0.0011078180118033742,-0.0010130287953415973,-0.0009203064112739412,-0.0008296292539853312,-0.0007409756260017275,-0.0006543237469145424,-0.0005696517622482133,-0.000486937752157246,-0.00040615973961166674,-0.00032729569909406564,-0.0002503235645576751,-0.0001752212373276052,-0.0001019665936041747,-3.053749230730318e-05,3.908821781806182e-05,0.00010693269126704763,0.00017301807855574225,0.00023736651979788803,0.0003000001375426109,0.0003609410308627048,0.00042021126870395165,0.0004778328840870927,0.0005338278677982089,0.0005882181627612226,0.0006410256585240859,0.0006922721853470648,0.000741979509768953,0.0007901693291501033,0.0008368632666133635,0.0008820828660418556,0.0009258495876451889,0.000968184803184613,0.001009109791652918,0.0010486457351248646,0.0010868137147781454,0.001123634706800658,0.00115912957863884,0.00119331908553022,0.0012262238667517522,0.0012578644424365848,0.0012882612098792379,0.001317434440920806,0.0013454042786520404,0.001372190734571177,0.0013978136856849233,0.001422292871609443,0.0014456478923534632,0.0014678982054761036,0.0014890631239836694,0.0015091618139990715,0.0015282132927723069,0.0015462364265772521,0.001563249929063204,0.0015792723592085167,0.0015943221195016122,0.001608417454406208,0.0016215764487697015,0.0016338170265726149,0.001645156949621196,0.0016556138162400202,0.0016652050601919655,0.001673947949768717,0.0016818595866539,0.001688956905240957,0.0016952566718373419,0.0017007754837550237,0.00170552976868521,0.001709535784414129,0.001712809617856692,0.0017153671851133367,0.0017172242308447494,0.001718396328271865,0.0017188988787211201,0.0017187471114539221,0.0017179560841782404,0.0017165406820822682,0.0017145156189712907,0.0017118954364718775,0.0017086945051119073,0.0017049270239226644,0.0017006070210072721,0.001695748354279658,0.00169036471123718,0.0016844696097564338,0.0016780763992301218,0.0016711982602259923,0.0016638482055100212,0.0016560390807853764,0.001647783565260852,0.001639094172503519,0.001629983251405065,0.001620462986863913,0.0016105454006947184,0.0016002423525947052,0.001589565541223692,0.00157852650517043,0.0015671366237484108,0.0015554071186443252,0.001543349054486498,0.0015309733404933468,0.0015182907315534067,0.0015053118289074519,0.0014920470823653886,0.0014785067907610028,0.0014647011036572621,0.0014506400230516192,0.0014363334043991927,0.00142179095831807,0.0014070222514988018,0.0013920367086939223,0.0013768436140821905,0.0013614521125191459,0.0013458712110150373,0.0013301097807243423,0.0013141765578552622,0.0012980801454887114,0.0012818290153404632,0.001265431509125392,0.001248895840546993,0.0012322300966047806,0.0012154422394701214,0.0011985401080778502,0.001181531420002102,0.0011644237729342422,0.0011472246462176372,0.0011299414027234889,0.001112581290556136,0.0010951514448720445,0.0010776588894714223,0.0010601105385035225,0.0010425131982856328,0.0010248735688946908,0.0010071982460431173,0.000989493722613588,0.0009717663909327712,0.0009540225441924122,0.0009362683785525405,0.0009185099948467723,0.0009007534000033957,0.0008830045093191075,0.0008652691479369423,0.0008475530526084185,0.0008298618733419971,0.0008122011754494451,0.0007945764413648249,0.0007769930720655793,0.0007594563895167994,0.0007419716379217789,0.0007245439851999436,0.0007071785253742746,0.0006898802797650205,0.0006726541992634338,0.0006555051656960131,0.0006384379935866491,0.0006214574317482402,0.0006045681649311518,0.0005877748159832663,0.0005710819472710682,0.0005544940621575734,0.0005380156068213182,0.000521650972302723,0.000505404495527273,0.0004892804615224122,0.00047328310444072486,0.0004574166097768284,0.00044168511544739886,0.0004260927139512205,0.0004106434532786807,0.00039534133895813284,0.0003801903352496083,0.00036519436685011897,0.0003503573201442123,0.00033568304496611745,0.00032117535613451764,0.0003068380349304789,0.0002926748304616922,0.00027868946131093253,0.0002648856163318669,0.0002512669566954173,0.00023783711685609887,0.00022459970631416581,0.00021155831092301014,0.00019871649391234314,0.0001860777974229677,0.0001736457435868033,0.00016142383594797138,0.00014941385882139002,0.00013761599882400333,0.00012602896310909273,0.00011465009652056324,0.00010347549601874562,9.250012385564332e-05,8.171791779432169e-05,7.112189962299453e-05,6.070428258908578e-05,5.045657530899916e-05,4.0369685450514226e-05,3.043402142566265e-05,2.0639591753024433e-05,1.0976103851589869e-05,1.43306101563212e-06,-8.000142202035931e-06,-1.7334125459456118e-05,-2.65794292317878e-05,-3.5746422327065375e-05,-4.4845210595667595e-05,-5.3885545924003964e-05,-6.287673591032217e-05,-7.182755484791414e-05,-8.074615436726162e-05,-8.963997510136323e-05,-9.851565818053132e-05,-0.00010737895723877955,-0.00011623465070442762,-0.00012508645374964544,-0.00013393693075158808
21.78519416970653,19.725911950376144,16.245881702917075,14.951636141453093,16.319609919972663,13.536136099645148,9.332773160459624,6.815864605744935,5.637376784849494,4.685450902644675,4.290518860029465,4.138877567873635,1.733290793151241,-0.9325418317545768,-1.0516884259149037,1.0972513522791587,-0.7177419196295887,-3.627277861714049,-2.2976645548081365,-0.03991904274192848,0.3966098853461517,-0.38290345940595216,0.16833506752595895,0.4819805791445333,0.3453705446659683,0.6778919456553467,1.2886412017968496,1.0109456220170614,0.18274054067484258,0.47109327111309085,0.7150986962909087,1.171362638386313,2.565546023848867,3.771411468632209,4.1690689883857885,4.304033495055137,4.994524561804212,4.757217141940032,4.069967329942813,3.8527999340237784,2.9978768065693657,1.9567771392954114,1.5006904198331767,1.9185976881832971,3.02200180693319,2.528075612826626,0.7449645407975254,2.9891450718006354,5.793371688465868,5.798705459274629,4.45107747883992,6.486701465028887,7.429083171070204,5.352508951521656,7.724544447330118,8.606565799347436,8.118816784174442,11.117410679083264,12.740594959230464,12.645262228265608,12.41408506577892,12.318882736053183,12.58600207055639,13.1303567841029,13.236793414937893,11.944277061317791,11.61882838258532,12.801363083889953,12.92644194873219,11.011967986336572,10.421820696485042,12.137676329326496,11.201573862358032,11.451205356185028,13.255328645786506,13.177219463989502,12.173157589181926,10.459736423436539,8.947151667134449,9.319462720777494,9.825852601871475,9.872241677225247,9.73478858887529,9.010451772884153,8.400070527773323,7.946768407268678,7.385196445402016,8.022026365903116,8.236377884451713,6.410787883273315,4.310910096738212,7.363164219700934,9.399365023735868,4.858260137853108,3.646796934718168,3.676560973047458,3.4945744585945704,4.581514014614754,2.9215959539678806,1.2376225571435953,1.718155089815923,1.7445647524906462,1.76890128479522,1.5951429628385085,1.598251772558001,3.3871372942832068,1.6349179328935861,-1.2842994759140538,0.703787052565076,2.1615293269760514,1.303012484022247,-0.3787478916831333,-1.0789077325474636,-1.1403242994988432,0.5739531910029427,3.1613360304578464,2.920895609221816,3.613067747609307,5.107662973846004,4.960709716569681,4.840113335058163,6.886312872205622,8.940979797050886,7.870687233752506,7.498916592057753,8.929177791520374,9.945277853365042,8.452727007461135,7.964334293837737,7.482165719751265,5.674973507743289,4.449180030576599,2.8888193982033954,2.992170881127322,4.557012972688426,1.7954305076349328,1.2577647009512702,4.170626119328745,6.056584676338275,7.004310942707093,8.496334746785124,9.494250157897568,8.221613286361048,7.632448043067143,8.003775563621275,7.945135751633643,6.599514975962393,5.13681531485804,5.783456741307646,8.549916331803956,9.642715506369314,5.116031080034418,3.413321130121176,8.615555429379015,9.763481241257296,9.15840404968094,7.954960881758211,6.174364997194175,6.7390739773854875,7.001781602698429,7.137751780373492,8.420392248722692,7.907350754938989,6.238915805739225,4.210343378823609,3.068854160032288,5.790123004014617,6.46505883353484,5.983947433751382,9.314100310503932,9.835364992331279,11.472693056830849,12.595371035563858,7.949271226884207,8.411551290703187,9.302483326379615,8.20729220539829,10.009724818214636,9.733969129086063,9.014319523172617,10.111107009893317,11.348260330048333,10.9349611195762,9.054938219434348,7.813367130990173,8.092766200117467,5.083087073384377,3.94235920136407,6.218504104445742,5.7118843150333305,6.012900806179914,6.007730346938274,4.741301546476734,4.711850518659503,5.248911731346084,4.564709610897808,3.4700398361292173,4.527711789539808,5.499326010531149,7.2103253591717476,9.042609665127884,7.737269931565152,5.106136003481652,5.5734637099608335,9.164704658534902,10.52591536813975,7.491322827959493,5.894908833962063,7.586889784545519,7.653565472991659,6.2266450901438475,4.901643213832472,4.184291084379765,3.9664278503814785,5.4170528865348615,4.52218177245777,2.8331371632498303,5.3088950703862565,6.634017159528639,5.005088491230254,3.538920513423932,4.907744095408589,5.431006549466588,4.2723929783558106,3.746100637046311,4.754400083737437,4.126868630924719,6.71206504925749,8.645779142010838,5.80025023656583,6.492724119944455,7.4203898467998215,6.4931433420438225,6.348601956518337,8.844475165188442,6.30215589019042,4.293036169213337,7.609576745668164,8.956957660224475,7.341200477751045,5.027481140858299,3.718291752567893,3.2654159053408875,3.1834786166841695,2.8035718627190818,3.7579957973132423,6.910922852570366,6.978026549638798,4.881583722481082,4.45005947210052,7.625687942591867,11.754755567419465,12.080032392478643,12.19383562803273,15.688969557592259,17.518710878096158,17.235455811336806,15.764706737391634,14.89634419560548,15.870259355883263,15.667430765683775,14.787023862002002,13.95934265180881,12.712175014935156,11.844791810277911,10.682158426297747,11.05467119588252,13.580933391516396,13.709014953654446,14.186972257627076,14.877911577394116,14.74820925259337,14.875507224915282,12.454023109666423,9.81292176507145,9.925409772702551,11.46842808440249,10.419881014941666,10.216534036935172,11.238266815385487,10.527677720203883,8.661055403725072,7.098903774109658,5.25662089294417,3.267255479112009,2.8707282844284236,2.4635759449204215,4.527478852511308,7.4474374652660345,6.89073938615843,6.216077723418721,5.961405150109158,5.80651942080965,4.971622967397025,2.551368324689747,1.4852561631571461,2.211077913756071,3.472960308136635,3.893814036528738,2.138602664522068,1.1285149542629824,0.3204450204436853,-0.7007834475949721,1.7542674652556798,0.2356993501417719,-0.48360805690504094,1.6941761284522272,0.8966727345199388,3.48728122878083,2.5234927859249865,-0.3805611430851741,0.32137954661311596,-1.2298167803746765,-0.7758501509561029,0.2941306456474422,-0.8647650105876892,-2.28083841362934,-0.8913788783029304,0.7197404155533604,0.6913723979089355,0.7608196337905611,3.0192664550248764,3.7984977032945153,4.0294190121055635,3.812247158551145,2.527655059752078,5.214213200822769,6.469390739893242,6.406708559766116,7.744362189273261,8.465378059544946,8.686387784305907,6.393467931524583,4.965516466156032,7.467038623964754,7.105910726194679,5.370709030980265,6.632882621020826,8.040674475538253,5.250932867497454,7.4121434493897596,4.330323086894396,-0.5714466658361061,1.376436308412167,4.29517890526904,4.844073820220274,6.697855213765365,8.546454515902496,6.925444576688278,6.0725458290338565,6.357069810181201,6.761425594648927,5.257035293123408,2.191907254211401,3.0054799648780772,3.3583830991484547,2.259268491436387,2.663626019224239,4.8890669160982725,4.702115723501606,4.586337509595296,6.834073727797886,9.327326017425548,9.197423947667858,10.037182971388802,9.75472523889664,9.16002736553196,10.167068897412719,9.447335788872579,7.355235340819604,6.7539019367723085,6.829772447381629,6.882503282752623,10.130817552824965,7.990947444913672,7.190708605908185,9.192412953915891,7.54437022312959,7.945157783188051,10.775542190700435,9.238676903071678,6.009882268903198,8.107800466834078,7.6248035432664665,8.592471718196634,9.272181812422218,8.559953342180961,9.563535853524172,10.480216610726188,10.844379089676636,7.796118608868937,5.1413619218899385,7.331909026151607,4.7795813775862825,4.611592765341925,5.644731695920541,6.155808187321327,8.091431497758094,6.620012027676353,5.672227434783736,6.199445632756692,5.703693147735976,4.752181432792554,7.665844515159392,8.045279032788926,5.262199021111769,3.5101560899369133,3.9856310103531314,3.5756559602469906,4.3619648673785605,4.011374309755638,2.3011130268455418,2.733201837446586,5.15176338102799,3.6816817424878536,3.9587047493610044,6.397571560233132,7.078670351880987,7.608816883981035,5.848610388029897,4.56959904167411,5.172053582230092,6.164398586928996,6.249760264234965,5.418312546015386,3.8175163368188123,4.245405729830054,5.140578401327048,3.047405528827767,3.3718300414178657,4.493000129847928,6.591272143780088,8.052995635919274,6.557305144375505,4.284494069927177,0.906981622465878,-0.09031341656498171,1.7114876045156961,2.945558665086878,2.4457571671289315,3.246684846971334,4.068368001057024,2.7702979331907045,1.986562708309748,3.339104118227283,0.6735576037572173,2.2398551468020855,3.7777968259722456,1.9691685798761682,0.9178445923899972,1.6906505106289273,0.9264638918772903,0.42975050326037945,0.9041154235540034,1.2735006026218798,0.7359262690564492,-0.8400857669151378,0.7311249032163687,1.0497777860593942,-0.36914328059356194,0.4685629653690171,1.8452789308117872,1.6590791144148511,2.0096369514243406,2.7444284455532397,2.4144511280666165,2.24352330070883,3.9401431995601115,2.406412351973813,1.968992438163582,2.9864052492645783,2.515994400996874,1.924643005361986,0.6890972040120573,0.8626715496504858,0.9623340905239957,1.051653130409079,2.7887708514583665,4.401195785737002,4.545452299714498,2.8834048959125766,1.9109630324638829,2.8882265529889537,4.104530949855587,4.628203125827895,5.001293938451113,3.5633086164347105,0.9198346520304312,-0.32286943212210417,1.179034140336853,4.2363358050648685,5.20804365325364,4.500803291914394,4.149525188113273,4.588991185008126,4.224838423694791,2.384303928166844,4.22769314759023,5.902554945044642,5.852549821386958,5.106817423547,3.3662802604652597,4.176739480790729,1.855999070372775,6.15643290988686,7.117310446361614,-0.037162965380105106,2.093364778691125,1.7491204180960267,3.1583675923938017,3.6784591217004845,1.0368952153731357,-0.998327458904896,0.41656280934461165,2.4596981999792433,2.111884191044112,2.8302748915677967,2.4514797657965346,0.7351426629180651,2.343800253378163,3.141496702467748,1.6960112926602733,1.7814523379825573,0.29164844184469985,-1.0351200661915527,2.3581832177862907,3.2225136367856635,2.7492559854955516,-0.4483607812243804,-3.373135815471528,-3.139710754399516,-1.2966538020550615,0.5467679401826899,3.0507704226511123,1.1102497167922252,-0.9860385477479667,-1.2082805027388872,-1.3547164830123393,-0.9653656329073783,-0.28879081397639084,1.2537251771607316,1.5412869243972978,0.8623616792231132,0.3072964218117704,-0.09755731522744782,-0.3456539382179358,-1.339290881806619,-0.5911442387440502,0.25898692672978996,0.0840657503592297,-0.6388491990254579,-0.11937538639131162,3.62287848930805,1.5567997839824557,0.8476255889100912,2.0980318045329795,2.645862703562102,2.237684272733361,0.17832029083683665,0.2058218519571824,2.420636272580964,2.893639315409416,1.1516696358460194,0.6498492913364089,1.540993095253043,1.005961450280381,3.051969585472307,3.3827353148334964,3.4181626706094903,2.7022703370071213,2.551049312666464,2.985446380688188,-1.1980792356193888,1.2231398846009824,3.4400752595190625,1.1759858826469554,0.9806074542703982,1.562824726998599,-0.7722862383701568,2.2189490954926896,1.3339238490494267,0.06751016891377049,0.5325915429171459,1.3074140009678104,0.7995997404181594,-0.5907059787615481,0.10634417187657164,3.632423437128864,3.6580990941262144,4.267329170038295,4.286411414115491,3.971391684031744,5.51197019397614,5.441383137951789,6.189533639233673,5.435500302348714,3.7605522749803413,6.0830858468083875,8.273065534973284,6.8359838127599915,7.114032765600143,8.465364488686419,10.87950853963622,12.888809791640028,13.617775115875133,14.687553161043923,17.91661787422754,20.683439292345668,19.991699283703042,21.097244396307417,22.594206532512374,22.95595742830608,22.992719587600675,23.140506675742927,24.280306865449006,26.42982476538384,27.254742292510343,28.983696484480447,30.11476135073781,31.3093075629032,32.45248818151185,33.711893321715365,33.914197988182195,32.22503255462544,31.692012528729492,29.180865430050346,28.083987972223724,28.728130640252175,28.28800253652065,27.263932449194783,29.253597411858777,31.449215188734797,27.92733899759162,28.262352163229423,27.085001184511725,27.136961130551015,29.021995426413127,28.923332556905166,26.994809676900502,25.87005841222043,24.76040544311138,23.192482480001615,20.359636286576006,20.53705945180218,20.341403710324755,19.954321184488776,21.68981669882703,22.975174332440304,22.071660370447717,20.821746075841645,19.776427115776528,19.073977348669587,20.019386184592236,19.556160413327802,17.93346888522069,16.9285851844528,15.747278416311758,14.981454909242757,13.849514778291109,13.698915478247386,14.676582073091197,14.975763940504407,12.399694342073076,12.55595684844775,14.07639526491846,11.87477352789881,13.497117349756536,13.239207114756937,10.978975177766074,9.611350860744892,8.34760760260059,7.498291562745862,8.347580878332565,8.326076276527203,6.9169899544257305,7.6936516847193275,6.954213546447079,5.417999944986093,5.658643672323251,4.486410279426764,5.469529839291113,4.899925823925969,2.8410970861226588,4.0001271937577485,4.02095856145786,1.7377492682899742,1.6851574795063016,3.83143493658406,3.0888639742037185,2.6575988583553567,2.011200528564302,1.6340633988307331,2.23769349844099,2.3923613417124443,1.8477500609901654,0.8134729693049394,1.5386329410063126,-1.1766113227002393,1.4958223095117091,-0.035528046641729816,-0.0244779406515363,0.9770006914375244,1.134282347318731,2.724130587141417,2.2261286818455233,1.1652087510517504,-0.013409222294626488,1.6956142571374357,1.5580558291487705,2.1691902549946462,0.6936585952029759,-0.8322552402112251,-0.661024734817488,0.4496663612823113,1.1262655979903684,0.84046584157079,1.8377025214418836,0.2573929165696427,-0.2879318641786881,-1.2133286282999052,-0.33372315893745963,2.2003384485000197,3.5211503165258478,1.9558000487911613,3.1145169866758238,6.923051516214173,6.9101200205825535,6.012305622292899,5.711600909094898,8.12979889289852,7.016774289844307,6.566431764811682,6.887653308346444,5.695765566851151,7.16224073819734,9.258263585445661,8.443451993323436,8.06920758870001,7.64656860527208,4.673022665127689,3.7333368991356792,3.9665077071908854,5.1918900025729045,4.978472090973298,3.623665831159826,6.365800552803648,5.534941063052486,6.572204999271435,9.60355441603457,7.755469509523493,5.88624103900213,6.659243216702748,6.904536677952478,6.2602868609041025,6.784732976147325,5.220592368008738,6.349339026560472,4.593224007706226,3.977616628900023,3.420311285383036,3.507345382837457,3.1676820103052137,2.895133759609564,2.426676968305344,2.411732752793739,4.588283998526549,3.541633906423499,4.83911036505981,5.057745498691588,5.879429346100778,7.937162280139205,4.494223626731184,5.090228588006653,6.349356125657664,5.750246362275391,5.153527310905702,1.393123528710646,0.7464710203902314,3.3562095087539774,3.656085819698717,4.370343269672276,1.8825570849046471,3.8016743690446333,5.485909615610183,2.8596085297488116,5.6121309164548165,4.778844595542637,2.2652340131137976,0.37219939715072314,2.921118044034756,3.221160181677078,1.4264359314240096,0.31312540500601926,0.9739979269785977,0.7322915405846402,-0.2556869606763712,0.9332758817471358,1.0548850713795446,1.4004900496676669,1.8714560217101734,1.4851453670103751,2.710580434175654,-0.8738720942793634,-1.2766988342415857,0.06521648801685842,-2.4667293921921214,-0.37230429685951094,-1.1370914711053501,-1.4362151519715667,-2.143640858356946,0.6522941230416563,-0.5219801786782909,-0.6787300887108358,0.9982439287127818,-0.1533980137888875,1.2866456981409442,1.4801332756242118,0.7338118147901014,0.6796846114109485,0.9013540089712819,0.2275089529092611,-0.6316309397537907,0.36780260689340594,2.5203249910489376,4.669737462802573,2.8394980026332064,1.2288148564680341,0.8494265038625599,2.379453137428186,2.8573969449118977,3.989240344865266,5.6178978431472615,3.4066570818487776,1.9324098775994116,2.6809527356596163,2.886769712189789,3.668133657754993,3.4360112260401365,2.401570119932501,2.955726233874543,4.183853229964257,4.940458996211305,5.421268043255907,5.9326306083951295,4.18034096687785,4.337355886627108,5.317964725344439,4.222216905042785,7.899062683125749,6.877322500244645,7.683008389956285,8.705901229335723,4.888393431844349,5.052606764963002,8.006471833504861,8.800380895225828,8.401015690437532,10.105470897772875,8.556909691700753,10.417537204892767,9.665628270970387,7.482184953285582,9.279012791987043,9.842214674707975,11.468939924461665,12.36170187027426,12.46562744037169,12.809491008450323,12.19721218601876,11.716736403245761,13.297438534641742,13.161538962730617,13.096076076230247,13.70443216254813,14.606742349874821,14.430952895957887,13.614639945526733,15.451915065449953,17.20319705488231,17.206143158021348,17.994148644838788,18.080679086176417,16.431529796429913,15.518323139349036,15.670681544514878,16.420923643582398,18.01331108121667,20.014491555302698,19.214224976066532,20.784440883144157,21.099795166233832,19.8811940779957,21.648400403688697,22.44900697170226,20.700599562773277,20.32845214242559,19.53041961393535,19.489828480546123,19.494770138162608,19.569479053237956,21.873105955638778,22.192485165158985,20.063685874828536,18.296944980303977,17.703107722435902,19.531524592458254,17.587177856216385,17.429137181871795,20.353225849961916,17.007590837563384,19.186495250493294,19.215023247715294,18.95265038009063,20.0843507652595,18.297507514268773,17.165304952386805,15.40951566302158,16.539782827503757,16.69703470730633,17.13056582984575,19.135567490335063,17.68792385100886,15.697263498435632,16.58883825039169,17.938868813911142,17.87917726448825,17.636371481386277,17.480789245404367,16.095303194797907,17.42453348732164,15.608136512996907,16.561615308063438,15.376527256150496,13.622913192147678,15.572747227745083,13.90956217093509,14.306269155247946,13.989092132242092,13.483722616989724,12.602227678778661,12.091090763134048,14.118974231139418,14.177689869534845,13.213668414491167,13.327758129722724,12.035753467342772,11.798912634579267,12.445100301100581,12.063440943011813,11.894272391517575,8.802931271478315,8.61828451246788,7.534218915720203,2.569693662828115,7.31968646907211,5.806603991981888,4.890620711806207,5.944819463680119,3.473386109301771,1.9329595291683859,2.7416650728450804,4.053223599725868,2.7715693180851986,2.8616406695470005,3.207962000218913,4.188709713794651,2.4303814263746517,2.8862260441728154,2.2144177674744014,3.093607802863744,2.51842613938976,1.7154360504906094,2.6344976769024697,1.6077952065678573,1.1374954741357897,1.0244712081633338,-1.991012886698229,-0.7173372277760564,-1.1669335662915614,-0.16329222565570944,1.4097137362535932,-0.5294799929425835,-0.7109974369068937,-2.2322364301842867,0.29250549327332465,0.786489519748784,1.9168732906491641,1.7831263804514492,1.7395704668670078,0.42067841648218973,-0.5368798124486034,1.0635937724328528,1.3924047735169438,0.7521829055845615,-0.44216808590181245,1.039868262270602,-0.4458515158619889,-0.271559369156364,0.5610921186325868,1.2879408451563563,1.6316715757854467,-0.028567429856821036,1.095215918826284,0.7948897276709204,2.1193105183825196,0.9881233073957674,0.5571179187458029,1.7979410112492928,1.5362736118391922,2.1040831887476656,1.5324642538458306,-0.37368518046628196,0.3381462703552529,0.1910303309630308,0.4615787312574753,1.1426202230512672,0.6758360510622197,1.4914937715269048,1.0145813320831394,0.4310118241876921,0.4846511186986504,2.7623215863419546,1.8814546802374252,1.7861112159450272,0.04468043415994316,-0.03381749951762458,1.6464722928410538,1.0187158149738025,0.5087852047991532,0.9882006917235344,0.48833352849351286,0.7323578475512988,0.41759934383398445,-0.16660586291064305,1.3267412691729135,10.755139478212953,6.835859098179128,1.363790847488616,1.9650167775736236,1.439080717550155,2.5110634094073987,1.4939818525937199,0.5707105835370498,1.6697447168061785,2.271398157555126,2.264126733807217,3.1699004507427446,2.665687866426282,1.6736812209557854,0.767454934149356,2.2034445865821795,2.9058255502478687,2.752538845936215,2.6452068444795316,1.1245049861827567,1.4721515376504897,4.400238798544478,0.7545564310773045,3.3558234670076104,1.959909009122896,2.996708313886188,3.3110486927460556,3.3665773479100096,4.135394519621258,3.9302525772856143,2.4228054543085307,3.571358302398295,1.9075345124279863,2.9691674452832615,4.2352523804713655,3.382583983199936,3.3799944590185476,3.4921225599840398,4.595880870075689,2.097661604529236,3.4590933353985633,4.20114585563536,2.2035074843524853,3.64701358148551,3.5210472602521463,2.030094418582763,3.5140776140217156,2.067267955986779,2.223358809909797,2.432562499534839,3.120143006152972,2.865065850025502,3.75984604408697,2.70121279230446,2.873843531058583,2.415006368991925,4.356729259198431,2.5889500695213883,3.56602883955307,1.5994115316314037,2.471689381374233,2.5220483130910054,3.181150444351971,3.629123582905379,2.6197646519780733,1.7911780732126203,2.465565296314338,1.7278991983159244,2.927510930201322,1.0083664799303733,0.3482846921256737,2.0549274502217543,1.3783821399340468,3.037211283282005,2.601707611126727,1.8724339363502054,2.8808335489683827,2.4538665195272245,2.623601273067436,2.518037996079073,1.7962129896450847,2.0680290022634154,3.495436332302887,3.1288433232824673,1.445629404724457,2.538881090727557,1.666311826022934,2.414995763367699,2.3837561564658927,2.1878192157640797,2.8779425295442422,4.100708662618871,3.8131399554828533,2.8235156627789024,1.8984429049060907,2.8670742962790996,1.5947408503354268,2.4147450955630916,2.1254467740227767,2.4554574614959677,1.1818046589147855,0.05537731600156803,1.79155706214965,1.733746761449197,2.1972118918032493,2.433405501880884,2.085015772192264,0.9276194338524988,2.4826883952171954,3.4540370011768857,2.1134877712048024,2.618376185034492,2.633727940738254,0.641203606386739,-0.437152602189542,0.6742190917197206,1.067212748690224,0.20452619488355595,1.2064956995448597,1.081198600333778,-1.2131230908176462,1.8201483843949688,1.959655733647594,1.7574789826014694,1.9185452509912864,3.154602161514788,2.2326034438432885,1.778587595195603,1.282194574100572,1.599336133884492,1.0259415998493466,1.3891443609965108,1.7644755308813842,1.9546084181295669,1.910363737926673,1.74235204906023,1.0600240513125812,1.0577301725745656,-0.12718610120288076,1.9791817205096436,1.9971342096496585,1.216924132814455,1.1014877727083672,-0.15557159539903864,-0.4674470710352807,0.7824854602588971,0.8279659467233671,-0.006628534619210313,0.1019346012776623,-0.07865398710461591,1.2709778670765388,-0.42109327738037905,0.7688602563423217,0.20243652482346874,2.0125042597088054,2.4269944282598885,0.07805074814811519,0.5600969677829255,0.5598038370458767,1.149836007328517,0.32828074249897554,-0.2992079750620462,0.29601269579946177,0.5026959802715396,0.6407931940579346,0.6519368159719079,-0.22348890819799294,0.8419592231392414,0.6446368414000005,0.7630421329649977,0.604194948266894,-0.4002419942299298,0.7376149718202782,0.9728089317018487,1.1564400258439491,1.641530904816591,0.7167043843075618,1.4269612896796957,1.547458319449703,0.2831692291449315,0.9199926073399922,0.7281486085307591,0.9200646316397183,0.263221713711971,0.6925431215634035,0.34063733738709345,-0.3064478948235063,0.40760796200967775,-0.015153137412099227,1.7506139435079717,-0.21132265705475106,0.5454988106348253,2.147611158132605,0.6467790760384844,1.1120933951716552,1.5988127893884325,1.0467859702614106,-0.27157320290075404,0.5852927012898022,1.7103491372683663,0.2659432148082601,0.3788536353431482,2.1963439980288513,1.6302881546631625,-0.11853797987569692,-0.07178602190244021,0.4847944647006557,0.9437306887446084,0.8103580381000057,-0.46930673621623953,0.3742469932965662,1.0733259431468127,1.1422268436878795,0.9040155440146265,1.6907223175736021,2.138416348874358,0.9349015776707006,1.1364509681558275,1.9116344491386172,0.9604167942787285,1.5472538580450816,0.7871873363649229,1.5414135555962787,0.7706236974603087,1.0713272709821808,1.2208961348824516,1.0975168600848235,0.28727689639998744,0.2878923070315693,0.1999004765531538,0.8502944492254585,0.23191502763944527,1.0879691402942342,0.4568525963059642,0.4614718992165763,1.239069139207004,1.6789920732016128,0.30149348558512656,1.439150516768791,1.0509440856082506,1.458495347903522,1.6750452274069971,0.7313363330762854,1.7737498392745863,0.9160969619776438,-0.16840879439345713,21.427172484437392,27.305812043079328,-0.43023817966167144,1.3217364175056332,0.8284409012851768,0.946881719879201,0.38024901550124923,0.7163992785478968,0.4323796352190641,1.2419391054066864,1.1464243220145818,1.7753022161161596,0.9413052901774108,1.681546362298036,0.028163791212946876,0.9070717074437482,1.009671909594175,0.5816416182558157,1.7531946962172356,0.6983529315012191,0.6685534031195459,1.3150515406587715,1.1734029387836813,1.0208165030365706,0.9616647179086613,1.5018015942273735,0.5645271831282628,1.283697415840166,0.7198267975102794,1.4431953299160512,0.6822097739070898,1.3448841373708547,1.318041716663231,1.194762540106808,1.3318288967981218,0.4924408030371126,1.4676988377414943,0.9721425564638366,2.0599796419124417,1.2699338233801143,1.0703550890054032,1.74762842566588,1.2826005357134136,-0.03790137089001888,2.1330160107021072,1.1775399396614148,0.9965494784595137,2.029963183630514,1.3657975039969585,0.32024098763125153,0.9985979517877297,0.41042378032929605,1.0380139305989076,1.5610591436040764,1.7031305191974297,1.064198995022167,1.1706345693652906,0.7868900198361359,1.236431373679686,1.5881507574304123,1.1555805243213797,0.3784087220420318,0.6296004128506922,0.7543610691629965,0.41671323910632196,0.5500504280867062,1.1092390307471192,0.5878683786685528,3.5718319222445416,3.5087936829644093,1.3186768466185868,0.9701408203836763,0.4823552860626492,1.4320841277607599,0.1472661081054767,0.9284732083324414,1.1513964135053243,1.187015464717355,0.7939404505686696,1.0836179498446938,1.7344462136457537,0.8370548300228506,0.2535461444904641,1.1263988531839004,0.3213277108681041,2.4244796411623497,0.14798572744763305,2.5572749979126854,0.4213363414360458,0.7341377918036187,1.5742535113219276,1.1059242453779916,0.6897254208005279,1.3708560720873777,1.9092482885431252,0.9998163221914353,1.0781854462893463,0.9765033560847485,0.37616080306952426,0.8089703466027629,0.6114892288864624,2.259114332905483,0.17508031008569702,1.3673994179727984,1.2888089332253685,1.5073337765238932,0.40779790348602774,1.333040560890744,1.597000808252858,0.9795027341364175,1.6480922827863083,1.2793713918058174,1.5236967168014814,1.952780986614414,0.8041425943666027,1.297698724718174,1.0140232201963428,1.1883910264683877,1.4685335002506008,0.7951201118417828,2.0175306644238162,1.7533715052016703,1.1972637027228004,1.6618434395040822,1.5117754343419776,0.6802190366015246,1.2895481508910471,1.6747697467316982,1.3961256500412844,1.903334295383587,1.9665981390869298,1.4399321607690787,1.4459992909711161,1.7926792199275496,2.3995439218616355,1.6534923096486729,1.9812942720296576,1.7471298870104341,0.8913165771920148,1.6447332664877798,1.864563416144133,2.1505707367524813,1.1442515405337872,1.2663225057063414,1.0465890937685742,1.370148006163621,1.5356567069851792,1.3061432508513668,1.7507497355918247,1.2239593912393048,1.7086370018776051,0.8400672731398799,0.9945244248540881,1.7602710419382959,0.6129692833197566,1.4836148416154096,1.8520467319343368,0.9249734041538886,1.323142734763195,1.5322336143214876,1.3160410272699323,0.25160557814189133,1.262000836180107,0.5109123754959626,-0.021770284954357066,2.254323584901069,0.4373698012657883,0.6645683079380262,0.9322765672350783,-0.32876653999730365,0.8656979764958557,0.5717821847563584,0.3280104045130088,0.7368030775154466,0.5654804387622221,0.7724389282581683,-0.274020590559644,0.40352208378527976,0.8586159642060807,0.539566340402132,0.043262782055904836,0.23834430135335083,0.6411969459487068,0.5999785902477583,0.7885859513968967,0.9123506993620936,0.396985208331472,1.402803735745465,1.317814057085286,-0.3205268439984934,0.6158216856326817,1.0743080743840778,0.5745776495280133,0.6791289863135717,1.1066419379813226,1.016676111636258,0.7903324084432217,1.9413982428898464,0.041272415884380464,1.3502430376745451,1.440942765467213,0.8069454742891917,1.861987096000746,1.1973661953906856,1.1162322710440549,1.026289831814239,-0.14387888693389073,0.40864544388549007,0.7678256767583793,0.2141263551787631,1.522736219539496,0.8760753196923492,0.8893695682301388,1.2985904490126075,0.7868548189985916,1.214256562880676,0.8151313155844644,1.276589592135851,1.1950102052588818,0.864788006705794,0.8590795924360446,0.9900560974797372,0.5479168683832825,0.8674072800068586,1.282539276869528,0.7700354024796354,1.3879064097988874,0.20858253044931985,0.2581738957144921,0.7644221620396632,0.4540981195991094,0.46363568250296794,0.04062327572569302,1.2516561977389529,0.12492623190431118,0.9328028547161864,0.11122784157754673,1.0253869160540603,0.43681760485870313,-0.4845354565305495,1.467162902906038,0.2238087500273025,0.4496197441724519,-0.5361810226829675,0.535031351943104,0.7027343992815815,0.8073728135517797,-0.8830608496294303,0.8858188594710441,1.3061826984404092,-0.1398778568313901,0.6373120617239749,0.6890995825148991,0.6151248839269954,0.7288142006190697,0.07024203642589555,0.8487485693711676,1.1062421390946042,0.7175567968695891,0.967445268440855,0.5655984097015789,0.20654165082095055,1.8221107749540408,1.3654389994357246,0.8605783962550504,1.298928045937629,0.5993151884955239,0.9206372770657367,1.177218111714014,1.5207299569608779,1.7529437602641451,1.7968146660688262,0.4183424013684194,0.9871708845076892,1.5594292825244036,1.1904284111759011,1.3577139423309177,1.0752865832341456,1.3336951002441992,1.3750664831846677,1.3169205023279726,0.9236502645609903,1.2694631982035958,1.3032004282730423,1.145412013509258,0.9317683886187922,1.0889302263973946,0.7668733454167977,1.1796298518399624,1.0843979357261446,0.2886209542057543,0.9670016583806103,0.6169780800909725,0.6191902304351231,0.6432337472901395,0.6681076261087933,0.6922667077494671,0.7156158280579632,0.7381613199679862,0.7599156437348142,0.7808916626346161,0.8011021639521232,0.8205598568827384,0.8392773705118373,0.8572672518687057,0.874541964054913,0.8911138844452751,0.9069953029602971,0.9221984204090461,0.9367353469011732,0.9506181003263521,0.9638586049007642,0.9764686897784998,0.9884600877279013,0.9998444338704928,1.010633264481811,1.0208380158528882,1.0304700232114499,1.0395405197012053,1.0480606354190911,1.0560413965079078,1.0634937243044646,1.0704284345415545,1.0768562366025947,1.0827877328282227,1.0882334178736528,1.0932036781153158,1.0977087911063563,1.1017589250795083,1.1053641384966681,1.1085343796437712,1.1112794862703481,1.1136091852725656,1.1155330924187012,1.117060712116114,1.1182014372188576,1.1189645488750841,1.119359216412704,1.1193944972631016,1.119079336921743,1.1184225689446237,1.1174329149798439,1.1161189848333493,1.1144892765677241,1.1125521766336988,1.1103159600329207,1.10778879051162,1.1049787207845725,1.1018936927878826,1.0985415379595622,1.0949299775483894,1.0910666229488584,1.086958976062391,1.0826144296837583,1.07804026791203,1.0732436665845455,1.0682316937347593,1.063011310071687,1.0575893694811214,1.051972619547712,1.0461677020971365,1.0401811537575725,1.0340194065405228,1.0276887884389794,1.0211955240440886,1.014545735178018,1.0077454415432783,1.0008005613878481,0.9937169121851639,0.9865002113287744,0.9791560768404111,0.9716900280918424,0.9641074865389498,0.9564137764689065,0.9486141257580414,0.9407136666412441,0.9327174364921689,0.9246303786127044,0.9164573430332439,0.9082030873209419,0.8998722773972077,0.8914694883632137,0.8829992053327658,0.8744658242729031,0.8658736528508086,0.857226911286773,0.8485297332139794,0.8397861665425523,0.8310001743298017,0.8221756356541334,0.813316346494247,0.8044260206108618,0.7955082904333324,0.7865667079480829,0.7776047455907928,0.768625797140345,0.7596331786152462,0.7506301291712987,0.7416198120010051,0.732605315233883,0.7235896528372336,0.7145757655179352,0.7055665216238935,0.6965647180454368,0.6875730811159428,0.6785942675123238,0.669630865154204,0.6606853941016482,0.6517603074516387,0.6428579922326492,0.6339807702971996,0.6251308992119391,0.6163105731453697,0.6075219237529836,0.5987670210590466,0.5900478743359088,0.5813664329789958,0.5727245873790139,0.5641241697899488,0.5555669551933988,0.547054662158331,0.5385889536973139,0.5301714381172076,0.5218036698661308,0.513487150374857,0.5052233288937771,0.49701360332434774,0.48885932104587937,0.48076177973598533,0.4727222281867114,0.4647418671135881,0.456821849960221,0.4489632836958606,0.4411672296073732,0.4334347040853004,0.4257666794032673,0.4181640844914227,0.41062780570314317,0.40315868757568296,0.3957575335834349,0.38842510688485277,0.3811621310625526,0.37396929085664965,0.3668472328911605,0.3597965663930154,0.3528178639043915,0.34591166198765677,0.33907846192343527,0.3323187304013402,0.32563290020280533,0.3190213708776355,0.31248450941208716,0.3060226508904691,0.2996360991483584,0.29332512741913774,0.2870899789728014,0.2809308677466902,0.27484797896920554,0.2688414697756798,0.26291146981662905,0.2570580818582755,0.2512813823756517,0.2455814221381445,0.23995822678693912,0.23441179740507323,0.22894211107961837,0.22354912145635808,0.21823275928687735,0.21299293296777932,0.20782952907231333,0.20274241287444283,0.19773142886504047,0.19279640126069353,0.18793713450497762,0.18315341376168703,0.17844500540073227,0.1738116574767048,0.1692531001998816,0.16476904639898748,0.16035919197756243,0.15602321636217198,0.15176078294348372,0.14757153950992574,0.14345511867347227,0.13941113828897755,0.1354392018654096,0.13153889897088789,0.12770980562947898,0.12395148471139805,0.1202634863158778,0.11664534814698868,0.11309659588263798,0.1096167435361508,0.1062052938113709,0.10286173845042867,0.09958555857463125,0.09637622501915644,0.09323319866049928,0.09015593073743844,0.08714386316566447,0.0841964288452175,0.08131305196170047,0.07849314828115439,0.07573612543811237,0.07304138321799769,0.07040831383255863,0.06783630218956205,0.06532472615575102,0.06287295681428873,0.060480358715921057,0.05814629012400019,0.05587010325385222,0.053651144505920456,0.05148875469362224,0.049382269264924616,0.0473310185191167,0.045334327816931363,0.04339151778609107,0.04150190452088509,0.03966479977628978,0.037879511157115076,0.03614534230166555,0.03446159306020036,0.03282755966833406,0.03124253491554896,0.029705808308534642,0.028216666229837983,0.02677439209134036,0.02537826648321584,0.024027567318228193,0.022721569971423605,0.021459547414934832,0.020240770348948445,0.019064507327726687,0.017930024881394502,0.016836587633633826,0.015783458415370433,0.014769898373657497,0.013795167077404358,0.012858522618586221,0.011959221709588519,0.011096519776970126,0.010269671051617024,0.009477928654575862,0.008720544680073772,0.0079967702742465,0.0073058557111949085,0.006647050465318216,0.006019603280321917,0.005422762235070877,0.004855774806429736,0.0043178879288916505,0.0038083480513648738,0.0033264011910034696,0.0028712929840537527,0.0024422687342564586,0.0020385734581509496,0.0016594519281056819,0.0013041487125917683,0.000971908213983852,0.0006619747044567248,0.00037358283404387294,0.00010596069927260032,-0.00014166730176157216,-0.00037007781986631016,-0.0005800461033231841,-0.0007723437365143582,-0.0009477365616987754,-0.0011069827749849992,-0.0012508311898216107,-0.0013800196604449866,-0.0014952736578948134,-0.0015973049908097892,-0.001686810664892846,-0.0017644718725193798,-0.0018309531065767715,-0.001886901391799256,-0.0019329456263790235,-0.0019696960280271014,-0.001997743678344932,-0.0020176601589696475,-0.00202999727375186,-0.0020352868517079514,-0.0020340406248919862,-0.0020267501760145024,-0.0020138869504648937,-0.00199590232912783,-0.001973227755343032,-0.001946274913052548,-0.001915435951445943,-0.001881083751186452,-0.001843572230427526,-0.001803236684395415,-0.0017603941569461767,-0.001715343839777006,-0.0016683674966770923,-0.0016197299094358186,-0.0015696793429071931,-0.0015184480265872935,-0.0014662526500330841,-0.0014132948702183512,-0.0013597618280982715,-0.0013058266729899515,-0.00125164909283626,-0.0011973758476244711,-0.0011431413060165596,-0.0010890679827753047,-0.0010352670756503812,-0.0009818390005307265,-0.0009288739244368571,-0.0008764522940225561,-0.0008246453600406767,-0.0007735156964088219,-0.000723117712993826,-0.0006734981621150382,-0.0006246966372316365,-0.0005767460643255617,-0.0005296731847579395,-0.00048349903013900075,-0.0004382393882451652,-0.0003939052601538151,-0.00035050330822627984,-0.0003080362952800897,-0.0002665035143536443,-0.0002259012086938128,-0.0001862229830180695,-0.00014746020573852547,-0.00010960240163626622,-7.263908094046201e-05,-3.655974288108155e-05,-1.3538794689793576e-06,3.298902072401688e-05,6.647946946714e-05,9.912797492006575e-05,0.0001309450387623201,0.0001619411528395176,0.00019212679603697325,0.00022151243084067573,0.0002501085006940684,0.0002779254267863962,0.0003049736052105345,0.0003312634043481921,0.00035680516208458357,0.0003816091829094148,0.00040568573589894186,0.0004290450517885347,0.00045169732078420566,0.00047365269017518585,0.0004949212619749233,0.0005155130908462979,0.0005354381817994636,0.0005547064884581232,0.0005733279108142142,0.0005913122932668102,0.0006086694228883971,0.0006254090276627267,0.0006415407745237189,0.0006570742679343766,0.0006720190479256871,0.0006863845891871279,0.0007001802990771466,0.0007134155164294498,0.0007260995101319168,0.0007382414774212975,0.0007498505432010916,0.0007609357583362453,0.0007715060988573441,0.000781570464653214,0.000791137678419318,0.0008002164845777315,0.0008088155483392256,0.000816943455049568,0.0008246087092231846,0.0008318197334915567,0.0008385848682337382,0.0008449123704110661,0.0008508104131408345,0.0008562870850994386,0.0008613503896981456,0.0008660082448557205,0.0008702684821741968,0.000874138846910455,0.0008776269968393535,0.0008807405025379467,0.000883486846703363,0.0008858734238970101,0.000887907540317201,0.0008895964135717804,0.0008909471726212814,0.0008919668573810213,0.0008926624185221499,0.0008930407174716493,0.0008931085263270688,0.0008928725280270555,0.0008923393162945104,0.0008915153954944799,0.0008904071808331082,0.0008890209983292152,0.000887363085070092,0.0008854395890693922,0.0008832565697787231,0.000880819997917115,0.0008781357560962988,0.0008752096387354413,0.0008720473525727357,0.0008686545168075099,0.000865036663299179,0.0008611992370788357,0.0008571475964913589,0.0008528870140196432,0.0008484226760856473,0.0008437596839598882,0.0008389030539035502,0.0008338577177653406,0.0008286285234362367,0.0008232202354747642,0.0008176375355049004,0.0008118850228129304,0.0008059672148874597,0.0007998885479310047,0.0007936533777126442,0.00078726598007961,0.000780730551355191,0.0007740512091629626,0.0007672319928815341,0.0007602768643835134,0.0007531897088028927,0.0007459743351319048,0.0007386344771305176,0.0007311737940653984,0.0007235958710793966,0.0007159042204989419,0.00070810228226037,0.0007001934247057306,0.0006921809453785954,0.0006840680718482872,0.0006758579623635796,0.0006675537065916615,0.0006591583264139445,0.0006506747768924015,0.0006421059472359048,0.0006334546618234072,0.0006247236806302681,0.0006159157003367,0.0006070333550667328,0.000598079217297709,0.0005890557987697775,0.0005799655514806545,0.0005708108686235391,0.0005615940852692347,0.0005523174793609087,0.0005429832724814787,0.0005335936309336375,0.0005241506667061913,0.000514656438468819,0.0005051129523394593,0.0004955221629643347,0.0004858859745411337,0.0004762062416716617,0.00046648477032817937,0.0004567233188197406,0.00044692359909959123,0.00043708727713465123,0.0004272159742981785,0.0004173112681371549,0.0004073746935091549,0.00039740774357710507,0.0003874118706903573,0.0003773884873226052,0.00036733896749296946,0.0003572646473060104,0.00034716682600333115,0.00033704676715728965,0.0003269056996089148,0.0003167448183489796,0.00030656528539907413,0.00029636823126111267,0.0002861547556278765,0.00027592592869041255,0.0002656827920759497,0.0002554263597573936,0.0002451576193038818,0.00023487753281870027,0.00022458703784877798,0.00021428704852155533,0.00020397845665343084,0.00019366213257399068,0.00018333892614919023,0.00017300966777611393,0.00016267516980406072,0.00015233622718824336,0.00014199361845612657,0.00013164810690113882,0.00012130044149216701,0.00011095135783989463,0.00010060157930524838,9.025181796573634e-05,7.990277583758143e-05,6.955514578521615e-05,5.920961254446411e-05,4.8866853973095203e-05,3.852754221611576e-05,2.819186559577247e-05,1.785963132761026e-05,7.530367327035492e-06,-2.796575614638641e-06,-1.3121921369929623e-05,-2.3446366384405337e-05,-3.3770476903782765e-05
27.79343450676663,23.486797624154406,22.44859057938629,21.354955705376483,16.75428650814922,13.926602776201662,11.435736099165183,8.313045970885696,6.534837030698327,7.271321778039237,7.5116207502677526,4.780803464641622,2.0031086091321413,1.308157694410852,1.3698225191201345,-0.7358646043826411,-2.622996012440808,-3.800676287587976,-4.071624181416155,-0.7405349789781894,3.1376311679709943,3.927110892097744,1.5427386568369457,0.5354569313494721,1.534027854740998,2.207435680540698,1.546380817468389,0.9028915785006575,1.0288984657255469,1.3677381409424925,2.730911225560476,3.297716055777528,1.9973896595438418,2.8311291842570654,6.753988999450712,10.704848875139533,10.794829116876372,10.012307260510852,8.864763766315946,6.937558952708969,6.530957036786731,6.32797300673451,4.218103131235239,0.7975080852371548,1.8887885515658809,3.615387418452201,2.3046048071233827,4.424426512424134,6.721768762801389,7.3623095512905365,8.437690554218989,8.995424293714223,9.796157213759784,11.247812690828368,11.832653942088882,12.651595403679494,12.323799840191782,9.729231973713809,10.548819649422512,14.100818841134242,16.812615327158028,16.83101486244027,15.492335680821498,14.579854782259872,15.15931832060528,16.711876265158935,14.972827459915607,10.331521812057758,8.304627067422416,9.347408571507458,11.407501444816603,12.1519002246755,11.467080729534018,14.877029769683986,18.6208819344904,16.159388977958884,16.10363038185085,14.937242605738447,11.73217836992444,13.8338264009883,15.406788119478279,15.52972606256094,15.688283648598372,13.009948446104772,12.224806552422933,11.569961806868605,6.325302470808538,6.4386843986136455,10.551383222280492,12.299485941656258,10.306749399887394,11.028411143765425,9.660064134719846,1.9207377313387042,-0.4323316659838383,1.247496447947924,2.0201359013814226,0.6187792064085897,0.5408398645140551,2.1307772137420216,3.0794250497717712,1.7288010372355984,1.793969407824079,3.0526773258161484,2.431231346406321,-0.7461130617284653,-1.0234478410029624,-0.5527677035631768,-3.0669898466088625,1.1036839659984707,3.8743215914089433,1.5785698779664017,2.5642964779890463,5.392564686719879,7.284288617190441,7.324700690832515,6.183139045962093,2.812388354049858,2.532298097940611,6.9545875964277,4.721432458043637,4.456880154456485,9.197026025034347,11.287474240801203,8.31900627573475,7.8249073578776915,10.141928680247247,7.912179540088573,8.92754849389189,8.35388570927239,4.103683527497424,6.14613511460152,7.575616331720084,5.2737949058436016,3.1585926892132647,5.092816260597374,4.0870990313424045,3.022923512888042,7.806552081401833,9.398079818571205,8.969209912147335,7.8733462702300585,6.2235964938417965,10.136729506045867,11.959677181764846,10.764895284591717,14.863119632151893,14.979391606206264,11.457769656891287,10.02634393952917,11.454158053509445,8.21228096277423,7.141165251475286,12.099817370035908,11.608864148513248,11.950527886670443,12.84611663744613,10.66329956341417,9.136138585505137,7.565711159882085,6.491680254875746,7.187533765839021,8.016297513176028,7.2897881024429125,6.125790575847873,6.366820691932617,6.948472209941315,9.972903193842285,12.91208302447535,12.31970615960904,14.412734808771347,15.930163640926594,14.239403852515466,12.852213191493775,15.848463216251844,16.07810476636496,13.72928289734341,15.515470646730819,11.793389190861717,9.955585791242129,14.61860555347721,17.018926669644088,12.052205557459956,11.186667733529703,15.829502352988811,13.190326651524174,10.268795344372393,9.251817687113089,9.819282865477248,11.83436771423294,10.021087929970236,10.667483904748337,14.322398251174604,11.624699370576195,8.500058431259049,9.059997489840612,11.200034334963789,11.062328915677995,12.210426779779482,12.037340142269159,12.28062345413582,17.733249884510087,15.13087936274053,10.951845826101362,11.516095468309459,11.430072411335004,11.466052145069511,11.053230403116231,8.506482924816737,4.844297625439822,6.57649457741843,10.02081573203668,10.370246523554556,8.754233786493387,9.482215994131252,10.146467658385632,6.251737928890066,0.9480996476625023,8.302312043266056,13.468841768985271,11.076275741623249,11.299525214692608,13.669640470797845,15.445148689933944,15.94719775544479,15.742234299127972,14.387914295561586,13.60778569978811,12.670316903058165,12.332073080374698,16.74244040533449,15.715598740202154,14.46062373393545,18.23663829205782,16.58535664746796,17.675078123463322,18.604886517618525,15.862291594375392,15.313890613155763,13.504135692464615,10.315429079574415,6.307173624469442,2.9531998565278172,8.685833768161046,14.165306329897703,13.043852038214368,10.670054070713377,11.401344398267952,12.319336053652478,10.934290831850717,9.96978716700653,14.42351128655389,17.2432216631355,15.851895053604949,13.143270650650834,11.914528444583993,15.917375919982533,20.12843392075274,20.720244550625353,20.99303344736302,20.817092536078462,19.88802902539419,19.86452177269109,20.237767177797878,14.467648618934504,12.819162196638331,16.370962232650413,18.6014210050771,21.873125463522683,23.69905132244878,20.700997792598628,15.691679683559755,15.071456219195625,12.184349604982913,12.28435368378382,16.074191548775843,15.236382427982448,12.534803805289584,14.532342871413107,18.506973454213835,17.468113240818184,13.171943204373747,11.22864647746735,12.088797941897155,12.417326825347232,9.781382826308914,5.191901022634966,5.7785288929466105,10.015823064643655,9.883771716179126,8.368465540049101,9.010132423965956,9.607300200045302,8.440490428296016,9.066102614247143,8.49390456000333,5.604878981371144,3.308877373673795,4.143802429558946,4.207248893599058,2.133065978798527,-2.280224671000383,-4.446137758074428,2.2298301949924735,1.7645899636303284,-0.07256752862031135,0.887001492665604,-2.0488372882614385,4.883287095242167,5.098072045652771,-0.13364538616315258,3.3044303252286227,6.712678059601558,2.3055388662867244,0.7632734358469406,4.252348282978801,2.180501818707853,4.0293856030441475,6.936107520915698,8.690179839468556,7.244505245519122,-1.8340618064155478,-3.9034112386124207,4.347469461206856,8.353837992060903,0.30766548540850636,3.945416866231426,11.216142477963444,12.748396664028064,11.311845927485251,12.331795144992157,10.243863003428032,6.404626429148948,6.149421089749467,8.813520977206508,6.910116949023404,8.522406305570485,9.108768761675265,7.812702808830863,11.135738254216335,8.385129221396483,6.412196103174551,7.628683258528554,7.910934014592158,6.734534099692837,6.041193939346726,9.267374262178464,14.32701322003777,15.046462588817576,10.869016071084843,11.871999067884644,11.242477104297905,6.658603385393235,6.78516329277295,8.41273499921067,6.528795413025591,4.717988570013631,6.243241544497778,7.504382794470075,6.976069255161519,6.6440044746459535,11.060846869796478,18.000750775117922,17.825454868248244,13.66018479628201,14.29221276361227,15.288167518769455,13.394485951375714,19.136106840205684,17.8654212378666,10.780948654449048,8.30203200881374,13.011648395632847,15.516394684843476,9.844619374906074,8.979259256391629,15.421255506502803,16.97586969357849,13.800473660238595,14.944649465578436,13.548676030833349,6.793113985898799,4.238527488614977,8.259872107354795,11.059373494451165,10.438682745780511,9.643114402064157,10.850782253123725,12.394401175250437,13.204707420595128,12.858798306556082,12.878777154280215,13.345217678721838,9.405586838207682,5.743605139355736,8.165062460725267,11.458169981515312,9.542790896449901,12.803203758341965,14.681303353225871,12.842799104784262,11.410186077944445,13.208777877573311,14.92790063939401,10.108685818876666,9.503994335733182,11.27513336443144,5.557957468883956,4.812172624552659,8.260179563603515,9.739063595579182,7.315584496973315,6.351239839904338,11.10626914071372,9.601836573586752,8.314915748957901,9.826666328795909,8.701828686547174,7.165298462991359,11.847060760756449,11.643884633909465,10.796410022124292,13.423388493654102,10.589249248049555,12.290976294865686,9.7724397917641,6.747479370433666,6.857790130632111,4.829233977837589,5.115699475499696,4.92015917680078,7.918424478821862,10.139577771003246,7.45498580719277,9.421378096811623,5.447351079564214,2.3972497647350792,5.631695472343267,8.235125200651055,4.9925979433451175,5.08345897997458,4.42417467286009,4.033078551757512,3.646521282130948,0.6224351573860076,2.1329000554953836,1.6349689367191331,3.2741711105278455,6.356253008051112,6.475290811126342,7.437396198778288,5.89139260484626,5.629108090523687,6.680773448177092,6.9727370713251275,7.100841314315289,6.972329201409025,7.530758964752749,4.533958158790938,2.9287794637982643,6.2350121183726515,5.2441125487027875,5.8736351902883825,3.763912274530412,1.9177632384353274,1.872858216836903,-0.08423148001986647,0.2868006223870907,-0.5488846519035633,0.5903041565293279,0.9024434332527562,-1.6467513350409035,-1.878979302684229,-3.816667950078454,-1.380602620573427,1.8920140493689814,3.6245155521900188,5.521350913785682,5.7679258288505935,8.827294365725379,10.166233160489583,9.299430564149361,8.55328045405679,8.541346187776753,10.320854818327348,12.170773267248478,10.025829142744442,7.651376277348504,8.713402266635967,10.390284077763454,11.197983255765621,8.607355326180823,7.990988093185592,9.867525629128068,10.091670777569789,9.343747953913635,11.726810056582622,14.348974967594813,13.97601320488036,11.824316410065876,10.331649338895431,10.02854900218108,10.69487999085186,7.035127475013269,4.370963055282573,3.157419445171172,3.460673940624929,6.549112994504526,1.009787264384272,5.468259936521008,6.437728373536629,2.640862047476503,3.7627931655197244,4.247747909040299,3.0526473956330165,0.7638678845237337,1.4887203882678932,2.1982243391272505,3.564998141585761,8.988039374836035,7.8852661600080864,3.7988022623973166,2.2193180220531303,0.25430468820752594,-0.38547522746443974,2.82336283159475,1.1723346795529324,0.7572771373050955,-0.23014789617513998,0.302295132827453,1.3131160291479773,0.6670745673925467,1.3651608596052256,-0.8236296777834013,-0.7633584054837002,-1.537194741209646,0.9931960366041039,3.4248430669697427,-1.7206640635450867,3.2452560766424767,2.8211384771275334,1.8705080373543979,0.9067306832475879,-0.1785319478819929,0.6055638195100528,-1.4521629387534176,-0.3126490667807502,0.47553648335792786,1.5114718977863504,2.456308068981116,2.0385785507717173,1.9747316904196168,3.025649225078041,5.097354295990158,5.077742300427872,3.66604845795905,2.1253502538145312,0.9304557636519348,0.35194921778133903,-2.1614236254392836,-2.6112954608156542,-4.380991452246803,-2.599660521182159,1.6352690288383656,1.1938018574762737,2.2663770311789904,6.768836329044575,3.4350144675961474,-0.8464083221209648,2.360366988062424,6.616697122164169,4.69841610722824,2.574411507847344,1.7779625086163833,4.040956435126645,5.067692544548322,4.477874963393674,3.5894494989054238,2.922387877726692,4.046099944117941,0.9470484727573876,-1.10113375613048,-0.33006308046356025,-0.6038522611546568,-0.360707471179353,3.5630998055617056,5.779910054609218,5.2371464130070535,7.223356928088947,8.752369885192934,11.169677886383852,12.931063185832954,9.174191686369113,4.704940888339706,5.614343624672983,5.329003546865351,5.864513002791682,6.575880311332639,5.729490158042381,6.06133106307459,9.194720075196301,11.404462894854078,12.570100631148193,12.049139561325774,14.292773670468137,17.53417816061733,20.651424265475725,25.340757734859153,26.617025769066117,22.61354227260017,21.43645784373109,22.518519940468536,23.356682861551235,25.432700899959173,26.913811852848426,26.751918942854445,30.798886080138118,32.87733865982432,35.98513093074325,34.61437654930387,33.846663112464284,35.789026415901844,35.83151889015869,34.658622980624045,32.796980635473346,29.93027379405055,28.247369104283166,25.392269381227607,26.285158697234124,28.629238604957663,27.411948751193336,26.84234457215632,27.26497680974171,26.459146939579114,22.368094140487983,23.537105726622826,29.734916482360404,29.727085010241808,25.272697212753656,25.403846273581053,24.23819413820138,23.16848566092608,22.57666004959094,23.529285542839602,20.61831874664972,17.499922898445675,18.41674599022599,20.55235223274724,21.429537393529017,18.403919891886403,17.814697547150217,19.04397405310226,18.853734134554998,19.212686686142206,18.34155287728015,16.61522676080449,17.08926461789497,15.364570189303095,12.93126669825972,12.597346925288548,11.627101185911897,17.34695232497961,14.563058352756457,8.054109724499313,9.40091946259713,9.913181619964917,11.965469680520414,11.417463558737495,10.654720878793682,11.561943630932092,11.263212622736773,8.809670493878457,7.415727800675313,8.206865995822454,8.69443004825473,6.904778754658196,3.845715354775507,5.593890054121971,4.625610876766132,5.062693099887724,3.6329696045112314,3.5569485466423885,5.583396996333022,4.985984011690675,2.9605582682637532,0.11550456409668186,0.8396029089901731,1.5219995121324246,2.068869307344471,2.8244363926542064,4.218679053733808,2.445552344593125,1.1016598231555008,4.037999334039,5.779701912477094,6.23574828756,2.7663515205634894,2.390293385126597,4.467114655596447,1.5602132891661995,1.9380649213175047,5.716313000260811,4.881877635868705,4.031663717945207,6.752932093418849,5.077035002927346,3.125411902439623,3.317353302721358,4.699407702778672,3.7439045198818803,5.769547213079704,4.094916796717712,4.917194782405431,6.986540787885815,4.5458507555885035,6.34418448007068,5.520799055210318,5.631821057654861,4.982277879159028,3.177184141264206,8.178487561034444,6.874588174533528,3.615860297633162,1.9633098829649498,2.8535528731367776,6.798949643332094,6.633027275566519,4.610088539148364,4.062743645551677,3.578851368679466,7.408501521472772,5.914271351956245,7.3836030899610705,9.331965717640742,9.271592615507757,12.034357344159048,11.937728240157185,8.578347241316806,8.377501087773112,8.135320876670903,13.032368996310879,9.716431142555393,6.005884969748536,4.361258039497898,4.731602703447265,7.714408377114751,9.245176698170326,8.882333337531122,10.327735658783695,7.426245508375473,5.288836981229906,11.118097199177328,9.437535606727124,9.905914442828816,9.491870490959741,8.88236229791164,8.366825488633026,6.980422338898961,4.5357190729575905,3.891484830296804,2.574396011676072,4.915510952925388,6.521217322278403,4.4341205581373515,4.255968513187554,3.005989065453832,4.194559569706712,5.086207470743489,1.0072884071870476,2.318947548100823,3.075872442289665,5.61686905900649,2.6811336849178815,4.214038802815139,5.420844322689277,4.166721842502284,0.7052701525066141,1.8759640911258657,4.245939559069939,1.9823078553888536,2.9204537803204857,0.9312233616529966,2.9436288390352274,5.688989487900017,5.021549094004513,4.003924897645334,5.679629633057175,0.19843784111412788,0.42045064316403113,4.210163671961482,3.177433846341046,0.4353525274017329,-2.0261581868130634,-2.3782480191385957,-0.6999445826629653,-0.18493700441308647,-0.7481599233702809,0.15687963361062884,1.6729955230198357,-0.03191296512079589,1.2759102255042762,0.4590056468360899,0.07479897713210448,-0.44953317469003196,-3.9376686993788326,-1.7492917794918412,1.3043532642388982,-0.9485562740541127,-1.8129609064557144,-0.3019216371552602,-0.3036035923421423,-1.5037152959007472,1.0215348042730739,2.5494077369087336,2.152330444206541,2.1469312735828225,-0.6331328341855169,-0.2465391373896182,1.3673040690068774,0.345101770621568,1.7041740507165741,3.263049454138013,2.0781713943761133,3.663197314086233,2.101791772324077,1.489825993077261,0.08918661515258464,2.8499925502505903,1.9892694394335422,3.121198400484218,2.7147577155392355,3.050937073364935,2.7014973756281506,3.964395507963104,4.5518947264801,5.876086992412297,6.222660003209398,7.146954189025109,7.884057892903115,5.539420071317181,7.011030396240699,8.96250298570618,8.298540123829696,7.969009214102357,6.284311498130478,7.488013924524694,8.826734571277768,6.084169625003028,9.985847885733733,6.77090838493001,10.104026264842105,8.188389174223289,12.602733067830059,8.305828481971162,9.096990346977918,11.211751024318005,12.105154905212999,12.509497456975055,13.465208922729175,12.499199007540938,13.18177206604912,11.973032228363138,12.171430695086997,13.488076160928017,13.137921318293706,14.75055984476893,13.446062619771055,15.709947045708475,17.787708428430335,15.880010180525176,14.613661396748569,16.09050620494861,15.293673892701179,16.159905419781353,17.314447296675382,16.467047591706603,14.487975102691507,18.264739412382312,20.34439455317124,17.736089898945238,18.7687664903238,17.44018683650495,18.32657226316934,17.429374285572635,16.603680281625827,17.9102033277087,19.876299126942342,22.052637021115117,22.580277430791682,26.026487067366872,23.467929798270234,23.915409954688982,25.497435819845407,25.301223002217853,24.73457171874412,24.047503777333645,20.14180242845407,20.284330304932382,20.906041042993422,21.462208760194244,22.043756118253953,22.127254267435944,21.163057554018735,20.913651900618106,24.200114863543945,23.753647640163024,22.264647005877407,21.573348669318193,21.937985380229975,21.249142467350623,21.813266102728903,18.65802225732739,19.301858412188324,19.898077360286266,19.673863021050636,18.439588242071466,19.615578737537476,20.35836443236576,19.50181093639992,18.0065518431785,20.750516159340236,22.44842308305607,18.68190257924215,21.733540619925407,19.304683515973807,20.663569936151248,22.159674411722108,20.810041429077955,17.707763063330503,19.788122912102892,17.527662567866912,17.686887708735355,18.6506308733359,17.196667167545,16.475969295066704,16.73301409931338,18.747951824928464,18.38152796708215,16.530039124665052,17.902737822087033,18.54514812411321,13.307052559141425,15.028252553007519,18.57500694107671,15.90530889573256,16.476814038498674,15.775099984351925,16.92056936074431,17.475883959805174,12.80668239723201,13.149634255977617,10.80406042621712,8.600561000740527,5.06968616380675,4.77695838414968,6.744290004393974,7.165589959781187,5.786249665420485,3.6665707085340387,0.863283541078431,4.638104820618651,1.8803756301102794,4.230413151198434,2.766980422412246,4.644187959630415,3.9674399473460653,5.3638991388366435,5.826267441416746,4.674028452573793,2.201488185215169,0.6541240598454579,3.7646569291641754,3.349303674208329,2.608649696033808,2.9065491037348465,-0.5776840493813324,-1.8217489401152989,-0.28576090119565833,-0.8309097593333377,-0.9459765063470513,-0.7731457732831473,2.0852326134323675,-1.1094750223895744,0.2169026103200622,1.2286967122141732,2.6590250833491496,3.1643452446617744,4.411185251967538,1.5045188895692263,0.7224152037761655,-0.6957226810384896,1.4078737657722513,2.088715558213323,1.3588260206741438,1.986728512812931,1.8730873716868928,0.01930526107088326,3.6689721574309146,3.3424419513181647,1.5145054222460885,-0.2828875606880388,1.3007246830531471,1.1121140076407414,4.109288709438999,4.886304336882176,2.3719328243504947,1.7569695433751917,0.9183363372783333,1.0996235748571053,3.218127587762524,3.0848823906520693,-1.4551427767547125,-0.5619228308825086,0.7461832802572417,0.9963543982516967,2.2660622588197725,2.0005458320292746,1.275231849622969,2.5413708178984393,2.9393305472707993,0.21146834011170768,0.8921333923598809,1.367512037010215,3.7785512600318043,2.5714652446270065,1.744347678955421,1.7543374041864581,1.4786475499453218,3.2072107969860326,3.6870824809321903,2.482090077623809,2.3703856453646495,-0.6900084002820108,2.558154972724367,2.0956708872730587,1.9366594057503335,0.7449291016784514,1.7869189701481787,5.275967345819822,2.384915558489922,0.6508011877020294,-0.2748669899449965,2.585042295661367,2.524862742848086,2.3964534262033794,3.515753978376381,3.485233333386134,3.256145474067182,1.5561417398087087,1.4720040037603894,2.429777899473379,2.8303624289233653,2.8998211460300922,2.1068931029270743,0.6010116418438542,2.2461484685394453,1.36620564859345,2.5078938608613726,4.593167788203118,4.284582448626679,3.4129663266045327,4.5068098316664305,1.8758225144675862,3.568940769903918,1.8662409420078916,-0.21190557192591086,3.710921022757475,3.0310400795155488,1.5391797604012822,3.5118467329575083,3.3314740244808263,6.0431530024894755,6.3603401798698656,3.9432382913649917,3.5046922579495003,7.642831030102229,4.563510258614087,3.122059927649218,5.227123774004838,4.853446296491086,4.119478746596485,3.6278637849959523,4.980480720963271,3.1860993701265556,4.887156042253821,2.7426272558460596,3.47249367936098,5.366498890587309,5.499542370063978,3.0051473292584774,5.658682132809076,3.9153244151517015,3.0227317136041734,2.9015958419207095,1.9473397568945074,1.2142606368782936,2.313753854162428,2.6069705189863157,3.2674699574795056,5.4214784714025654,3.214112416628751,4.306280453562863,4.640491873346974,3.1302485784874534,2.6635240533396427,2.254298549312324,1.1838860358367356,3.2211643438284625,0.6791701213610679,2.9117722139232285,3.2120331246722458,3.2469164327757483,3.336247945026315,4.785540399384047,4.745200609363991,3.67667006617728,2.4055255287021566,1.9111672406889681,2.594961758070127,3.1163473450750985,2.7949945503823983,3.521237063184458,2.5570818771585095,0.8556367080770144,3.431044172254076,4.52155263540098,5.2430041142655455,3.186963440041609,4.5880613258728715,3.2002763107377916,2.689909472855618,2.96847031065235,1.9153788201645625,2.935903089253486,1.4083029576020465,3.192756306263476,1.1163140444062947,2.0364222697356524,3.4795943511377345,2.398109445067604,2.434141989903509,3.51097885511129,2.3479882097109908,0.9883446343202706,1.9366787735858395,2.0408981508591353,2.044967224729959,1.2350713190341196,1.333537520884306,0.13353935150311713,0.08401191750940029,-1.476308662441312,1.3362661144834362,1.7052745716499658,-0.475326400030184,3.0668378885771403,2.090963238587335,2.6084271512678754,-1.1574179835537848,3.0315046945522965,-0.9536445961318805,2.5383996503453545,1.8768689239861942,1.3050178984526042,2.0327453468292163,2.9807653413859327,2.1905192901811006,2.217654235813427,4.7383614354234,2.3849934234096963,2.3043370747876963,2.525640573925017,3.148266010497963,-0.26181100885020214,1.309550701251851,2.280074630018447,0.5377294970369064,2.8721714159573537,1.5620396009539093,2.4193592094520966,1.8484709165016966,2.0848613954508153,0.492129927769156,1.2742381352684902,0.8917393874225183,1.040767370617175,1.0065670101892294,1.1037410375549541,3.0794482358176367,1.4076691771205674,2.433889862966822,1.7514904412021224,1.618905137572341,1.6697663669320661,0.4223041605657727,1.6393620302421255,1.5615971662026027,1.4769840996353594,1.5954332407249296,2.810753777738796,1.209442727682415,1.8698944094935541,-0.8287157288342257,1.0455829838594184,-0.5783281111590384,0.716362520670117,0.21782528876894958,0.8222169811184301,2.622151273096705,1.7775330176259274,0.8513124597098738,1.3377598570288,1.7883658411157626,0.9641546011342257,1.1490230722157548,1.4219730735452742,2.522315147295899,2.001112012779487,1.4107383929357127,1.4033765498507762,1.4548017441853744,1.6863579439190062,2.5016307928397623,0.06285749949864794,0.2683437478693236,2.1936107918116363,2.257609423780508,-0.2901586356691723,1.6806064481002352,1.0053770600312077,1.5843226826307273,1.9346323511881849,2.668923409357717,-0.3939110527284413,3.155582701255554,2.3605064113588696,0.8573605499239108,1.7197028483597023,1.461726633491395,0.8327019644708855,1.0663195306442788,0.24220957431793977,-0.21311971707589805,1.185807410006106,-0.3321534954605454,0.7379073792431825,2.3389600809566673,1.912135898646568,2.037397979668512,1.7079859525277357,2.4293462732396165,0.07671435055614495,0.9631305260758154,1.0233239764988582,2.387115029771053,1.9448066995917657,1.5872663361441823,2.2681891590957832,1.4674085350513764,0.29510580936332076,0.2402234721469938,0.15721301721009695,1.6146219836740556,1.8597469794115113,0.700095632473591,2.228110382495231,-0.2753432441600552,1.7415198558649934,0.8755314571381518,-0.007853487873916265,1.137377136718868,-0.013171579936127387,0.5221966461645025,0.7971386786415451,-0.09022455977567745,1.6914278471704733,1.0893997646247726,2.487800613687085,0.22003475046258814,1.7729410356943447,0.9491084301921546,2.8779842379794616,2.2259800846727558,2.0150752402188346,1.1180788300915623,1.659668979917285,0.8332111424793283,1.7367794668986676,1.6397050380181923,1.4113401293074475,0.7719813693087048,2.7866823255081954,2.064762235264311,2.25389302357587,1.921859018828627,3.453567737105061,1.4278809700750799,1.2507323076064267,0.6125324306654534,1.910890991825056,1.1571260784986066,1.4666205284166836,2.608184187620509,2.5922725684777106,2.4056592819122216,1.4931483803043193,2.6195738878705015,0.9612458147666985,2.3121802080194698,1.6694188364019737,1.1243178126645148,3.151282093846021,2.545357088518358,1.084818480945387,2.3430924576912844,1.9545029239868654,1.5684416049528522,1.7897443661970556,1.5888551318150803,0.7938989213421905,1.7909458468929529,2.0286803821101103,0.40695106714696294,1.6419361953438738,3.436493096494303,1.7127782526042665,1.5973316521279912,1.1924087494490436,1.6781533279873315,1.8443281925466408,1.3400023155647318,1.0253498317259186,2.0475701933747814,2.702010333328701,0.4626897701752597,0.3444450130432273,1.6835312869994254,1.341029832470781,0.6684620901836524,0.35814679107767233,1.6514290885040737,0.4622424483879968,1.3891744073513195,1.1266719833797652,1.5987352781975233,0.8163584520043514,0.5528760507805828,0.837069926565789,0.9284233226451377,1.3473980973270727,1.433032828821979,0.6329780211470464,-0.15490920839192768,-0.3028638162853099,2.4774375677909575,0.09905428370382907,0.5324985790942449,2.2914536206525895,3.3194426097102863,0.706209679341903,1.3328270608532122,0.8488872701538028,1.1691613702901122,0.5867429407382474,0.5985027572903618,1.6396088087929002,1.324275655101303,1.0269487101766117,1.6815787181986366,1.3444727354473045,1.874485104878886,1.1514928316329929,2.0012765114771085,0.3330593130174364,1.403140620748104,1.7853437421561011,0.4139654772267818,0.008771502586967017,1.2292094603029113,1.261460390001048,0.5851584249395572,1.9006788442032985,1.440016893995896,0.8995230992031722,1.504386952037457,1.3534207490457675,1.0475766815022212,1.762059887614555,1.909517417434131,0.7804457236638882,1.4457251317757596,1.2148719060424469,1.4906409967307468,1.9038222057647545,1.306511033172228,2.616182885034391,1.5573084286266408,1.0851739570574637,1.7268048044816169,1.0557616884797838,2.0866718958953925,1.8981999309938828,2.012598346209643,1.064740811529873,2.5114421714142736,1.6988299079890226,1.4432766135643647,1.875642167842841,1.4903651025858835,2.2827649570591575,1.6181753121653628,2.196302994651944,3.253914453384141,2.1242877584172675,3.3375428480186997,1.8726558017867205,2.576865610194318,2.088953129671559,0.5664176784440613,1.3155582620823338,2.185451844651766,1.6262075157416618,2.617990146152181,1.521224911591844,0.9908046519955178,1.3843617707515818,1.1572840042970185,1.3178115812478381,2.0074701369522927,1.7330233646747573,2.276156174168875,0.9303464384825624,1.717295603707388,0.9096663266109317,1.5709631485057685,0.5849820389025808,1.2174577445418926,1.365077788749204,1.306563874861748,-0.03075899095966861,1.7961410827801387,0.46341625669037967,0.9420412046370075,0.6857862694764698,1.2889646838697182,0.684983773886362,2.182538746343255,0.8345206776691079,0.9570536108533361,1.6995573275767164,0.81088922743794,0.2697954560952667,1.2180736833429933,1.3560466374445923,1.4259585404568043,1.7020854917711858,0.7461065548726538,0.9662925725006062,0.3381483520905135,1.2981428073291568,0.8487142852515639,1.7231912771263183,2.212399213886897,1.482445641745354,1.259622364433426,0.8617432542352503,0.49588330320051455,1.3654114388108916,0.10251238063466417,0.6203040918258012,0.5717631526063087,0.9630326613682314,1.422963026270395,1.4783785734508683,0.9394916245686318,0.7733880564478,1.6316762807472287,1.1708474442871228,0.20030467061252466,1.2523132098359042,1.9780691086900788,0.7556435938520849,0.9845272193383607,0.7250762472925203,0.5752197021230394,0.6318527527719731,1.7537666440818498,-0.954159414335777,1.4267658676135397,1.3967747508601747,0.7689007147423013,1.9058387352726562,0.551919377467641,0.37533070466349727,1.2731902446581138,1.1017085815881842,0.17884524911442945,1.2297118466299821,1.4352591127479855,0.8754616728149927,0.9246303276211147,1.8518187561084023,1.3287294705374393,0.25589990388266415,1.5111050576617782,0.8068729443013449,1.1478609417189887,0.8442616636120857,1.4722712175955621,0.6061992590601903,-0.028788685763686317,1.146368036112447,0.4880216605974397,0.015888719363658765,0.8619770313412118,-0.9608681456382424,0.8760581546760591,-0.2812566396516445,-0.20698910570462203,0.018277128059366987,0.8073410289446219,-0.37898761146146853,1.179671993133697,0.7898040056343234,0.07101426663143684,0.24223371778947644,0.28113657980429707,1.1519788515162777,0.34948353703833845,1.1855570198532046,-0.19058356048930136,0.6364493187140852,0.3933548813969292,0.39057347589721303,-0.061108405005882105,0.8449805877339713,0.9331401242012607,0.5341728951454456,1.4769054848184169,0.23146557914532195,0.26827063335275625,-0.2434503894123754,0.7617983844253899,0.04849366267313826,1.1127767345503798,1.2576765110756014,0.9771588342253494,1.0473816504334081,1.164182450141027,0.7898037246421268,0.5945729089318661,1.3563021765299936,-0.5331931770433016,0.5911831055142329,1.01816499114733,0.4207484726431421,1.3879145483946331,0.7092781774053929,0.8795599614424532,0.1253358238011515,0.11691862985009038,0.8241093000511892,0.9677368040876217,0.3922052398027631,1.1254322496235432,0.26896576970284514,1.02808096434876,0.8449809571176861,0.08358927351878265,0.6188271267797631,1.142448264188772,0.4802748602260749,1.3899031145311938,1.80371193170663,1.848132773592738,1.8709847848178924,1.891217105556052,1.9102549233184067,1.928214795332794,1.9451253497641137,1.9610073925613296,1.9758815351608536,1.9897681928983975,2.002687583521608,2.014659725801211,2.025704438239133,2.03584133787132,2.045089839163042,2.0534691529954348,2.060998285740597,2.0676960384237777,2.0735810059701993,2.0786715765356707,2.082985930917859,2.086542042047258,2.089357674555858,2.0914503844215364,2.0928375186859984,2.0935362152461057,2.0935634027146666,2.0929358003510874,2.09166991805853,2.0897820564463263,2.0872883069570793,2.0842045520553274,2.080546465476518,2.0763295125357804,2.0715689504934307,2.0662798289766915,2.0604769904558697,2.0541750707734554,2.047388499724038,2.040131501684927,2.0324180962940677,2.024262099176612,2.01567712271566,2.0066765768681893,1.997273670023505,1.9874814099033546,1.9773126045016074,1.9667798630643478,1.9558955971061227,1.944672021463477,1.9331211553834482,1.921254823645997,1.9090846577188945,1.8966220969444425,1.8838783897559228,1.870864594924912,1.8575915828348588,1.8440700367831955,1.8303104543079503,1.8163231485402225,1.8021182495800776,1.787705705895009,1.7730952857409097,1.7582965786029394,1.7433189966568552,1.728171776248475,1.7128639793920133,1.6974044952845606,1.6818020418368764,1.666065167218962,1.650202251421037,1.634221507826739,1.6181309847995085,1.601938567280742,1.5856519783988592,1.5692787810882596,1.552826379717887,1.536302021728945,1.5197127992796045,1.503065650897783,1.4863673631403476,1.4696245722572048,1.4528437658617026,1.4360312846047254,1.419193323852598,1.4023359353686278,1.3854650289967498,1.3685863743472755,1.3517056024841754,1.3348282076130449,1.3179595487687852,1.3011048515032275,1.2842692095724164,1.2674575866219033,1.250674817870392,1.2339256117908253,1.2172145517886879,1.2005460978767832,1.183924588346601,1.1673542414348521,1.1508391569859118,1.1343833181086342,1.1179905928277112,1.1016647357293454,1.0854093896007289,1.0692280870624717,1.0531242521942676,1.0371012021533392,1.0211621487839029,1.005310200220153,0.9895483624800381,0.9738795410505094,0.9583065424635056,0.9428320758631816,0.9274587545627373,0.9121890975922629,0.8970255312361264,0.8819703905594469,0.8670259209249043,0.852194279497839,0.8374775367412344,0.8228776778985338,0.8083966044654876,0.7940361356502894,0.7797980098212651,0.7656838859433623,0.7516953450015667,0.7378338914126079,0.7241009544233652,0.7104978894972778,0.6970259796876821,0.6836864369982454,0.6704804037299272,0.6574089538148673,0.6444730941372558,0.6316737658405049,0.6190118456204932,0.6064881470055088,0.5941034216228349,0.5818583604504415,0.5697535950562287,0.5577896988222637,0.5459671881553181,0.5342865236832512,0.5227481114368988,0.5113523040183754,0.5000994017548255,0.48898965383847504,0.4780232594509375,0.46720036887529837,0.45652108459171536,0.4459854623607402,0.43559351229078125,0.42534519989152564,0.41524044711309394,0.40527913337138166,0.39546109655788264,0.38578613403643836,0.37625400362463957,0.36686442456164237,0.3576170784609207,0.3485116102497745,0.3395476290934898,0.3307247093063683,0.32204239124757983,0.3135001822038834,0.30509755725785404,0.29683396014172736,0.28870880407834143,0.2807214726068441,0.2728713203956108,0.26515767404106505,0.2575798328522314,0.25013706962244164,0.24282863138688704,0.23565374016692608,0.22861159370086348,0.22170136616165514,0.21492220886114133,0.208273250940751,0.20175360004970067,0.19536234301011923,0.18909854646853042,0.18296125753568226,0.17694950441193846,0.1710622970015283,0.16529862751355218,0.15965747105099304,0.1541377861867108,0.14873851552789752,0.1434585862677995,0.1382969107262415,0.133252386876622,0.1283238988626767,0.12351031750285024,0.1188105007831286,0.11422329433838918,0.1097475319222685,0.10538203586628647,0.10112561752680627,0.09697707772221698,0.09293520715823611,0.08899878684246865,0.08516658848907532,0.08143737491241332,0.07780990041016089,0.07428291113615337,0.07085514546304417,0.06752533433535923,0.064292201611865,0.06115446439867078,0.05811083337266787,0.0551600130949641,0.052300702315848824,0.04953159426929865,0.04685137695958197,0.044258733437574804,0.0417523420691186,0.03933087679388514,0.0369930073763971,0.03473739964818101,0.03256271574162106,0.030467614315059066,0.028450750770447897,0.026510777463217394,0.024646343903500068,0.022856096950478744,0.021138680998776138,0.019492738157227407,0.017916908420945177,0.01640982983554018,0.01497013865514596,0.013596469492599184,0.012287455463935615,0.011041728325439593,0.009857918604497584,0.008734655724255802,0.007670568122081889,0.006664283361716983,0.005714428240027658,0.00481956357777058,0.003978193622801385,0.003188774909462566,0.002449724587963331,0.0017594282394401972,0.0011162471930123985,0.0005185253593840145,-3.5404401442562516e-05,-0.0005472143628804105,-0.0010185764477892434,-0.0014511571615098973,-0.0018466129253607022,-0.0022065857941679923,-0.0025326995411756315,-0.0028265560945310853,-0.0030897323082950123,-0.0033237770538772082,-0.003530208614618502,-0.0037105123681140384,-0.003866138743260805,-0.003998501434862689,-0.004108975863173825,-0.00419889786297567,-0.00426956259030753,-0.004322223632014399,-0.00435809230634554,-0.004378337141416111,-0.0043840835200494865,-0.004376413479858954,-0.004356365655722172,-0.004324935356121884,-0.004283074761472605,-0.004231693235281497,-0.004171657738593737,-0.0041037933384000524,-0.0040288838026167895,-0.003947672271577218,-0.0038608619996107763,-0.0037691171591500705,-0.0036730636997486243,-0.0035732902570071445,-0.0034703491029954847,-0.0033647571340775784,-0.0032569968905686864,-0.003147517601460592,-0.0030367362518841645,-0.002925038666090174,-0.002812780604868337,-0.002700288870697065,-0.0025878624196007394,-0.002475773474712284,-0.0023642686390399348,-0.00225357000561921,-0.0021438762613552598,-0.0020353637823955495,-0.0019281877209760268,-0.0018224830789090873,-0.0017183657694186394,-0.0016159336628316368,-0.0015152676175471669,-0.001416432494350417,-0.00131947815293465,-0.0012244404305175038,-0.0011313421010736846,-0.0010401938167188263,-0.0009509950295960579,-0.0008637348938673739,-0.0007783931488329898,-0.0006949494471069073,-0.0006133833635981745,-0.000533674403412121,-0.0004558020106610883,-0.00037974557625197747,-0.0003054844455032679,-0.00023299792570519173,-0.00016226529356622166,-9.326580277324581e-05,-2.5978690528560833e-05,3.961681528785732e-05,0.00010354148941082997,0.0001658161022550786,0.0002264614140603527,0.0002854981684681235,0.0003429470860982775,0.0003988288591489919,0.00045316414554186224,0.000505973563294404,0.0005572776852336148,0.0006070970334821624,0.0006554520746266945,0.0007023632143745573,0.0007478507928926348,0.0007919350800893454,0.0008346362709534816,0.0008759744814614834,0.0009159697440868086,0.0009546420035366765,0.0009920111126593412,0.0010280968290334869,0.0010629188109891885,0.001096496614140463,0.0011288496876904475,0.0011599973710207934,0.001189958890963183,0.0012187533578202903,0.0012463997629783563,0.0012729169758376457,0.0012983237411408055,0.0013226386763580678,0.001345880269129296,0.0013680668750470915,0.0013892167152125268,0.001409347873904565,0.0014284782962494802,0.0014466257865723975,0.0014638080061804004,0.001480042471657228,0.0014953465532716592,0.0015097374732722102,0.0015232323043523621,0.0015358479680589454,0.0015476012338258016,0.0015585087172116374,0.0015685868793315905,0.0015778520252087702,0.0015863203031489803,0.001594007703831224,0.0016009300591139919,0.0016071030413531417,0.001612542162890307,0.0016172627754844626,0.0016212800693455875,0.0016246090729641338,0.0016272646523720624,0.001629261511370217,0.0016306141909598892,0.0016313370690017592,0.0016314443604432682,0.0016309501169775587,0.0016298682271571607,0.001628212416450836,0.001625996247186734,0.0016232331189502958,0.0016199362686979413,0.0016161187712686598,0.001611793539270323,0.0016069733237618067,0.0016016707148214238,0.0015958981416037687,0.0015896678734197423,0.001582992019736551,0.0015758825306892987,0.0015683511983883847,0.0015604096571468773,0.0015520693844468525,0.0015433417017352014,0.0015342377751057512,0.001524768616151917,0.001514945083046726,0.0015047778813386259,0.0014942775652020401,0.0014834545386310793,0.0014723190560079757,0.001460881223581012,0.0014491509998624252,0.0014371381974473962,0.0014248524839803878,0.001412303383178326,0.0013995002763085296,0.001386452402984517,0.0013731688630986838,0.0013596586175044223,0.0013459304897782687,0.001331993167640988,0.0013178552039239122,0.0013035250183310865,0.0012890108986329807,0.0012743210019170448,0.0012594633566909152,0.0012444458637919098,0.0012292762984333905,0.001213962311057415,0.001198511429324256,0.0011829310592492703,0.0011672284870218874,0.0011514108802561651,0.0011354852897529355,0.001119458651148264,0.0011033377862776916,0.0010871294052225977,0.0010708401073333818,0.0010544763833326698,0.0010380446169637736,0.001021551086411776,0.0010050019660088338,0.0009884033279963234,0.0009717611438322393,0.0009550812862944014,0.0009383695311289131,0.0009216315583575607,0.0009048729540968026,0.0008880992122630715,0.0008713157364486079,0.0008545278415130753,0.0008377407551183325,0.0008209596192632063,0.0008041894922161674,0.0007874353499932596,0.0007707020884044624,0.0007539945245884638,0.0007373173987179626,0.0007206753757049711,0.0007040730465082135,0.0006875149300089589,0.0006710054746594807,0.000654549059847298,0.0006381499983962868,0.0006218125374193306,0.0006055408600236234,0.000589339087015972,0.000573211278608099,0.0005571614357808841,0.0005411935021601977,0.0005253113656653596,0.0005095188600439116,0.0004938197665200761,0.0004782178153295291,0.00046271668731101556,0.0004473200158390256,0.0004320313880175064,0.0004168543462146346,0.000401792389824962,0.0003868489762925975,0.0003720275234417869,0.0003573314100453473,0.000342763977586813,0.0003283285317952078,0.0003140283441229741,0.00029986665311021454,0.00028584666597630815,0.0002719715599841521,0.000258244483804404,0.0002446685591070974,0.00023124688186904052,0.0002179825238517452,0.0002048785336814518,0.00019193793787231073,0.00017916374247484157,0.00016655893449701864,0.00015412648270007878,0.00014186770738611187,0.00012978240278194164,0.00011786895851351176,0.00010612447954549964,9.454490407456717e-05,8.312511937624834e-05,7.185907725393292e-05,6.073990653199246e-05,4.9760024753098264e-05,3.891124828392378e-05,2.8184900942918034e-05,1.757192115015016e-05,7.062968224502697e-06,-3.3514725128469536e-06,-1.3680985828656844e-05,-2.3935123122598156e-05,-3.412330062069202e-05,-4.425469728452924e-05,-5.433815471000969e-05,-6.438207605974355e-05,-7.439432664391177e-05,-8.438213398953565e-05,-9.435198921714516e-05,-0.00010430954813323012,-0.00011425953237953479,-0.00012420563080972613,-0.0001341504010934358
13.712825319967976,14.861901336455048,13.32631411642518,10.308819591468364,9.732600827339866,10.261196304225564,8.34586325561395,5.798972390826862,7.008119414678163,6.304380897396754,3.5577731380869864,1.9503235241654693,1.7562221732085845,1.382776683541806,0.4221394485714427,0.012117020301047887,-0.11423873015149866,-0.8486928274112984,-1.4665540870149698,1.0873519310754318,2.498524244376881,1.3286824647966,1.1537976633736093,-0.5990239678151283,-2.2618316255097852,-0.995953244082159,0.589765351026017,0.6970655868883568,0.13126549175808577,0.648030924572538,-0.5158016145604734,-1.3459909051798604,0.8051322311737295,2.3664697806915456,3.044053776004546,3.7250378392687367,4.727117280421851,5.87302243728891,3.7467441613109713,-0.9776393927478466,1.2390923774675002,3.553723463879919,2.3206390528620773,2.5332315437738657,2.882219764067486,1.6279023659970449,0.09454255734436856,2.3117256487264513,3.9183509061494988,2.6445649230410595,1.2723022310714214,2.1980906033140855,3.5105353223308953,3.7220085407183205,4.949923563925836,6.160204067389259,5.547960243271234,4.064191560291647,7.186966024171852,8.360842933432366,5.9102331628192815,8.648224729510105,9.96191018661193,9.116005734128294,9.39164503290283,8.17042469936598,7.732103252580828,9.021843668005374,9.388006390074565,7.666774447367516,6.982080173802956,8.83346548818497,9.222424736109588,9.079223352482416,9.097858760123074,9.256018880178715,11.067248878307623,9.415912086363221,5.297454713848879,7.0042885814114015,6.683164579561094,4.568235242129504,4.708776946350383,3.8776373899777923,3.1022414366069597,2.923197155819196,1.9232570823625679,-0.25577502766282123,-0.48686611829475623,1.4654178361014942,1.3356917065258358,1.1278268092337385,2.0031039948799503,2.6918957982118172,1.5357500907754797,1.5222105686777923,2.4617577861689597,1.8090982194971161,2.637376819437975,4.2109309828102255,4.137054385663589,2.192565429439469,2.2223057835142868,2.586375687070472,2.104103672685028,5.399169820937971,4.965310154342717,1.431910790260872,1.7266056405392192,2.3842977609426157,2.1303807572317055,2.611909373690594,4.9290021064092,4.6349632254425615,4.057968334117788,5.885262396483938,6.72450012704337,4.3366864818508475,3.9700388792763874,8.348512829411902,7.891864226595885,5.943981431096233,4.800015441729101,3.683552942209417,6.867954306172123,9.410881296709874,8.59875475574438,8.441932572390726,9.347622361825643,9.081276744642423,6.935782709406112,5.350998992804421,4.702269477790651,4.035469738780421,3.453878444416091,4.7355175121364255,4.837882390945538,4.648918495749115,6.170950640477031,5.281516797214408,4.195770287748019,4.895221327587819,6.109151929463906,6.031778919318413,5.178241363740881,6.919939933173964,12.09580407711178,9.937279642897806,7.179015613998331,8.325557441089472,5.391825833507937,5.585550726628867,6.829427336957679,6.330696220881464,9.06069637293865,7.202802287410805,5.490192240009378,8.978248376010015,7.148133541668699,5.359061443229166,5.856719681497225,5.996902743247006,6.138090076456706,4.77554031456998,3.8114328639401265,5.263181028366944,5.0584150156630585,7.207406108885152,8.765102819623735,5.240493466072962,8.557360411790455,11.791951316598215,9.333684371300706,6.265763208599992,7.271549219237386,8.676309905658286,9.467482453310026,11.566585211258598,8.113458335728069,6.009232330190002,9.019660910208245,10.754369260735416,10.073469946008345,9.561317618889689,9.108052057707596,6.362906322938898,5.643203384568892,5.559234326291403,4.366553339355619,4.172276559086868,6.4116446841557035,7.989197312410624,8.710291271630126,11.106600950048346,8.18837652502566,4.597458860138545,5.34891798059391,7.4134508932593235,8.359837566204305,7.875570605059465,7.079172052909712,6.747854571532457,5.574662634318997,6.471878321125473,8.63687836918507,7.3973489271377275,6.730877623684819,6.263977129042701,5.88738063174651,7.66955506893396,9.561596183535698,7.6331902601207275,5.5942814161606975,9.215054705027342,8.717476847226521,5.372707977696564,4.596987926033876,6.582740066595306,4.9617794038827014,3.4672386434993996,3.1396840769017444,2.0593545003848703,4.619293572056677,6.107442205027951,6.683078741103827,8.948901321502603,7.761696774603024,6.452738338581298,6.17519788950699,4.6914385527067,2.2770064297372983,4.316394906918617,6.6051078850565546,7.140980376287416,13.1698325720796,11.26225201621071,6.271295638599213,6.597016313251629,7.023072244075934,5.808584842465962,2.6062905401645367,0.977982805243073,4.674785899832045,6.837777601544417,5.516848697078103,4.074755500289257,5.397630238194097,6.525718499864638,7.385068557265072,8.008844729007592,8.08194399363515,8.359086747555693,8.132101953983124,8.461311392566017,9.54735585396179,9.149285927228107,9.87753064121739,10.388294477041427,9.267285322590283,8.233083562080992,7.237361914720509,7.535320108438668,9.331192791960234,10.660268547978376,9.883823795597891,10.295079688677788,10.78643852160178,8.613887985025485,7.595487444868468,11.282937983785246,12.430698713944707,8.243789142658784,7.779522456045925,6.850093828344711,6.257626855060835,6.533614563877791,5.885818887967048,7.468656380575453,8.388813514181038,6.42558343627104,4.6298038656073,7.4130906869877435,6.708970943323038,5.062360096371094,4.743880944805255,0.6690532420010413,2.3631374778817644,5.329604524686147,5.269251678494243,4.297548553988008,1.5162923639248902,2.691830672556307,5.477839994068518,4.711651358619406,3.143925326708654,2.7683029447018725,2.734552874259407,1.6663204533365388,0.027399672214642123,0.13271960844917885,1.932951524355758,0.6724678408528462,-2.939637534748613,0.7121623430842874,0.8542023308896205,-0.3701905985102485,0.6826766532236661,0.3446722360362173,2.34005925113604,1.1153908043263527,-2.2975751544698824,-1.9786530524937689,0.31237275322610003,0.6490504826081178,0.12891514073896815,0.8352804763950417,1.718403584835528,0.8811293684160546,1.35995734280948,2.3149220918246556,1.3241488835881228,0.6424290144988163,1.6240409532292688,2.976168377645763,2.2455944125867404,0.645972002459871,4.4739616796147175,6.026101841490117,6.357353289691559,8.406129592355455,7.257267021725397,6.666133235996085,5.153750685212344,4.870474648900142,7.483749734959929,5.391275191198474,3.7481652885314816,3.144500799762909,4.31699908577059,8.257290523060703,5.653446706829868,3.1982381135774176,2.8649827501610616,2.5278772098645277,3.606344850254686,2.240633971423108,3.8273401690769333,6.052334937907062,4.39812024924538,6.404906209424553,5.7765377388717525,5.196015611664052,6.1348532078184235,5.131427401422343,5.287529980421709,2.091915110244713,2.0752370623321212,6.932792232918075,6.921766459150035,6.5201090450526635,6.314960497005018,7.366300024844236,10.151800298708167,11.079461621245173,7.6837176060953425,7.711189479656014,9.213307270264977,7.74452147537545,9.536558282438023,7.881415321248028,8.230909824585524,9.179711020292302,5.597603279916029,6.182281433986418,8.438599177100741,9.657969644222135,8.423705761219026,6.166653667850483,7.802064179083118,8.761361809624361,8.390337969756445,7.0683525295627305,5.298696404859015,7.188999404234551,8.131070493909306,9.048334132140667,10.017503759000988,8.369045571838683,7.546004111954858,7.845243884527235,7.8152765893519245,8.244725446388088,9.311800296411036,6.4446186029891805,5.362922875073252,4.997819723246209,5.245014831173307,7.875976322191036,6.4443373224783045,6.318091742881904,6.920683289268311,6.627245709522811,7.061782909071894,7.650940952882991,8.75532516068256,7.551549608587663,4.504099811635626,2.6851875804902647,1.8558365312646856,5.469391788897269,7.616435841570706,4.86634091373196,3.161830518965303,7.233164305315199,6.541345012845738,6.28208535166425,8.754796108212133,8.946570546191083,6.75133088780774,6.143686937173925,6.1427119345967185,5.5853190821865155,4.462504219735422,3.6941871890506945,5.897430940376864,5.67690791782087,4.660086606606114,5.1302881957492446,4.230788242242738,2.898898655284654,5.979340588962941,7.938722114506845,6.137296945445996,4.960372933078247,4.977156240753004,3.8532270475012638,3.0936425737008335,3.386839781360095,3.0904447762480913,2.05295856959043,3.3285703401307387,3.4127837585821226,1.3997349753012713,0.667800522022219,1.399861185037139,-1.1058763884078644,2.1965665257444016,2.3796688575399685,0.6940404208835389,4.09649806710388,3.200718929688094,1.0926087363800434,3.345865863601432,5.1114896039039195,3.1839725675962995,2.924121551103781,4.558099477767428,4.035366097656379,3.038046720654961,1.0511532160018078,-0.402888300088307,3.6605979393440293,1.125278506258212,0.1092556417103765,1.333292607041244,2.681513248369015,4.885789081217354,2.1836371049114405,2.9793829122290845,3.056380197896715,1.4497218606558135,1.2011533256412577,0.42956831051560584,0.17344659446689548,0.4290621031794899,-1.3664848389913686,-1.1253065970807938,3.370441839732166,3.9328549040538974,4.706057941446488,4.724587281139463,3.5225515356629558,2.0622509837602365,1.2902689991850593,2.74681667915371,5.113920177402406,4.368832423767003,2.935400074972563,2.900738393829897,2.1701691367189824,3.0866663578366342,5.32856156037866,6.44823989395195,7.546334266323129,7.027248913091171,3.395637559362058,5.926203276345177,2.918703727326715,1.2706437857067385,4.111339556452549,4.478340660045433,1.9872297530982337,2.0777772768113323,1.5218457588188699,1.893757235773876,1.6534537093324388,-0.0043817972876922795,1.2661176558174247,2.8400548917750257,1.2280306539756793,0.16223353657017014,1.8665207120781133,3.1297517782019213,1.6831384409138082,0.8943972201643646,1.055560873840193,1.4908581153100613,0.8108334703555897,0.7426389816881169,2.7767017574198576,1.525122415383862,-1.0215502179289615,-1.0772962771335983,0.500603669626912,-0.03852238016645515,-0.8716770454992684,2.957651840311314,1.2258092923009372,-0.43194273393191907,-0.5813922100571745,-0.32134285104291394,0.9829584093163817,1.267689937660748,-0.7699531519621701,-2.1089538507895327,0.7688743377123046,0.6487065621576562,-2.629686158461311,-0.19790738174151556,0.0003926147066408703,0.8925066746653556,1.8061487844553312,1.3610555462247476,0.45851855728813007,0.5469484194794632,1.0258054934682264,-0.4269464968019747,-0.7885868498899526,-0.9770034305530544,0.07451232650811335,1.1315006804113636,-0.6182569062392531,0.9762777519480323,3.2663442736081265,1.7188438008419098,2.4708431647410407,2.199478604590695,-1.6729356647518898,0.46304814068525957,-0.5567872736880872,-1.4279702839230595,-2.188553050751807,-0.42448619565703893,2.082378474991174,0.7374492166110826,-0.21866084549213838,2.129008264070137,2.313826888553649,1.1565797090944443,1.2073907750551598,2.0197104361564016,2.259964995598125,2.145758533125047,2.66425667006348,2.916302791679527,0.9152156027507772,-0.2224760343563048,0.7038020613592266,0.4424168007546996,-0.4134468604580661,-0.7644089424499043,-1.8839491417986665,0.42601802975366354,2.119700227186513,1.4536121917836908,1.545443989968362,-0.06414082438482183,2.175347808210404,5.247872261922396,3.541416910180999,3.212489771551475,6.472682738972367,7.210070538430671,6.867262160754194,9.712946198029385,8.373446053663429,8.231004569925176,10.86656370291081,10.964091929365736,10.16150561398888,12.97242192936676,13.758784668654073,15.351560985966671,14.223043563838814,17.844211293789613,19.55612831495546,20.56243632775471,26.138613455899247,24.61882106959166,27.011564849001445,28.018615834681327,27.89469036407462,28.963532734481703,30.410456719358933,31.321926760262443,32.53959224598407,34.65821222609151,37.261464615334035,36.41684954623321,37.760192282586104,39.86438720041116,40.38896430400433,41.637614650285514,42.629601429153126,40.5651223874475,39.106468177017234,37.64288462171447,35.76466343943173,33.78584746658595,34.945280650627524,36.51149716393775,35.64758945194808,39.37596027378362,36.82423343318601,36.6850922728629,37.86859316208319,38.05471678012225,36.25876716783358,34.17979089848973,33.9870152456586,33.2426389184443,32.978309131546894,29.331474218761343,29.22650548558329,30.572237857095047,28.44699796463493,27.736055183098472,29.752715593462824,27.8869426593493,27.734049652311285,28.95779798294194,26.158561278663967,26.231693181276455,26.395786904222405,25.020983330744343,23.944888966224767,22.026805811994848,21.468501736615735,21.018098607139677,17.683542803925434,20.46386747270907,20.25861668618495,17.346238720660494,17.086448137128457,16.386168455317147,14.553749708966222,15.617388926011188,15.396694032528217,12.326627838167155,15.28221508947081,12.329641409694773,9.54015681184137,11.468042302511321,11.879400444055477,11.069476939129743,9.841542425497096,7.609889383191216,7.67772532371697,6.212484292511931,5.097664020366324,5.975489644165464,4.2981528320441384,3.8949503674786,7.132287979130069,5.616256064758602,2.1390710178797008,2.915617127414407,6.159923976189248,6.407462505859598,3.1846393213854185,1.088508580339692,1.0108628913628763,1.6806834749476138,2.70646805206286,2.04690338459352,-0.30758575497219454,-0.6684851992268932,-1.7866087903518064,0.2329271654441527,-0.03348791351152158,0.9809833658629827,1.5904016285701914,1.7035539640145316,3.350351570138173,2.346014312418731,0.5536132837985406,0.7321849187903808,3.3351930867802366,2.2681279511227785,0.1831224080597167,1.1928498985044484,-0.11098173111372489,-0.24472749779107517,2.4416405161330204,3.133369936277518,2.631125624565925,1.3523018659129775,3.7748090395430154,2.7169504558561925,3.164723139568764,5.987241519483405,3.565613116133136,3.4992676052336833,5.030181913360707,4.639926123022974,5.828105702382857,6.393397921234964,5.198688450938391,5.641042011012644,8.02200278157693,8.87083654661501,6.2684440300981805,7.410349092351339,7.193643570370682,8.60446885308636,8.599790805376529,7.651344939484943,9.243683290488889,8.116148388096462,7.148310109132126,6.6137499699772775,6.486579778041687,5.029210239907002,1.7816087865435861,6.216084875298009,6.284745148636944,4.3231489965593255,6.804550493089778,8.466180330719169,6.495097623045581,4.935996135096332,6.846081189420033,9.168086179418765,6.910204018964805,7.4718620566843015,8.271011120104617,6.175857637223771,7.411205109328648,4.853681371292396,4.733978458273953,5.767925859517334,3.860317434618537,3.243949396068672,4.744848771498937,3.3307353793799734,1.7379442863539794,5.930471358801697,6.618924838138128,4.039974384449351,4.5649630681948,6.343675938648744,5.858356084683123,3.443144154161587,5.82015017981513,4.780423059045006,1.8783167712996374,-0.05270141248320215,1.15158510252121,3.2054727785844648,3.0879064003198096,3.5423262814026657,1.0468220849206205,2.843917934182116,2.895498199375538,1.8623910580946017,0.6247847499453201,0.7948009220450558,1.3042633074697392,2.968570999268536,1.9715311631891836,1.0468469083567697,0.5036605998683399,-0.18760010147332196,0.8710131667219798,1.7416351943978157,1.2478142586153353,1.2227114993813757,1.0676947190308397,1.3272895566117882,1.9576121205744812,0.16718927531246663,-0.604220621089155,-0.2457471667171376,-2.1817922981864513,-1.645623927418626,-1.4440357298724393,-2.1345375112050533,-0.19820876549471222,0.922557916585788,0.020662433974621308,-2.018954391021225,-0.9533500291762493,2.6211130852115048,1.0550729228061755,-1.0543423293236174,1.5864675783519147,1.2170972200706842,-0.058906351857672234,0.5123028654326163,-0.878508376004163,3.046706898093362,2.327662074063312,-1.3125496394737866,0.13090301458646536,0.41307791063661625,0.8966684080259029,0.49075454354573367,1.5379794967424232,2.2358142789464637,2.649741222299383,1.2905244177835584,3.6391730527352024,2.285491351453686,-0.6396096479444395,0.5170586961393155,2.5056151855641247,3.681159039233137,4.271622477441156,2.5076534168204034,2.617427423012373,4.537219176127962,5.081476922660045,5.358624285457836,4.829257230785345,7.626456540606682,6.387086693647802,7.6972606735672,5.429284672970823,5.454457034660663,6.347444699135167,5.2632058094941385,5.128487424873924,5.420603705043618,6.57399109965786,9.370497625685857,8.799490173947845,11.15294700290167,13.251837190274955,10.377486364516358,10.955872149203174,10.732581725867306,9.61708057498447,10.198093357678715,13.596875511647113,13.946674862980444,12.202301598785255,11.895377255641108,13.188015313959909,12.889514343912822,14.4140605128851,12.928707351654452,12.20957677381108,13.904737642262148,13.882838653644512,15.828628188340076,16.054813443525063,16.35911590265357,18.057840648776278,17.91449571887631,17.967550723058707,17.005748138182184,17.21403836114723,17.49657785195143,15.898359972235426,17.43904674413818,18.940758316759855,18.96416900349891,20.09320561820914,19.810139025593287,19.612954633767686,19.14099329170989,21.156121963273904,21.136392221651874,19.92377564356451,19.58707885029628,18.960945093801058,18.91395121419987,18.95886771215976,20.960483460624744,19.845536120245697,19.872090601328352,21.864707632359227,19.763607575709557,20.54248639048285,21.787403782078172,22.532964764927215,19.86153218448692,22.615140705183478,23.43843530997725,20.06205725547079,19.303132270829565,20.425927633700667,17.71869550782418,17.519521219425656,15.595229777939096,17.468351227955964,18.99994554868522,18.769576831875725,18.957026995844444,19.771739167887972,18.55843900342836,19.072342124073316,16.998532901055228,18.405241991731657,19.1941334122007,16.247734816551713,18.041681070320237,19.01608295333091,16.966182497880595,17.639917588564344,18.43473002859332,16.587781536874445,15.594502252513337,14.6348909683378,16.674284273193905,16.601357136188824,14.134799948844943,14.46360783903333,14.345469589504603,13.349931667507747,13.287689008088705,12.692244049190833,12.686483886316864,12.445326816448016,12.295179125729817,14.00424883429065,11.931013728834671,10.256673584313148,10.232953105622755,11.76990116730542,9.6914144975608,6.1058735108796895,6.63346795534585,5.454811773143263,5.307982842718275,8.111692041958236,5.112652647639436,4.0467739027128005,1.3519909060517534,4.220785470992439,2.3636141291878516,2.6280789863063205,3.488002614779589,2.387086474621867,4.57350555400086,2.5732361160470987,2.5002666618529474,3.5137514508127197,4.108476816512052,3.3403249325683078,3.8961895246415565,4.059948847640612,3.9236777883394893,2.20097182361161,0.29518433874335415,1.6979863700178726,-0.9954049332220052,-1.6133870933851995,-1.089633422902864,-0.9224374921431036,0.10619599206921748,-1.609016508827267,-0.12782631745065487,0.28107731542235115,1.4720532794956114,-0.7585839972284703,0.89548953167224,1.7701769558045157,2.869700977374549,-0.29468157667125183,-0.5355514466299951,1.449442743767463,-0.12736918271912145,1.4597244097335818,0.32469630559910456,-0.7249536349417838,1.8272435320330658,1.2767098503382215,0.6823712093844563,1.0280648699345818,1.2546745333037848,0.786482235500273,2.0481055804244477,0.5823108970393491,2.130869436450439,1.928472313407326,1.626558476447542,2.4236247867301586,1.338480442758339,1.8236959973526154,4.2922758294462255,2.0675787498607576,3.1841295220260974,2.7692719164813866,2.4376388140639165,4.410247096027376,3.7145251430256394,5.012254532383281,4.9273899318864665,3.1317675881738296,3.8812991828795305,4.905803555164113,5.362696201956538,4.726515542691487,4.766477194908845,3.6570392234190194,3.324597082595403,2.674122521263911,2.9772556569625976,3.223684435520255,2.3684743126574404,2.715201163913747,3.1170774688015683,-0.8491127873429605,0.3539700993818826,-0.2920661173508563,2.147145069797375,2.031616980518095,1.1484104492805045,1.0142919179390049,2.062455325811726,1.0679676797326465,-0.08207419041264075,0.9319520732302635,1.7335484252298272,2.4100991732484545,1.508430590265533,1.6485193430162042,1.6030366495408828,1.2418215317781858,3.616612875777008,2.362569243208867,2.170222979591699,1.602069695163209,2.3328331766933275,2.8778437401983297,1.5712486070828504,1.8960289394829033,1.4389865431908504,2.5838590695522896,1.3881358570690736,1.807163651872571,2.917184447022862,2.1529453038870656,0.700566283129433,0.5825167174244257,-0.640220947016445,2.327664901399487,2.076124170460133,3.1608810713196362,2.204538879980703,3.210071650107892,3.6242398360056995,2.2324571354245393,1.2179182557610488,3.778008354994512,3.658650677320111,3.4929903791711183,4.617281992326838,3.1086854609861234,3.59292899320576,2.6592719803144576,2.9499824875511536,2.012449163837033,3.4033529656340704,3.3420791159327337,2.7502677464115948,2.3070202023928346,3.1555946586640857,2.5254917350921176,1.8570882008280023,1.7772382336063686,0.9929807619764972,1.8616536090294176,1.2328735512925562,3.1676677015888117,2.222409118789699,2.512155847734391,2.330585095786603,1.381057046633714,1.5100896098887233,2.363883174246638,2.3195797498542845,1.6460905196498743,-0.20415610933167727,0.8766025779917754,0.49594821237906217,0.38284600392097445,2.797602665847876,2.534582490292877,1.5743982689258473,2.3655275301927645,2.3924583872872347,0.9550473691938635,1.5943006679951566,1.6037420804642295,1.969506938280034,2.070308537747337,1.2190488209936063,1.8130411442092225,2.0396683217578016,2.008706785526954,0.011832787851517423,3.3524563889846775,1.9141420669417926,3.135995956679949,2.8331310818202553,2.442303218790471,2.2974693987911223,2.181576276956463,1.3953925442988293,0.5441605506259464,1.3000017786673084,0.70161480517379,1.2109616267007368,-0.07750376492828082,0.6150444492563452,1.8405346621521232,1.7436839014411873,0.9353650166115415,1.2587352286812745,0.7737943164993055,2.8083031635094073,1.6633044361278166,2.2291807299010884,1.5041635951393175,2.021716903179538,2.375866508731775,2.062524050662148,1.597605202711378,1.6999673268987863,0.893658665522338,-0.0883112223003053,0.8913792669715122,1.9675959461206105,2.6261414284402775,2.303196548432922,1.7004142900961483,1.3477326243930037,1.6902504850577316,2.0270476891176514,-0.8919294162061391,0.4468380064737403,1.5664067384155231,0.5512425127756018,1.7898193899564347,1.2821378644940324,2.043968210438564,1.8971032176694393,0.20004811815361734,2.351026582077438,1.6536425086457456,2.319962086374858,-0.3971314008409905,0.07191074831020217,1.0424144821710968,1.6687712936509342,2.7410689825504164,1.5443826695861986,1.3477349552740492,-0.0936914359882195,2.0747657607167014,0.21608577789031358,1.0275371913388227,0.7095776421739544,1.2009154011756067,1.3549925548845891,2.4135033280509646,1.1416784920544814,0.4311752737018253,1.0358334028192928,2.271397473342219,1.4389253911499509,2.0250598569546696,0.07908075667769765,0.14625471221080488,0.5069481300183156,1.9589071626811574,1.2801635566165714,0.8464432593238342,1.4496174149926873,0.6350131988914569,-0.4067329104314581,0.20580377111429016,0.029276258473956318,-0.5769128201986007,1.385066894698042,0.24354921590135348,1.5364396560209457,1.4864200094639273,1.3969366875012952,1.481790567019857,1.5844820922440164,1.0849876944729147,0.6268487100341531,2.260893964412645,0.2062871813459708,1.7486209966658635,1.5449785040910058,1.3540432694505853,2.133572495579827,0.9270929032298625,1.1776442444235897,0.6034965861891806,2.092589982771102,1.6246765618530787,2.2619743673482446,1.091069566834733,-0.689673639029337,-0.2355059658217442,0.849964440836203,0.72966466478141,2.466614783467719,0.3455068594878412,1.945458673128428,1.559836627352098,1.378468417391872,1.2312725248800973,1.2156920128404636,1.409394430544495,1.2856236827453245,-0.11880835150896019,0.44762412856033507,0.09576206477831306,1.5694419596762827,1.4190036021079777,1.8599401274007619,1.7396186134542972,1.1128644482678567,1.2806118546679954,0.8635962747612496,1.9174361402687055,0.7691121012393012,1.4343710954705386,1.3894015732042533,2.532678828549706,1.8107050552503097,1.742163895441763,1.4228491007166042,1.983748645423674,1.1050446975642672,0.4994433356514776,0.8036236111900337,1.7080975335529445,1.2233996147585913,-0.26070149001952814,1.5820709307630807,1.1483086695956075,0.19223122941258453,0.21387709011440847,1.587506514136237,1.8091143616663032,0.8256612154897027,1.0953684638083132,-0.05300578354294316,1.489112147562082,0.9536103598154284,1.1594358279939456,1.8603193670603844,1.024270850838434,0.42709263069420444,1.744748698730639,2.1628503737261155,0.5210272020837081,2.4729420222222416,1.0432750765124297,0.689811828780762,0.7612639996103212,1.0066270540794733,1.5960275151734606,1.4204170005272942,2.253723500155587,1.3612154992380852,1.9007470119768755,1.4146323656711601,2.636096036901044,0.7349773510178466,0.9759067821166525,1.2063661407069688,0.6215582395610468,1.8154971111466125,2.1640494479433983,1.2276597027760658,2.0574642507361034,-0.6177082425207914,1.0269942424849887,1.5238959660330522,0.5529803874613606,1.6472886750464113,1.0243368868351013,2.566409135139544,1.819928223783478,2.000475635496457,0.4657263294625693,2.0066360096425626,0.8714090211686596,1.9466925016737093,1.992317705751077,1.0550762951315917,1.1722535067281754,2.045731029563491,1.5280023128761115,2.58090126905617,1.3624744262482125,1.1608721194480367,1.9305729775798,1.0736720906288113,0.35469492803281355,2.095795483454282,1.389002287840043,1.7959100077722496,1.7801097834814712,1.8448768712615902,1.0231112883603615,1.859252326766068,2.0468671363612145,1.7409408329584082,1.5538863061991037,1.6713851620115179,1.411576584089488,0.9937607828360058,1.8219263956116336,1.7364328100102213,0.8702417704955394,0.11543578905011742,1.0867878729077063,2.018841067807358,2.036728978533745,1.520834031424954,1.396853237964308,0.31392934988576826,1.411485130605115,0.9862423538930898,0.03089509499898213,1.590112580791839,1.9845764557056,-0.4799472611458384,1.2837098387845245,0.6257404772889927,1.5099198588729692,1.889380120096689,1.3205247309034291,1.0479855794761193,1.0655857061249208,0.899714116917977,1.222179785827798,0.24103122087888096,1.0833193408367663,1.9273302393384881,0.36897532893512874,1.0716821563491905,1.0013417628996706,0.17477129123352597,0.8160555450939739,0.34256620649907177,0.910967020636555,2.0768627384764784,1.1410362425484095,0.5993881581351275,1.3819315452437877,1.1662608858762766,0.7076949806284176,1.7939736255304695,0.7504857005062036,0.5709510523223571,1.2600662440787005,1.2743481553151526,1.22448643690376,2.064378925270006,1.5441650946446828,0.9118384456087085,1.7091774195414473,1.968087930114848,1.9195056425683106,1.745074414614578,3.265064010648672,1.0305103169447989,2.5091969401459266,1.3979704179017745,2.3359110762487525,1.0464744828961443,1.9757245382461726,1.6730022444746169,2.168882002986411,0.6434818100931956,1.9994612543005381,0.5387642225587967,1.1826276147625627,2.2491998980239067,1.1787264365728696,1.8335066604910253,1.8072031784961702,1.8574302897346229,2.233444110923415,2.2751415947650173,1.6274712742062718,1.7948232118821181,2.720916455018937,0.5842702101059558,1.8694088894459355,3.0353708544829487,1.6087048845784544,2.0735018749905407,2.911041128221971,0.9936597075647455,1.9672406040787962,0.941322181259892,1.9335160311727826,-0.004377124006879285,1.4864558025284964,1.825935576417887,0.8489970816226844,1.635093299539708,1.2927641933165432,0.9061622029724106,2.128539065519675,0.862103107652274,0.7538858990209292,1.3004787070015311,1.488358053781667,0.19185395393736826,0.40267832276953186,0.7812671164522556,0.869039603553059,1.0166057246347862,1.4057539985173513,0.23940245051463194,0.7698025377525255,0.8183051196865279,1.7753146286940797,0.7058341091699525,0.18012498815810218,0.9788482498046278,0.6531822094862036,0.037356575478412424,0.3704414600990731,0.08831578693272313,0.8152415449368355,0.2757919935340585,-0.035768222092116275,0.8300676726450149,0.44378420817096753,-0.01097117371094214,1.1935716203471145,1.9881809536234165,-0.48341659408441906,0.3574447426634606,0.7504014346257595,1.1656082578813045,0.15362705610789362,0.9903718437148541,1.2558423512550423,-0.026677755026753402,0.3056672090846462,0.5462196802563142,1.3533084842664493,0.516734979856663,1.0623633939776767,0.4112023644921994,0.7525042126994492,1.628933846952151,1.5006079588732746,0.9751364396189199,1.415090997752543,0.45899462982200134,1.4785511906219995,0.6802823754001395,0.23434136149321994,0.4451423894961124,1.3130749802193407,0.671162582127323,0.77182682017704,1.642657671093616,-0.02884380987990376,2.277308467208343,0.44499534044948064,1.7551158528208646,0.5909287745288339,0.32885580909367995,1.7976291630765235,1.507504333211953,0.9056825516939568,0.9240107434717402,1.1621252021548099,0.231242596175548,0.3565292534496791,0.4729159593593124,0.6163065929061133,0.7069023567107422,-0.010363781454543641,0.916437039542247,0.5005397831906464,0.9615182037825303,1.2547190921035831,0.23107229555873232,0.710202222970624,0.9422990940999796,0.7472943067717512,0.6947453242489985,-1.2419718576041419,0.9773855622965755,0.017487124526498476,-0.3687122819104891,1.2676016624612316,0.7128400059820024,0.6412482191823603,0.5389108050074753,0.8140008253244826,0.3640368386465127,0.20740886597067743,0.26605990092355114,-0.08283541704429354,0.9910053587741476,1.089482430886335,0.16494975630661202,-0.2181644417463815,0.4156960875790503,0.7235453671453911,1.3788554127607995,0.5100217976397223,0.5625347599673489,0.8729991986880634,0.7694139994615625,0.9865405605926014,1.0181772212665692,1.1766508742059907,0.5006333725714853,0.18447233992012002,-0.14899639570757017,1.403582937592688,-0.1901919575830675,0.9026610597076958,0.4294908280662071,1.3860000539574457,1.5653572021362256,0.8489950640895065,1.040701926624024,1.3783756794521755,1.0674062117927283,0.7460565240810695,0.8309184055805758,0.8295035424150976,0.588917424945719,0.6063423267330847,1.2047151049324043,1.1950692700845593,0.19293736158127217,1.2220501559359036,0.724459066190831,1.1662598968859195,1.6395139753603587,-0.015024498323072066,1.1222607021933584,1.159742894758864,1.1739377944571174,1.1872662089850792,1.1998814870322576,1.2118071588543842,1.223057574812998,1.2336460104147022,1.243585618860152,1.2528894299853448,1.2615703492676857,1.2696411568954886,1.277114506899892,1.2840029263479664,1.2903188145953663,1.2960744425973303,1.301281952277236,1.305953355950919,1.3101005358058444,1.3137352434341096,1.3168690994177723,1.319513592965336,1.3216800815984016,1.3233797908872873,1.3246238142342577,1.3254231127035894,1.3257885148972264,1.325730716874716,1.3252602821167727,1.3243876415310751,1.323123093499163,1.3214768039640035,1.3194588065562414,1.3170790027588168,1.3143471621085894,1.3112729224345685,1.3078657901310748,1.304135140465121,1.300090217917159,1.295740136554059,1.2910938804340333,1.2861603040408056,1.2809481327489038,1.2754659633168046,1.269722264408074,1.2637253771396502,1.2574835156562472,1.2510047677300236,1.2442970953846384,1.2373683355431524,1.2302262006988087,1.22287827960821,1.2153320380051014,1.2075948193353838,1.1996738455118248,1.1915762176877251,1.183308917049004,1.1748788056239334,1.1662926271100957,1.1575570077172017,1.1486784570256248,1.1396633688599707,1.1305180221769149,1.1212485819668245,1.1118611001683973,1.1023615165952094,1.0927556598748822,1.0830492483986234,1.073247891282108,1.0633570893361082,1.053382236046616,1.0433286185638906,1.0332014186999174,1.0230057139337134,1.0127464784242193,1.0024285840299,0.9920568013345417,0.9816358006788732,0.9711701531981589,0.9606643318639954,0.950122712531055,0.9395495749872964,0.928949104008467,0.9183253904153332,0.907682432133754,0.8970241352569985,0.886354315110168,0.8756766973157823,0.8649949188611856,0.8543125291658669,0.843632991149633,0.8329596823011798,0.8222958957458388,0.8116448413128694,0.8010096466017558,0.7903933580476803,0.7797989419846658,0.7692292857073824,0.7586871985307084,0.7481754128463081,0.7376965851773605,0.7272532972292822,0.716848056938062,0.7064832995141899,0.6961613884833753,0.6858846167228592,0.6756552074937758,0.6654753154688251,0.6553470277551696,0.6452723649121026,0.6352532819644523,0.6252916694097621,0.6153893542204116,0.6055481008394565,0.595769612170983,0.5860555305642663,0.576407438791648,0.5668268610198197,0.5573152637745977,0.5478740568991043,0.5385045945050138,0.5292081759164375,0.5199860466071016,0.510839399129793,0.5017693740386449,0.49277706080394523,0.48386349871884704,0.4750296777990002,0.46627653967340166,0.4576049784682823,0.4490158416820407,0.4405099310527305,0.4320880034166521,0.4237507715591562,0.4154989050568929,0.4073330311114205,0.39925373537428754,0.39126156276364554,0.38335701827222124,0.3755405677665351,0.36781263877725223,0.3601736212809499,0.352623868472989,0.34516369753103504,0.33779339037050704,0.33051319439042004,0.3233233232104453,0.31622395739884723,0.3092152451916945,0.30229730320257886,0.2954702171236647,0.28873404241724643,0.28208880499863653,0.27553450190987405,0.2690711019839682,0.262698546500701,0.25641674983242524,0.2502256000816203,0.24412495970889836,0.2381146661523985,0.23219453243746102,0.22636434777811587,0.22062387816890805,0.2149728669679689,0.20941103547070838,0.20393808347546383,0.19855368983914445,0.19325751302514504,0.18804919164139733,0.18292834497006538,0.1778945734881745,0.1729474593801399,0.16808656704091618,0.16331144357079097,0.1586216192613108,0.1540166080728511,0.14949590810348923,0.1450590020495781,0.14070535765796421,0.13643442816939455,0.1322456527543352,0.1281384569396664,0.1241122530277039,0.1201664405070062,0.11630040645491135,0.11251352593205866,0.10880516236906601,0.10517466794490815,0.10162138395810416,0.09814464118971955,0.09474376025875131,0.09141805196952646,0.08816681765202361,0.08498934949429326,0.08188493086797166,0.07885283664549547,0.07589233351097846,0.07300268026321532,0.07018312811189276,0.06743292096638243,0.06475129571794014,0.0621374825144585,0.059590705028711,0.05711018071966123,0.05469512108726349,0.05234473192024325,0.050058213538022756,0.04783476102525697,0.04567356446088411,0.04357380914009923,0.0415346757908992,0.039555340783806514,0.03763497633570978,0.03577275070813357,0.033967828398772326,0.032219370328192554,0.030526534020026475,0.02888847377590764,0.02730434084506328,0.02577328358762543,0.024294447633508298,0.022866976035004427,0.021490009415003897,0.020162686109699735,0.018884142306319518,0.01765351217571265,0.01646992800047542,0.015332520297391738,0.014240417936520089,0.013192748254510889,0.012188637164115335,0.011227209258635185,0.010307587912478766,0.009428895377425306,0.008590252874427051,0.007790780681574461,0.007029598217854982,0.0063058241231317425,0.005618576334285308,0.004966972157632199,0.004350128337620163,0.0037671611221128387,0.0032171863238090737,0.002699319378848486,0.0022126754016937866,0.001756342783579612,0.001329388010162802,0.0009308601795225968,0.0005597952286109376,0.00021521987895312122,-0.00010384468998836383,-0.0003983794293844767,-0.0006693642620803075,-0.0009177751670392809,-0.0011445814963906287,-0.0013507435164967774,-0.0015372101624109291,-0.001704916996686734,-0.0018547843636156358,-0.001987715728915873,-0.0021045961960055592,-0.002206291189992271,-0.0022936453004547275,-0.0023674812747742635,-0.0024285991532906337,-0.002477775538352489,-0.0025157629890486533,-0.00254328953451477,-0.0025610582979140872,-0.0025697472237879992,-0.002570008902267773,-0.002562470482871504,-0.0025477336721735355,-0.002526374808184073,-0.0024989450062378182,-0.0024659703705651737,-0.00242795226574799,-0.002385367643199743,-0.0023386694176110723,-0.0022882868884721574,-0.002234626202266554,-0.0021780708514143043,-0.0021189822052178897,-0.0020577000702814985,-0.0019945432752308534,-0.001929810277232491,-0.0018637797878113815,-0.0017967114131636208,-0.0017288463085662897,-0.0016604078416548873,-0.001591602264568337,-0.0015226193913235875,-0.0014536332790555662,-0.0013848029110192783,-0.0013162728794782197,-0.0012481740671432817,-0.0011806243255136906,-0.0011137291491820633,-0.0010475823444551224,-0.0009822666918353207,-0.0009178546004875443,-0.00085440875528775,-0.0007919827542082203,-0.0007306217364941858,-0.0006703630008644268,-0.0006112366128263602,-0.0005532660011908774,-0.000496468543303763,-0.0004408561393347554,-0.0003864357741463209,-0.00033321006790743013,-0.0002811778150544342,-0.0002303345112579791,-0.00018067286850964592,-0.00013218331852726806,-8.485450419470908e-05,-3.8673759775065264e-05,6.3724206427195895e-06,5.0297925923814546e-05,9.311664427968935e-05,0.0001348424588911712,0.000175489243474658,0.00021507085838834428,0.00025360114648265153,0.0002910939290075021,0.0003275630017185449,0.00036302213129602023,0.0003974850513941419,0.00043096545954313115,0.00046347701339755076,0.0004950333275530738,0.0005256479702211436,0.0005553344599888987,0.0005841062629485805,0.0006119767895711448,0.0006389593920061998,0.0006650673609840396,0.0006903139232861122,0.0007147122392439087,0.0007382754002378533,0.0007610164258551322,0.0007829482620138606,0.000804083778319864,0.000824435766020315,0.000844016936071057,0.0008628399167776024,0.0008809172521750952,0.000898261399953526,0.0009148847296103213,0.0009307995208871489,0.0009460179620077724,0.0009605521481148571,0.000974414079678354,0.000987615661131258,0.001000168699420101,0.0010120849028680823,0.001023375879640298,0.0010340531366921368,0.0010441280784618812,0.0010536120061033216,0.0010625161161215146,0.0010708514998611918,0.0010786291423130479,0.0010858599213747766,0.0010925546071689496,0.0010987238613324735,0.0011043782361639387,0.0011095281741688723,0.00111418400743446,0.001118355957089534,0.0011220541330771994,0.0011252885335011342,0.0011280690440287344,0.0011304054379763784,0.0011323073759967883,0.0011337844055105961,0.0011348459609052952,0.0011355013629952282,0.0011357598190215867,0.0011356304230218939,0.0011351221552047264,0.0011342438824897272,0.0011330043579960147,0.0011314122214969302,0.0011294759995053028,0.0011272041051029191,0.0011246048386510665,0.001121686387449472,0.0011184568265321104,0.0011149241186387826,0.0011110961148688148,0.0011069805545105282,0.0011025850657802039,0.0010979171659926124,0.001092984262356822,0.001087793652146729,0.0010823525231842268,0.0010766679547202784,0.0010707469176622908,0.001064596275114127,0.0010582227830866486,0.0010516330910945726,0.0010448337429806998,0.0010378311773706628,0.001030631728553999,0.001023241626825211,0.0010156669993364176,0.0010079138709500057,0.0009999881647502207,0.0009918957031231912,0.0009836422086095808,0.0009752333045582873,0.0009666745159222501,0.0009579712701111021,0.0009491288979859291,0.0009401526344845479,0.0009310476194741568,0.0009218188988313614,0.0009124714254937771,0.0009030100601989943,0.0008934395724224942,0.0008837646414860956,0.0008739898573253413,0.0008641197214274143,0.0008541586479395846,0.0008441109644650169,0.0008339809130859521,0.0008237726514721544,0.0008134902540177791,0.0008031377126940242,0.0007927189381007338,0.0007822377603758923,0.000771697930559867,0.0007611031211638419,0.0007504569275056383,0.0007397628689602698,0.0007290243897273285,0.0007182448599678537,0.0007074275768559346,0.0006965757656587357,0.0006856925809586301,0.0006747811075342725,0.0006638443616964196,0.0006528852921974249,0.000641906781339685,0.0006309116461125086,0.0006199026393574059,0.0006088824507912705,0.000597853708029561,0.0005868189779221211,0.0005757807675195181,0.0005647415253520194,0.000553703642367509,0.0005426694530115128,0.0005316412363640666,0.0005206212171628977,0.0005096115669971368,0.0004986144055294517,0.0004876318013202763,0.00047666577310678804,0.00046571829096819783,0.00045479127712155787,0.0004438866073144254,0.00043300611176277926,0.0004221515765152617,0.0004113247443058299,0.00040052731569062416,0.00038976095015641476,0.0003790272673143136,0.0003683278479229557,0.0003576642346274639,0.0003470379333236906,0.0003364504141245561,0.0003259031123263867,0.0003153974296878914,0.0003049347353965004,0.00029451636703470285,0.00028414363166007206,0.00027381780697055547,0.0002635401422139694,0.00025331185941013246,0.0002431341541466736,0.0002330081966306352,0.00022293513268323295,0.00021291608476303736,0.00020295215304599878,0.00019304441633494207,0.0001831939330259047,0.00017340174233027028,0.00016366886515584156,0.00015399630493106997,0.00014438504874192404,0.00013483606824138405,0.00012535032064420193,0.00011592874952270904,0.00010657228591526291,9.728184926416361e-05,8.80583484104136e-05,7.890172921065641e-05,6.981106571402051e-05,6.078465082737239e-05,5.1820086326870296e-05,4.2914372443192406e-05,3.406399611094457e-05,2.5265019530706923e-05,1.651316773632061e-05,7.803915707427223e-06,-8.674249443174631e-07,-9.505619999572446e-06,-1.811542654195364e-05,-2.6701507579218742e-05,-3.526834657918698e-05,-4.38201627446233e-05,-5.236082608917059e-05,-6.089377276907726e-05,-6.942192061387686e-05,-7.794758448653738e-05,-8.647239229730985e-05
20.862850055155945,19.65602553681242,17.21293184234048,16.745234841727097,17.520934132885372,12.642378225142807,8.591918758545603,7.9659197807773126,6.199001316267072,3.8579237061330787,3.6633163005000142,5.535881305887415,4.269123296858197,1.54350918501234,-0.3123011855881259,-1.0883615041379926,0.04209892101243895,0.8940207359788701,-0.47156166733282134,-1.5815656465747452,-1.212720785469969,-0.780412885241617,-1.797427850552026,1.0396182493992683,4.901741886041805,4.31487886043783,1.8021568662867367,-1.1110385334173998,-2.3326715652715393,0.017939797314511452,1.7118204985989678,2.0513065162014072,3.2129401995287026,5.716891622544608,6.593950655106028,5.305631693037412,4.771212144642959,4.972590957976195,5.059208107875747,4.923667134421066,5.539015407708348,4.9412880867171225,2.5197302257440697,0.3509032794885343,0.14094608739571868,0.8884779225703596,1.833817262772527,4.5690281023832995,6.068010189901997,6.300268285675202,7.181656640904748,4.224159247859461,3.1811534236112493,6.86534223469107,6.546276574046033,6.441077448869692,7.9192089617286,8.340491016393798,9.842513720809052,11.804321426994193,12.59830467068673,11.926930932191908,11.011953541359162,9.633291139251469,8.376098082142448,10.588101005163935,10.232809397244864,7.295399168972381,9.110227336559433,11.98845682730439,12.134926415295126,10.152178753899534,10.326654208773562,10.707243302230836,12.150208570794462,15.460602984169327,12.736447047039519,9.872878858654076,10.473958584461116,8.839912394808835,8.863372639211548,10.213276935536669,10.134550784845715,9.563830092653461,8.500615961957465,7.626537445621807,7.613274015980778,6.574459949120637,6.034800537143951,5.925799731113557,3.812200624706179,5.816546011986929,9.074439829238145,7.22056990374449,3.0878653428462712,4.202613906826741,5.843971699526719,-0.15458430641228915,0.7979906366294927,4.044146615249929,3.7750885190606596,4.730238606696389,1.9552931733450123,0.0908577091394136,3.6183578211833947,4.264031119213769,2.084742292537726,1.216579236871894,3.192419190239775,2.425693468225745,-0.7274179093901694,-2.3135061614912047,-0.2545215164606134,0.5108240330607714,1.5634132993513958,3.314207168606913,1.1340662730257236,3.944937339166586,8.702519421588136,7.699730418636477,5.7918042529371405,4.104603959954829,4.154861136599266,7.492510094319982,10.674259631423752,9.975750902435607,8.24751413117292,10.911794852472099,9.880156624073607,8.11994804535152,8.907354618289219,7.155157712562641,6.151259877425332,6.450591755208734,5.028981810618461,0.43659868361328336,-0.47328890280823543,2.5610960314731983,4.925558589637717,7.641218560161519,11.418953539746326,11.46005784144063,5.755436452804133,8.599582082578308,10.77410844599251,8.014058574098499,9.878693170537417,10.043727215670174,9.988890815268974,11.763554184014993,11.87399571738797,12.076553669668101,11.108277998361586,8.234720871287664,6.946653072000572,7.873638505894746,8.717506008699502,8.457244273311744,9.516116023221002,8.70544465963053,7.84924794463177,9.77074931274035,10.03426028073477,10.36522420081883,9.375680101457306,5.536430623031038,6.099649538664721,11.018559872527703,14.30821265210568,12.245925869434359,11.449653292759308,12.194451957921501,12.36340998235869,11.82179199843813,12.685349683436016,13.58942581760607,14.461781346259954,16.230175855767584,14.627299126945331,12.158910606655127,12.055865935278575,13.589363775588026,14.394737326956147,13.537494211069543,10.911387680453572,7.501417192477788,6.961526425873444,8.259012801417725,8.47768915701613,7.2617923093607715,8.387821410968172,8.859752915519948,7.784101500415545,8.58873105473549,6.328579884462101,3.4556801632677434,3.730168900716535,6.378613424867467,9.56636242904392,11.293480765583126,10.336887798935777,8.345205865767866,11.132095331555888,12.351303617881285,9.7293919745224,9.806335943470913,9.249002183623134,8.391492701366815,9.51554041412669,12.117904255648,11.480559493277497,10.22727705757211,9.305801340407925,6.4583703398395755,5.310338799122974,4.6147463625517275,3.8301375144799295,4.59828381684963,5.945477932963854,6.613588238172724,5.361450286715808,2.845604049599615,2.683099215591028,2.0412781576474117,4.159748605415643,10.004680584414473,6.677314504970127,5.485249640221355,10.08209289635738,12.127432076354808,7.4577948929492095,5.998880209414892,7.685785557308918,7.841181110488492,8.750993110169134,9.924291544698463,11.754422871075121,13.264859506993275,11.208137636111132,6.389831666382861,5.96274388885513,8.410242361841256,5.675472379411417,6.844217554767738,6.659060249971162,4.836764271567063,7.828345689882553,9.634624779067735,12.820874155438332,13.251803948410497,8.732308552187305,12.65688064516678,14.99099591923516,16.43371034355914,20.901424579611785,20.591726610339606,21.011772641045695,20.975845724111196,19.16889331464654,19.377911551426905,18.87146203915131,18.134413038477533,17.51118902838516,16.039633084569232,15.239398055043807,16.656136160421738,18.002734425500876,17.19148006493424,17.693984664976142,20.735825377889114,21.568029246693186,18.293244775982657,16.081989407298806,14.239605413014715,11.81984654324242,10.88659696007062,13.001237202197672,12.835864493099052,10.540418994408583,11.94416087323566,16.142767699679325,10.646161454891171,6.028959771370978,5.792659099814728,5.400181069273003,3.4728329599987546,3.974939090352109,5.75009589234719,6.258842759878917,6.760668707145896,10.6636216927742,8.171769507136332,5.2848942062735205,8.725738454832026,6.779971635062111,3.9172832527340233,3.011475905151883,2.273387930704075,0.4643944760061913,0.9000086439291408,0.7540198580920787,-0.7457664346056845,-1.1028070696977466,0.5315603167756535,2.1399811745335455,1.2981795134201093,-0.09194899571843962,2.26315378580216,5.608768098367818,5.1745489560487385,2.599879815944746,0.1690410786384291,-4.464729595744302,-0.5161144858566331,3.529130166408777,0.1778679747858405,-2.1749152413106003,1.3158395619354906,1.9505962607811398,0.6294279748999543,1.422695714843485,-1.11236213037364,0.13752295943118042,2.4109967277632904,2.228015939531815,2.17347852479611,3.4516669564393396,5.679217005622036,7.208542906931598,8.235075905159192,10.34346771564742,9.580588468513042,6.914510872806886,6.545423378740338,8.713552807573024,7.463019368990672,5.458853045854994,6.994012762225566,8.118475939244831,4.194047911935968,6.246778808943532,2.9623252731005323,-0.21090032978122508,3.337196198783431,0.9994259889429031,-0.48966432303041074,3.2697550023185613,7.513395016965433,7.328284805285421,6.68933111828278,6.045927278820727,5.803764768954807,6.666263958334866,8.027274323734673,7.709904929207823,6.3730184306122055,6.770264310471248,8.604693269475547,8.16620835863273,6.004721534106352,6.396828505751046,8.458113640762122,10.072043967433046,12.282730199496427,11.74145977785497,11.618378778419924,12.521986595143744,12.093862514829198,11.239073341611174,10.99525302961365,7.112253647334455,4.709982316089963,10.282918199877486,14.241189405758632,12.482777016409386,8.739278854449367,8.971234365314444,13.028220206449532,13.168930790520335,11.76204457893266,11.3659970169806,10.333167686253319,8.18201169189706,9.898146191678848,9.771325708758013,9.507319401479549,12.225103458868375,14.73347245515481,12.973421890496411,10.19099950264058,9.203296653867937,9.850230835796992,10.006142447840602,8.194418755951801,8.204376201250284,8.844007163226138,8.53214304468213,8.648918074957578,8.897341606740156,8.134169686419455,7.989717040963228,8.167905982360026,6.797889957220036,5.884431946925815,5.639630678852086,5.880259584899477,4.791194560348686,2.45757946714275,3.352741281854378,3.848078024361257,4.160385328485631,5.125965279180036,5.533817299264001,5.037503287242544,5.550106072612834,7.40548434831021,8.273311681946325,8.078815099803023,9.522245214893474,8.255450953443642,7.231366715235708,6.39657841825715,5.920937858921548,8.506522756484173,8.10437264045072,5.470091619361824,3.6393733233524017,3.2541120074232595,3.4731083009188524,4.726646882772457,4.894536010388265,3.897477023193005,5.03458873990985,7.700509609046094,5.311667126431075,3.6281159475306595,1.8389873450812502,-0.7267562280230777,-0.5203038699747822,2.868307535451663,1.423387075802566,1.6465775361684791,2.3096021257074426,0.7566936545451881,0.33849339325342953,0.84997847423449,3.14002003901021,3.287225472229693,1.7049796765713836,0.9551657611473274,-0.7993811869905585,-0.5812509809945823,0.700072624387758,3.9005535233250157,6.017879172791027,3.1306082217354287,2.773719615758182,2.207045503022755,1.337573516039697,0.8593394064586164,0.974801643734736,2.6619313067012627,3.2973810173369884,3.283926178302181,4.90825299533185,6.397599103580433,5.672255846596499,7.150804943792878,6.420162508295107,5.047895793616817,3.720223755005236,1.647290624168022,1.1545967061031206,2.9424590356104545,1.338819043749254,0.992845894676293,4.471738403822883,5.778486302960573,2.8905051462182882,3.93346430440738,3.9464239725701873,1.517150007089981,-0.6829739662296106,-0.6839804889248171,2.447727705784928,1.5622585623374334,1.5326079639912678,1.9221402901227975,1.199981485597732,3.0732333772866696,5.426365836124546,6.551563269473263,6.501202413151532,6.988364914228669,7.51574358605933,5.559053004099837,3.5869269141069253,6.705754853588019,9.186965063858224,8.289350838312998,6.55441939540151,5.05016638245047,4.853864135094682,3.5317981558271185,-0.4502714405887218,-0.9763163378825084,1.6115053199355316,-0.3382200823327821,1.748557546151801,5.19570853913865,2.69416848520882,2.089474504153827,5.919363153379891,4.3034189258764854,4.290791152384827,-0.43002800497708904,1.7708594368295962,4.297525639996138,2.6844747185342612,6.328820219984323,4.365895638283064,3.4057042446412424,5.277548190086463,2.232177038982286,-1.1025239415938586,3.1182492375298807,3.671684527388038,4.447701500783978,0.7964244414772566,-1.012345077167879,-0.40601015127276696,-1.677320300055385,-0.27051028104517627,-0.09030850020803882,1.6998312871993448,2.9417052434115476,1.674374985679151,-1.1335937683857082,-2.954980683451936,-0.46805957270430554,1.8685905323249017,3.2704674995184178,1.0701344395874912,-1.3266036763036482,0.020542879277059,-0.4890776227055085,-0.14526486255988402,-0.13814326856993375,0.120484481603512,-0.16674200411421225,-0.06183156734584827,2.516580183062615,3.5098436019608243,3.9697824253521503,3.8030784366939088,4.030548764652622,4.125952052117782,3.010373199080391,1.6545793101244044,0.09623172004603475,0.6394710903703071,-0.13128848950054817,-0.6623336777053055,0.6577894251860243,0.8862810218004142,-0.04343804788925354,1.1533713268372594,2.5683334523614576,2.068341074415457,1.8884507443974599,4.473069392809634,6.77282934724667,5.498250183308869,6.160632049312994,2.759372688283065,-0.11750772594541559,0.03457564593156803,-0.41333611532957093,-1.108207303524523,0.9856190670792557,1.096926187840836,-1.4067089031293563,-2.7732488281955057,-2.2658400372093865,0.20451029154696698,3.507640165513749,3.6382655013682097,4.185767392367211,6.530420122627788,6.52271240144114,6.75269527333694,7.39757733369936,7.62162704951777,10.417542323804469,8.739324008348149,7.991838612400329,9.801448353312935,10.535603516440574,9.233384266368375,8.430451745371215,9.715322617698348,11.93810938424042,11.958628164200604,12.10373489859569,13.497281402891986,17.740535274369904,20.91779498714402,20.03132599127605,20.94850394973514,22.50093592079554,24.679650696005865,25.073819348071424,26.443630989545,26.04420630762877,24.240038345161338,26.50554185696751,28.382206810586695,30.824667495660265,32.101764347984385,31.854893314638048,32.74784703486796,35.91231047024371,35.7702485106754,31.91238466187326,34.593196176741344,33.76198133569574,29.55022490123872,27.714835505768633,27.522179275879807,28.56949114871452,28.69857118029074,27.123958268896104,30.363594204679885,28.004265721645993,27.591679857281974,29.549775711930806,29.874450075985578,27.440380964549718,26.4891257295003,27.662202357582373,25.08806466319129,24.40993420231416,24.56363256119471,23.99474451008291,23.371081366772273,21.72135292848725,19.003832085033196,19.266389163453255,22.69788380134662,21.826285037797675,19.535211497571254,18.166897786866116,17.609230855234955,16.58920716366572,16.998494263786597,18.47271556783494,16.39602794444943,12.559019520466109,13.529010181555122,14.642178420766186,16.730245811841996,14.738335784619494,11.701230740442384,11.196436216196162,10.986271031768183,10.697798981152687,10.792799556591262,9.503070711796113,10.022384418855495,10.259172344081776,11.595864174986787,10.778169823164717,10.242288763280499,11.201702107024857,9.206254687953788,7.160526547578456,7.215373662252773,7.152083421184216,5.6840713982941224,6.084872081200615,6.215055521927638,5.008189210886826,5.512464040421946,6.210152433308053,4.886504776698189,5.609485680480702,5.115089051049267,4.8286392885365785,6.277205887035166,4.48065570933602,4.686638193635417,4.352091880843886,4.848322518991154,7.204472334958723,3.785681605952959,2.575742232482753,0.9258773771142614,0.4624564292141713,1.2818804238420398,-1.3968300212814029,-2.006082639279157,3.0816651887796525,7.537310902981972,7.038038256341906,6.151777318454833,6.586166927768886,3.2211475536479384,3.348524241214136,1.1786808150379784,3.8145178546802754,2.691455353084848,2.3154695623680936,3.385712735032598,2.4925112084395096,1.7516426415359092,1.3515162799541258,3.2970695144762203,2.7748191905753856,3.64382821073616,4.959326192150115,3.6491620165309087,1.5852148313791758,3.910359513029107,2.4208521269497396,4.616927839761502,8.700970013499841,5.716181861007385,10.343583107842278,4.593965857162971,9.51754988870755,12.092716143910934,7.730766975734014,9.793504016148574,10.355618749048404,10.100566327415322,8.842416103043888,8.400058195015959,11.531590822546946,10.300836462502616,6.841196516714376,7.178527411618063,7.069275709841122,6.13487749053445,8.33313287201446,7.177810597391044,8.177734728804694,7.497917575457905,6.084895286983624,9.614390274941229,11.022439283807557,7.4444799520879315,6.847095056279329,7.8776527612426435,8.597308388926137,7.784135418825485,6.75426189062739,6.126885133964436,3.732474996402402,1.9647636522716994,2.950698234686513,2.793483004503628,2.2739342321975755,3.319657459675568,1.3305480405144863,0.10994337913734853,4.6893301609753735,6.227239738199842,7.568482290923953,7.62683710309949,7.620770201830112,7.867227076144786,7.7394268670586825,6.17226395425439,6.413345566518842,6.959576411115904,4.665068805927945,3.2392505349890826,2.6577842673892746,3.470947826808697,6.051498019196401,5.925175922547169,6.954330896424722,8.167632508656652,7.437408078902763,5.986631082716201,5.057897054643377,6.253725246974284,4.227690314411916,3.449406325349287,4.895292345332564,4.125385259029599,1.6929770768133494,1.024223166049694,1.6035672990253715,2.0474111534174426,2.72285815084291,2.254793490599809,-0.02401215811221391,-0.27660744336981224,3.0198723104084024,4.5741160504204,1.1906986523457022,-0.5067747038291373,-0.6332548653904269,-3.3963085121644667,-4.012742880926112,-1.9033415947617414,-1.0847652986500407,-0.6164109214412292,-0.3658921918714668,-1.9117847537868329,-0.9077643884663757,3.204975428386035,2.929250452074541,0.98955580490599,2.396549646340304,2.1639417946940966,1.1457128247229775,1.5733150186165403,1.5763023506339664,2.9276002197337903,3.707171220760472,3.354779901891675,5.520334483557235,4.14652849523992,4.73647971907684,4.862275249114646,3.5591059537991327,1.8353982993327236,3.6738215600697117,6.447303615887222,7.280023199983248,2.283737746528516,0.9071790593479818,3.2928348174081066,4.791841290598313,6.90606073788382,4.767207233967497,4.3336543191963415,7.611596102118256,6.122485046978397,5.388749419362284,7.754319558153782,10.427535663752735,9.891944680658128,7.487202129756213,6.074691058363442,6.503067934998398,10.254472507429114,9.5787440684295,8.30701971345104,5.8962290371021595,8.437272971258096,8.548944924577427,8.91049278425703,10.357230477130884,9.497786468670824,13.47768394057914,13.054902400170022,11.623497887848828,10.166941642436711,9.688692754077067,11.716135077469175,9.797800180083811,11.725535108168515,14.35783631881634,15.247473998910323,14.52872935072179,14.939489229508808,13.375598022031795,12.25905218555539,13.37882071673721,13.898474657814631,15.24409592017389,14.406797984338255,14.245582210718283,14.839785433107238,16.415074847849553,19.670718462233026,19.107343726022293,18.846242625816387,20.539985755058296,19.14656174444167,17.36361171167721,17.49900435200692,16.76136346024896,17.33804032936814,18.085207818380468,20.27801288257615,22.347453940208595,23.539316200089615,23.464586493707543,21.64196414236892,21.794369753734316,19.28009774783027,21.124249447277634,20.17150432481253,20.043730902855543,21.096468782380043,20.277998479908092,18.47693653708069,19.599872321254395,18.785143840373507,20.387304183410663,20.753702412386474,20.75478735723209,18.803272618211395,19.797556975969087,20.366475563244194,19.610083456848486,20.329605571946104,18.62036276308345,22.03156179129968,19.322551598566008,18.52889352330743,19.533528563490222,16.236912954035404,18.461650634713976,18.12055388254356,16.810972923298323,20.46799420780667,16.5967098300182,16.34799230778617,18.098817235621425,18.213371708000807,20.583398382566543,18.138357822186094,20.217681675918413,20.92560080437721,16.648112845236255,15.735935023296918,16.346545593861606,17.196076023795456,16.392593401168597,13.903324471396388,15.533903764463275,16.99255231064609,13.348115807534555,16.445011983931806,16.42837744867336,15.994494627030917,16.525038588547886,15.359629580661874,18.47588668658807,14.463915246547174,14.09289590160904,12.774494418717325,15.24187784107312,14.365296895365645,11.278611623939867,11.608905730267566,10.930985178631033,7.32707054390653,7.530260214121768,8.026062733269328,8.640836722393772,6.9144409764961665,5.571059598368549,5.932013450531144,2.6517222036321755,2.2132487339470117,3.75047352367244,3.563017800477212,5.556673071279704,1.8723073909933419,4.175476979567122,5.6878902134697,4.940306565293724,3.4245750267333506,4.778845364983397,2.6361095340780025,3.2338206800887974,5.216108931570091,2.9952010175223904,3.2722330574445095,1.1384470724871676,-1.284275594984706,0.9618227483928194,-0.9658414935942687,1.1435232307985075,1.156449236318224,1.3020785866409028,2.5594006419069615,0.11025497384588334,1.4947877830127254,-0.13952441879735034,0.35165142018524875,2.3854463638810444,0.1882260601861958,-1.3063076557665454,-0.9451536512606822,-3.472209482227811,-1.388260320234508,1.2803998251357598,-1.320786899813811,2.725411073961311,2.420283801452058,2.07243307682711,0.6607790557424096,1.2428549678605805,0.7001685861413307,0.9127932330870294,2.9290455693863464,1.351044654682937,1.9137827908721192,0.33308710568223887,2.4213726702289478,2.4551963680222,3.448297457622459,4.600633213788967,4.118691328170257,1.693761278445038,3.2016414077668855,4.005281989522416,2.993633953496669,1.9908284930091327,5.609875896546896,0.48777306992059266,1.711253906781451,0.7949392148938728,3.9105541230845233,2.438228221701536,3.2751805537879477,2.3412434439543404,1.8859913209339538,3.165620693788867,2.3241452657944137,1.8302549373358374,0.3577480189618427,3.0256741030395915,2.1874272285832035,0.3094382414142842,0.6051775635338004,0.816161240295628,2.1325441725515475,0.14282712680278564,0.7539921016087305,2.616673424995952,4.518803933576351,2.9756111241692906,1.0549343464013532,1.2155123105411008,2.4037545198011117,0.8502805609209076,4.030491274405222,1.4362669079180819,3.757119142012016,4.595462345644023,2.993712953465547,1.520806715972185,2.673077765929122,2.1729648203488523,3.281419512529851,4.700463815114745,0.9918605835417225,1.945369029374433,2.6243993880374887,4.075149786355723,4.688514133636545,3.223427923858992,3.5863481548078084,4.1804356034870125,4.103644389437477,5.318216544235042,3.677598523075403,0.7449835637854676,2.5369031594793228,2.5255466877572417,3.816678711981922,3.094035955071206,3.107822043430758,2.7676946397660913,3.7798198850632616,0.2508458212729465,2.7221430127544295,4.3086598796417945,2.0580838276677014,4.174473902010618,4.084362086572696,3.2836006265190463,1.5675561290866256,3.696682763777261,2.513954074587218,5.21753732764131,6.321471730051741,5.895780464247423,4.882495357853628,3.3370967455974494,6.126084371417278,2.798071293002721,4.4656500579741305,4.57948666461337,3.246786581629408,2.9268666361888904,3.4908475299985184,4.646977357625076,2.171527546191328,1.5791113432785266,3.8556857734557184,4.149042420177636,2.219017769416496,4.290367936185476,1.6217385841038663,2.241077315918176,1.1798105761074282,0.4569591895348708,1.3570315339811998,2.3083652872343805,0.8006993585666748,2.721523280906183,0.6446515803530417,2.125801587026956,1.472185927910516,3.025547657054659,3.5833791930104724,2.2762414994302844,2.0150449130742345,2.4764618721796126,1.048269960158791,1.535360770590728,1.940837462149176,2.3290670780576193,2.1496245973386863,0.28338969774887346,1.4729056604414268,2.6014017733871526,4.670683227070754,3.595473042657204,3.4254577635007877,4.659008265791499,3.1913151515325353,3.670070998232802,0.984987717589803,3.3586015613254574,1.693716016646988,0.9941626772843506,1.6497592957208838,2.393127480101782,1.76603174000266,1.148981462873678,3.143204243351022,2.4331184791414557,3.1218129079280743,0.6612529772071696,0.7002422011999556,0.991526899096101,2.668270190178305,0.7413053826624889,1.0521845120781848,1.2804417175589151,1.5838367410273406,1.398876754955836,1.9598593007769125,1.5063460622618265,3.046087003758572,1.4381655571443446,1.219765435625277,1.6109315367158388,1.455243792204044,2.6358174952455613,2.8486797807763935,3.269975318002281,0.4954346729016379,1.9088892807443756,1.929143671788296,1.5659750857927577,1.1824473127668966,1.727927697059755,2.077595232353815,1.4288333293825417,3.1407836139715926,2.927949507539722,2.3030518908648787,-0.07972441467160252,-0.22143773791549393,1.655983409879525,1.6093602682868493,-0.28411560531992563,0.06185668256716781,1.4631493196457939,0.5283133204358705,0.8660673998219579,-1.1924118944004647,-0.2787166557301646,2.1744406250634256,-0.3065891145489843,1.6814979704592474,-0.9990831585982392,0.5677915932001838,1.8144305281057598,-0.03894001758916943,1.219376447878659,3.0946101269740893,1.9930988883100724,-0.38157849802399824,0.7683032672669583,-0.28093481994952185,3.224490927918623,2.1200472775696824,0.8375141498154619,0.25337340190040436,1.9302640338800074,-0.12564775784767335,0.5149149920027867,0.47750429634069746,0.949607541388616,1.2656694630795187,1.1166257912529716,-0.2041251022639301,1.0525645544120437,0.8750108137683128,1.9337653408092308,1.6445121593270073,3.6772075606751002,1.0411478817164266,1.4546592429604175,0.3899739108015865,-0.5615124806478633,2.50372945278923,1.0142285507482995,0.728614415674997,1.7170628742759675,1.3303054054940162,1.60400221060857,0.4560765414622665,1.4915318727980917,1.688799978477931,1.8102785476636711,1.80014305473874,0.8496848819258815,-0.018971333507977306,1.2224024763606707,-0.393868447865259,1.6182839931336872,2.130155186646718,2.0934618058883814,1.9231084824444196,2.165614323612999,-0.09211174097018215,1.40860719024559,1.0677300586470153,0.7198927887835112,-0.4476915920958504,0.12274956365155276,1.272318531127567,1.1536486400537456,2.4230733492672982,1.9906033704047275,2.2338852811935084,1.5194036561016162,2.96735836134539,1.5387846824896485,1.8745729550431633,2.221623797647979,1.1306172435397315,2.1431464949047694,1.7368626853013325,1.4434099590708058,1.905958776125857,0.8784430018430527,1.9625670019207746,-0.3086981611186985,1.1463320630718528,1.066640508002635,0.5176106493863415,-0.028834226736350388,1.4930020020976542,0.7368208097283571,1.8056719704025,1.3976674405440974,2.024433705482494,1.4833103065811315,0.9195217145959163,1.6167352451158195,-0.47736515458953477,1.498394596485923,0.04568097616177624,2.0247113378089665,3.2658492094295752,0.7877208560075815,2.8831145084225227,2.736580098566975,1.595037570314986,1.648193764292671,1.6426935330090089,1.302255233587232,1.8230930915960641,1.152588499742052,2.6723725463520225,2.1617431356461907,1.8883554485528862,2.2923650601775307,2.256256763528256,1.833695847474388,2.6503764890290427,1.35413318476526,2.181438471882359,2.344610089080362,0.7046014211732938,2.5134026058189534,0.9736567863869539,1.0130587347896096,1.9268644659055099,0.9549786359832808,1.651720686612265,0.9433658354660679,1.9766710076046365,1.5663007485948413,2.6868391451060916,2.1975060524705157,1.1518341066527,2.582924205311855,1.1946992744785234,2.1200141718321674,1.9975677517931274,2.018793031780234,2.198975368518063,0.8333758079650266,0.6829229007914108,2.5836946504629026,1.0969505717424965,1.1287451480745858,3.3288308733256144,1.8513088833703364,1.3306724372550889,1.6759507417077941,2.254234088650861,1.3433563157906008,1.4204689675388238,1.5637366375651993,1.7844673932150101,0.942296782178687,2.2218494925475625,1.3399728659861125,1.7578339377453958,2.017333862008769,0.04016869163919523,2.2069881351879133,1.4146925075409271,3.0553677549362703,1.715046520521355,1.0151996795045832,0.5265472031677589,1.3138542188411577,0.5224064310832333,2.477390536113745,1.8352347855777396,1.4926549641428437,3.141338139017705,1.4146025452840263,0.9631687528155339,1.9832283814320135,0.36578572929449393,1.2112527026378146,0.7324221525634016,1.3999756029928179,1.4702504799471967,1.6398802425458143,0.7944020114767341,1.9391647551587425,1.3095741252657263,0.9994874228169124,1.8914886245145226,1.1173300031079592,1.3248464058697778,0.9748646642868266,1.7002810269218003,0.8689846258078546,2.8040608035655126,0.3693510415024548,2.019684699699944,2.101805468979876,1.5322543540649534,1.0983492796241308,1.5851954926869212,1.0753605938264172,0.8077383190418459,1.7788631354189874,1.7438639422095505,0.9727925564818065,0.337934507636362,2.005097108897985,0.8543019646493235,-0.038411302242820966,1.691574879105481,1.8183900260120254,1.1403448526039597,1.2027172068432037,1.0074155294442448,2.354245479717008,2.7658710451850084,1.1647629542653704,2.654265529637989,1.892986496793469,2.5414177762449484,0.7385247625368834,1.7145315987576737,1.4727984930588036,1.5269203149024975,2.0653651385214786,1.7282610417066735,1.3215150094817503,2.3533768411048754,1.2489586914757709,-0.12154771637699469,1.6304322418021684,1.3800619180056515,1.4418546293562144,1.3351232070698984,1.4677034399842341,1.5624792011974975,2.195727771725558,1.9989020575862853,1.7330628995213715,2.04327362392916,1.6538248314116117,2.0320031340633022,2.0355979082839255,1.384615276735758,1.2774165662360133,2.3095149121617737,1.2103058447316357,0.19634820691391042,1.4670708225749536,1.5990425411123397,2.1414005771793008,0.4812508118185974,0.48200964191334705,1.0271682605816217,0.8105396206020181,1.4723820371240244,1.659955621074289,1.9426947898766116,1.1761170163947021,1.4192670297844074,1.425838184265384,1.2797391462322594,2.7658061738708284,1.6039320837943478,1.4288482069288726,2.010549156800664,0.7507241977523336,1.3531692503713657,0.9553540188153988,0.43592849184682336,0.46235138532466635,-0.2889083135434021,1.2575345807218845,0.7691167588115491,1.1707439629096825,1.4987186478393824,-0.350614276629301,1.4356415393680777,1.654841025419671,1.0332806942340689,1.3526310385436204,0.4263960964339617,0.8170726906497485,0.33585106748222415,0.03789035513847239,1.4372653586896718,0.7233247746816005,1.4653247639659526,0.4219478371812784,1.197550873204193,0.4135061658697623,0.5732507085940597,1.3294333369875062,0.9333375491838183,0.9952097230690242,0.34059384216976696,0.669301368617198,1.4702119525283592,1.1478050000887379,1.6217785052033946,1.026193445142102,2.1802855770128566,0.03593139392750899,1.7235025780738056,1.5173908886127947,1.8164176151138918,0.33925481703823834,2.16749894801103,-0.10389927081530459,1.1089251547077765,0.9212580013603429,0.9956299606645871,0.2959231792581818,1.6046060537030336,0.6036058361618775,0.8259505399676073,0.5524184003800201,0.6853800917314743,1.7076095610544808,1.0515247755883497,0.32069278565722925,1.4128127690986485,0.5498398149792951,0.5355693862212547,0.9154074178013047,0.246852381471113,0.4763634957597578,1.5365220858585644,1.0211700341810133,1.1950780245664987,1.4457297277266417,0.8566631534835114,0.24861404306272838,-0.13834944370387348,1.28502867910629,1.1219332267920095,-1.0820749770711018,0.7699268165580975,0.2159655140869745,1.1722217458942623,0.4135463554425787,0.04633208404766265,1.195052343035682,0.29080590531026473,0.028877329726356038,-0.3588010573108722,-0.22463798147833813,0.16205693421477463,0.7179189405164266,0.04748762987929922,0.23280439216580362,0.013282133485690295,0.18009727121403785,0.2697331900866402,0.9731618203671815,1.046200150490165,0.20690433701565958,0.8932334241321787,0.31284076364590874,0.541205126157422,0.5738120029974425,0.9119260977334989,-0.17776226138033735,1.0558054869970874,-0.6117341488127881,1.1730607530348038,0.3894630988367016,1.5269814640213326,1.0834747573854884,1.2988137589533153,0.23598639656620435,0.8687623285351833,1.3090032305884733,-0.09969693995299167,1.3309364294641455,0.8612185425797065,1.4711423951499683,1.1800285182692392,0.9176940076484925,1.3509553527146068,1.7302442541646883,0.5059081635255893,0.6380714283915818,1.2621045844746277,0.3357743820609471,1.3677879588369137,0.5650545520903147,0.8995389187631968,0.858030626540538,2.1066690524453975,1.0945887116965878,0.5438130461142228,1.3931336528297038,1.7404807540978595,1.456645913572686,0.3297693825546162,1.5192957787031691,0.9212877286930166,0.9219076141907863,0.9495731263455696,0.9773567103071059,1.0042248813067545,1.030117758317374,1.05504497811404,1.0790227501803429,1.1020671784950196,1.1241942591349812,1.145419877969971,1.1657598084505025,1.1852297094850996,1.2038451234066088,1.221621474024687,1.2385740647644639,1.2547180768891621,1.2700685678045716,1.2846404694445823,1.2984485867362991,1.3115075961426896,1.3238320442819145,1.3354363466214636,1.3463347862455635,1.3565415126946618,1.3660705408758531,1.3749357500418569,1.383150882838379,1.3907295444175816,1.3976852016164116,1.4040311821987643,1.409780674159947,1.4149467250923635,1.4195422416099177,1.423579988831932,1.4270725899236822,1.4300325256924111,1.4324721342382531,1.4344036106580802,1.435839006801416,1.4367902310775094,1.437269048311748,1.4372870796502752,1.4368558025123548,1.4359865505884954,1.4346905138837656,1.4329787388042519,1.4308621282870604,1.4283514419714152,1.4254572964101726,1.4221901653207283,1.4185603798751458,1.4145781290259833,1.410253459870205,1.405596278046687,1.4006163481690237,1.3953232942913019,1.3897266004060498,1.3838356109736196,1.3776595314815836,1.3712074290341434,1.364488232969336,1.3575107355042064,1.3502835924070382,1.3428153236949356,1.3351143143565878,1.3271888150991344,1.3190469431180532,1.310696682890125,1.3021458869874323,1.2934022769120475,1.2844734439515832,1.2753668500534445,1.2660898287175542,1.2566495859071551,1.2470532009766657,1.2373076276156212,1.227419694808077,1.2173961078077582,1.2072434491262811,1.1969681795357587,1.186576639083853,1.176075048121504,1.1654695083421416,1.1547660038315257,1.1439704021283887,1.1330884552950806,1.1221258009966277,1.1110879635891706,1.099980355215962,1.0888082769117773,1.0775769197128966,1.0662913657747026,1.0549565894949637,1.0435774586421758,1.0321587354894746,1.0207050779521865,1.0092210407296989,0.9977110764510257,0.9861795368228741,0.9746306737806663,0.9630686406420068,0.951497493261229,0.9399211911859879,0.9283435988141377,0.9167684865512911,0.905199531968492,0.8936403209598893,0.882094348899841,0.8705650217985408,0.8590556574568495,0.8475694866190224,0.8361096541238453,0.8246792200532695,0.8132811608780344,0.8019183706007311,0.7905936618958549,0.7793097672461613,0.7680693400748169,0.7568749558741388,0.7457291133294461,0.7346342354388185,0.7235926706270561,0.7126066938557187,0.7016785077270242,0.6908102435827459,0.6800039625967997,0.6692616568619769,0.6585852504707077,0.6479766005893453,0.6374374985255713,0.6269696707894354,0.616574780147289,0.6062544266685563,0.596010148765231,0.5858434242237536,0.575755671229615,0.5657482493838302,0.5558224607120223,0.5459795506648106,0.5362207091101823,0.5265470713183049,0.5169597189370734,0.5074596809596983,0.4980479346830293,0.4887254066582045,0.47949297363123833,0.4703514634757653,0.46130165611606344,0.4523442844411534,0.4434800352099728,0.4347095499467173,0.42603342582793857,0.4174522165588428,0.40896643324146,0.4005765452326955,0.39228298099283165,0.38408612892425253,0.37598633820113037,0.3679839195887098,0.36007914625389503,0.35227225456492306,0.3445634448821693,0.33695288233872134,0.3294406976113464,0.3220269876815678,0.3147118165867937,0.3074952161615556,0.3003771867692535,0.29335769802383993,0.2864366895017838,0.2796140714435751,0.27288972544630496,0.266263505145389,0.2597352368877637,0.25330472039388496,0.24697172941080225,0.24073601235500064,0.23459729294609133,0.22855527082981553,0.22260962219178282,0.21676000036228515,0.21100603641076532,0.2053473397307357,0.19978349861503375,0.1943140808216981,0.1889386341304089,0.18365668688966252,0.17846774855405556,0.17337131021241703,0.168366845107073,0.16345380914304997,0.158631641388979,0.1538997645678819,0.14925758553977175,0.14470449577464706,0.1402398718165614,0.13586307573928025,0.13157345559233136,0.12737034583881268,0.12325306778433287,0.11922092999742517,0.11527322872120749,0.11140924827651588,0.10762826145690951,0.10392952991492166,0.10031230454001161,0.0967758258288427,0.09331932424669276,0.08994202058147494,0.08664312628906146,0.08342184383099038,0.0802773670041006,0.07720888126323189,0.07421556403528484,0.07129658502640268,0.0684511065213087,0.06567828367519724,0.06297726479817811,0.06034719163250202,0.057787199622623575,0.05529641817832953,0.052873970930590986,0.05051897598087862,0.04823054614348621,0.046007789180521286,0.0438498080314389,0.04175570103461723,0.03972456214358999,0.03775548113645755,0.035847543818761096,0.033999832220615644,0.032211424787419674,0.030481396564482566,0.028808819376081374,0.027192761997810067,0.025632290324608675,0.024126467532198603,0.022674354232833593,0.02127500862610532,0.019927486644292003,0.01863084209196586,0.017384126781166742,0.0161863906604367,0.015036681939875507,0.013934047211364486,0.012877531562651257,0.011866178688421769,0.010899030995574321,0.009975129704002939,0.009093514943742775,0.008253225847568046,0.00745330063818983,0.006692776713407511,0.005970690725632721,0.005286078658230053,0.004637975897026081,0.004025417299430956,0.003447437259239905,0.002903069767398847,0.0023913484699846776,0.001911306722831796,0.0014619776424638076,0.0010423754234807348,0.0006514997868976025,0.00028834013448886253,-4.81205818800845e-05,-0.0003589022650771767,-0.000645024341338285,-0.0009075026839582279,-0.0011473467802716186,-0.0013655571334538763,-0.0015631228878305592,-0.0017410196687706048,-0.0019002076268179735,-0.0020416296765120023,-0.002166209920574147,-0.002274852249286141,-0.0023684391076699285,-0.002447830419669117,-0.0025138626612033477,-0.00256734807481962,-0.0026090740159361303,-0.0026398024231184536,-0.0026602694051121034,-0.0026711849365028684,-0.0026732326550700236,-0.0026670697540112087,-0.0026533269611377364,-0.0026326086009476057,-0.0026054927289465013,-0.0025725313383304638,-0.002534250627604706,-0.002491151327603802,-0.0024437090800688566,-0.0023923748648826404,-0.0023375754691983275,-0.002279713995505972,-0.0022191704040892546,-0.0021563020861208315,-0.0020914444625645956,-0.00202491160689533,-0.0019569968874861843,-0.0018879736259123092,-0.0018180957696358746,-0.0017475985750365908,-0.0016766992994803331,-0.0016055978990721087,-0.0015344777308428093,-0.0014635062564707368,-0.0013928357461168162,-0.0013226039812934687,-0.0012529349543797252,-0.0011839395641004558,-0.0011157163051507268,-0.0010483519512263229,-0.0009819222304372488,-0.0009164924922515638,-0.0008521183650032071,-0.0007888464035659126,-0.0007267147270795249,-0.0006657536448528845,-0.0006059862714664632,-0.0005474291309610635,-0.0004900927477251571,-0.00043398222669566167,-0.0003790978209963214,-0.0003254354870705356,-0.00027298742861603387,-0.0002217426276729384,-0.00017168736366102166,-0.00012280789405849646,-7.509045917686308e-05,-2.8521287163130182e-05,1.6913401395868277e-05,6.122738852809562e-05,0.000104434454613056,0.00014654837372063412,0.00018758290963205582,0.00022755181123557122,0.0002664688088316325,0.0003043476099833242,0.0003412018954236373,0.00037704531558802046,0.0004118914865784973,0.0004457539869235916,0.0004786463539403485,0.000510582080551103,0.0005415746118728748,0.0005716373416930765,0.0006007836099684027,0.0006290266993005389,0.0006563798323213632,0.0006828561686234025,0.0007084688024860952,0.0007332307599199339,0.0007571549960516677,0.0007802543927937222,0.0008025417560588721,0.000824029813998095,0.0008447312143857744,0.0008646585225164927,0.0008838242191018253,0.0009022406983945075,0.0009199202661420713,0.00093687513799523,0.0009531174378594187,0.000968659195791588,0.0009835123466359619,0.0009976887283187352,0.0010112000804838317,0.001024058043185505,0.0010362741551261934,0.0010478598521785898,0.0010588264669308955,0.001069185227095204,0.001078947254313789,0.0010881235634769837,0.0010967250615294688,0.0011047625467313082,0.0011122467076347675,0.0011191881224021927,0.0011255972578396722,0.001131484469226507,0.0011368599987804373,0.0011417339758281742,0.0011461164155548431,0.001150017219174515,0.0011534461731343981,0.0011564129487737773,0.0011589271020966407,0.0011609980734306191,0.0011626351872564555,0.0011638476520943186,0.0011646445601058986,0.0011650348874354677,0.0011650274935846028,0.0011646311215827154,0.0011638543977028348,0.0011627058316889816,0.0011611938168698543,0.0011593266304998906,0.0011571124334750493,0.0011545592706738717,0.001151675071525915,0.0011484676498980662,0.0011449447046061323,0.0011411138195285275,0.0011369824638336468,0.0011325579926051432,0.0011278476470693022,0.0011228585553908488,0.0011175977327866349,0.0011120720820372298,0.0011062883945669455,0.0011002533502733058,0.0010939735187207589,0.0010874553591406766,0.0010807052217387536,0.001073729347808694,0.0010665338706985494,0.0010591248165496836,0.0010515081048652064,0.001043689549192095,0.0010356748578601582,0.001027469634721001,0.001019079379886989,0.001010509490640743,0.001001765262515164,0.0009928518898618677,0.000983774466817522,0.0009745379880428118,0.0009651473498024643,0.00095560735098843,0.0009459226940293775,0.0009360979856865015,0.0009261377382472347,0.0009160463703210553,0.0009058282076352953,0.0008954874843993821,0.000885028344271177,0.000874454841550687,0.0008637709415211248,0.0008529805223815856,0.0008420873758723246,0.000831095208241095,0.0008200076416073898,0.0008088282149856241,0.0007975603851946289,0.0007862075281650505,0.0007747729401330616,0.0007632598385498568,0.0007516713635595806,0.0007400105787382927,0.0007282804726287395,0.0007164839595361627,0.0007046238808925409,0.0006927030061660844,0.0006807240346233812,0.0006686895962957351,0.0006566022531160343,0.0006444645002261495,0.0006322787670569596,0.0006200474186925931,0.0006077727567230795,0.0005954570209496524,0.0005831023898963394,0.0005707109828563262,0.0005582848608014501,0.0005458260274053828,0.0005333364305215582,0.0005208179634905719,0.0005082724662770488,0.0004957017266065122,0.00048310748167068596,0.0004704914190369891,0.0004578551780127782,0.0004452003509527458,0.00043252848411157174,0.00041984107929238235,0.0004071395948699319,0.00039442544749590525,0.0003817000130084125,0.00036896462773938765,0.00035622058987883065,0.0003434691606685192,0.0003307115657094073,0.00031794899592796355,0.00030518260922463014,0.0002924135317243781,0.000279642859084106,0.00026687165757266484,0.0002541009654919435,0.00024133179459795429,0.00022856513089664077,0.00021580193646286716,0.0002030431505204433,0.00019028969092005354,0.00017754245510559485,0.00016480232142157547,0.00015207015024998327,0.00013934678520399757,0.00012663305500382194,0.0001139297743861789,0.00010123774552539544,8.85577594544884e-05,7.589059697465927e-05,6.323702990584934e-05,5.059707876853281e-05,3.797013800976856e-05,2.5355101172408467e-05,1.2750485950618895e-05,1.5455890434168396e-07,-1.2434539598871197e-05,-2.5018670783083508e-05,-3.759957246529666e-05,-5.017873479573609e-05,-6.275727594129421e-05
19.396523470556076,19.342371461145603,17.158761945676588,14.054309214321961,12.73075938630052,11.891047360946914,10.156441725457569,8.117020913080296,7.3237082886843154,6.5943331437180746,6.087849525540491,5.834487677545724,3.9806271366869055,1.6040738584214296,0.5189310075656977,1.3176524186070537,2.197336649530257,1.7358194312424189,0.24463988819815086,-0.16964960099539894,0.08970717522680616,0.6075967700702449,1.605410854722777,1.315039086487559,-0.291791391388756,-1.655493459741706,-1.519669249343906,-1.2372795015826341,-1.3780057529634178,-0.7492187069402121,0.4289438135710384,1.3601795279197404,1.6875476848264839,2.1315915278532884,2.7255677548542963,2.839646913024694,2.1154836520028084,2.225890784727767,2.5719218793876735,1.9550514241593078,1.3010822633088424,0.524708647159855,0.7335873424119086,2.8905081199344522,2.3855983237224905,0.7957220692671854,1.2199905479528752,1.8176650180762408,2.5699975827317303,3.117633473794001,2.723959365357018,2.748766649048264,4.340084969489794,6.254189546036514,5.647867859347116,6.724751247083532,9.119531273136374,9.139262110171273,9.114312448588123,10.647144791423102,12.19568948028109,10.975200010802382,11.102326364136616,12.790214005944279,13.47179488930982,13.374463799624209,12.60848771025519,12.137647882124156,13.172001170772546,14.144198432820644,13.661510789719784,12.430390077407765,13.010192039108915,13.912053401571256,13.750411592476325,12.687828869003738,11.53277065430757,10.807781913305575,11.093511926388828,12.126675787701174,10.004461114847913,7.2767825842508955,8.063164467589274,9.937628599879417,9.129194789118174,6.0000300428989135,4.172706950036115,4.24990003840378,2.6717162799334346,-0.5071442725740098,0.3260015649481147,3.553159624248167,3.3285830189271906,-0.6571290571827149,1.544434756892315,2.5222562925475813,0.83327376970351,2.1306165623052493,0.16024843362669117,-0.7668035895572984,1.9412797398314297,2.1202217446015084,-0.10848784500387865,-0.7893751357636916,1.2445826911351787,1.0040747165853645,0.036929789599525975,0.8347937974546085,3.141815065140918,3.7025690802631743,2.7938270611663825,1.6129226000794006,0.6885793907075595,1.2499604185891826,2.74995296563867,3.909907323540267,4.2025162824203335,3.9331138429769226,4.261312150109802,5.207745904625824,4.667164371435092,5.47547840404809,6.0993356939463865,3.5637940295952717,4.054646673510547,4.374263680266381,4.279757130612779,7.990946187404745,6.776416675365226,2.8534230537163694,1.5729471313820795,1.6828820530379858,1.3548268607525529,0.9920088462747572,1.583867324074049,2.3785085016064613,2.3457181154412865,2.145772386953297,2.762250525601303,3.231221760642484,4.604776773624167,5.313668032346925,3.621075522648539,4.839250964625819,6.116169593220434,5.7166274485120425,6.182366980447341,4.956008973560529,4.535562998445755,6.220856977752931,6.456676876669235,5.623293878139862,5.226375247958117,5.731426556775432,5.970316377996426,5.263560172820576,4.452913039790758,4.660036777656273,5.274384487922134,3.3544151537458333,1.2829585687369445,2.5785863785637275,4.01380686817663,3.3775465216988323,1.9793002695290625,1.850852743374105,1.7328811992763349,3.4412885382708396,4.860886179511056,2.9081014089587143,2.9515704991435427,4.028416980613088,4.759687428601808,5.664194128783606,5.448950795160613,5.980669061643653,7.518699177404756,7.439975022064516,5.182159703842558,4.570794004929553,6.540610083831552,6.997439495490994,4.026861675945611,3.1938559962546833,5.2055523036978,3.9172124503876944,2.0407872210064966,2.32359688156248,3.645316230313142,3.10900850503117,2.993487311379681,2.519979274199045,2.902020289293148,6.542324467265075,5.494301429297138,2.9613540388234583,2.6607090727388822,2.47676830477144,5.3095887601566005,7.200004804343564,6.335548269869548,6.242342798568245,4.605874191687121,3.7403812883491696,5.279529957323973,6.295858984358915,4.05731067998255,4.306283512246978,7.447590094254565,6.912440313557511,5.932885598105258,6.361948364290583,6.961555464514731,6.052135312249845,5.020979638484164,3.3592003697738164,2.019334711826957,2.4077769563067477,1.7214180191147648,1.391126846859379,2.3101440401790683,2.911871193411912,2.075632521444561,2.645778803445012,4.038254849299506,4.358580399628806,6.064752818571833,5.864280753159505,4.584575808400814,5.051858817329503,5.587314754131512,6.041608068275423,5.933401918077038,4.796556611597111,3.6569972932440464,4.94515912581744,6.185867775557824,6.010576832158847,6.788166024539578,4.851961502046265,2.213633461770769,1.5412542034993635,1.8069729540925437,1.8848858077695922,2.481730279615192,2.5126177196626713,1.7439775891475051,5.6606534046840125,7.369802961613914,5.838690911088236,6.380406362590463,8.152672851500597,7.294902728282864,5.677647664853225,6.504191757933995,7.889103936873539,8.155662197397874,8.168739205307133,9.223504662397715,10.703414807107379,10.254254057086484,7.640061374877803,6.009487734708159,7.593824948360918,8.052342742295878,8.301115503512165,7.927420427055949,6.561868838799342,7.715961164450732,8.012067534859568,8.527910092482443,9.165917209819384,5.416437549157308,3.203412606191364,4.76987513184838,6.03103773249461,4.005994373446754,5.310487586839599,5.613390607723886,3.940967497523843,4.07421198093374,5.26802485925441,4.434685676755862,3.0591052868436464,2.147647956876426,-0.05095174622908871,1.1441999535074956,4.795070334535467,5.830600437837404,2.8941778463730543,2.7285242768391527,2.4279846916706447,2.198567598809859,2.944096204806499,1.0056798733068035,0.6069349977661886,1.4096492577906474,2.451922528151954,4.232242726250831,3.352399526248746,0.4013647962705704,-1.8402395401739113,-1.789453953226655,-0.5179942981741306,0.877416871229002,0.61845202195002,-0.3923387812390047,0.7301078923233604,2.328561994171025,2.424016059077303,2.663866197553034,3.7036869886450177,1.6502246200134323,0.5399429265278854,1.8774757440510825,3.2941048036702796,2.4197078401315366,0.9322579618952886,2.944450935841928,4.940686537188526,2.1222221568634154,-0.8201223199928336,2.396910523678912,4.567694622586316,1.9548959080739223,0.23957585081063826,0.7519656478509091,4.52740511486985,5.803718123205499,3.732332827783466,6.669480269954079,8.802720463537867,5.94211031400107,4.412934118022008,7.2479035565838785,2.758263804923274,1.9559734248146015,4.089868143612193,5.109131393463599,7.03054263307655,6.572418896183308,5.034222753696326,4.604423687645294,4.583764846559802,3.5513092310266074,5.955961912553562,6.6454618360329505,6.842455798026549,8.951261073128308,4.925113929420661,5.889948714469369,7.509388492313519,5.291110913778084,4.054926667812197,3.2040809728470094,3.056399940649726,3.2395543332822854,4.411182868885419,6.538646842035121,4.24726609056404,4.561194026955832,7.651525777639449,9.081628962143157,9.733107739529942,8.605912528668682,6.153606056367721,6.355995306031502,9.353531176953936,8.579785270720095,7.896886603171481,6.293489211076974,5.127356448939281,6.846857731364935,7.507814352803166,8.118286913251893,7.513025935755536,6.534563113951947,7.414955757363828,8.311248315026319,9.751517209322742,8.236768939714864,5.766086423090883,6.843587153052681,5.8602593844843796,6.418913197677057,7.109113457989508,7.248360179905035,8.285744463870401,6.404304439402949,7.165831069554713,7.659000663275606,6.5399631781666585,7.019646858663464,5.107136033486427,5.54857487626623,5.852039422966641,4.333832693756904,4.7866975532894,6.545368620333534,5.735443072098519,5.00552768516269,5.768968652794797,5.741937595444824,5.712230312525662,4.432821472615217,4.49570494845932,4.6281280757717695,2.3987989223363684,2.879019087264851,4.19151204892961,3.241380148191922,1.623910853636687,3.2052958507264293,6.4192315453452125,3.7739074310505316,3.7836769102580092,6.119173525570545,4.331462570129531,3.0568748384404216,4.616555144987274,4.760206348176212,3.893262045929646,4.148877528118078,3.7921657030983624,2.887311329964632,2.3185061128132247,2.6466382443534826,2.928292706928005,2.8498149604033074,4.37864758392584,2.6593568950980853,2.725394271704431,4.252911020906197,2.5639932359190993,2.547651633495775,1.659119818520935,2.7073909067390787,2.6306387561858173,0.6092244541578111,2.7660747428565173,0.8808851023891293,-0.5780811485104209,0.7966482051785988,1.1234580839019372,-0.7577090543718441,0.6530622805112785,0.987012218696691,0.340712856273683,0.9304566496145981,2.6379718120363123,3.6655736220128006,2.390015570783703,0.7445083025623944,9.611664078029378,21.163890005289545,24.059035346515543,39.48824192522545,16.73795555551817,-0.40733502233138097,4.09320491440576,0.5306887792786483,1.3855911487814865,2.750050364698893,2.202807413459709,1.0557878209406226,0.3350892560191596,0.4374147507439261,2.26618117084206,2.013074381267984,1.614866690279996,2.2882374313913942,1.7461731496757693,-0.624847406976528,-1.1412265246673314,-1.1460021492123929,-1.3845751958627375,0.04869625969229219,2.5328565209330236,2.2630509606884743,3.0173714758462893,2.6793479694104576,1.9595364098356072,2.8865772144383754,3.8427482998940263,2.6054383782047807,2.2949923200666262,3.11091733328783,2.9479718610212444,1.6921554904059803,1.2714902188622546,1.8604578355320882,3.5946911254553697,5.449910578251377,5.325176167820132,4.422281698070719,4.880245782191423,2.763745770829928,2.5564038391093504,3.762715909215842,4.007447423085864,3.253467694430981,2.5053021303589276,2.192738263802312,3.099719871304501,4.16012337146276,2.4479921092308814,0.5487215526126192,2.398262344734462,0.5203641461163215,1.640894297374075,0.2336448917742473,-0.21276059853698825,3.352740240065714,2.3523972302718335,0.3767032677001225,0.7105785029641538,2.01678118377248,2.6082770063073895,2.424008027572768,2.0882798132762446,2.1586252257873184,2.723247084662944,3.243822114691568,1.8896073347430047,1.1896616853988462,3.2064911839047454,2.2380448437747873,0.12636925826438983,-1.1521508242692562,-0.3895632852933204,1.246912294549361,2.213229136604923,2.3667075250284597,-0.12194746758240171,-2.157439940847439,-2.156069466794179,-0.9055437021540911,-0.6046207359145228,-0.8538441257740033,1.844209982095549,0.3295642266101595,1.3003343239838614,0.49311862348986324,-1.5450598509446536,0.7244600588895764,-0.12229167708090927,0.12410717260900128,1.9593044153463097,2.0491443793102917,-0.5119094184842652,-1.3445731092965616,1.2550882396109273,1.0601451867031528,2.200601758685707,4.30771309695308,2.019692130651947,-0.5552779387170972,1.183692187205338,1.3613925677020688,1.511579208140006,1.9561549504029472,-0.42780173353321516,0.7701126280043127,1.5739226852851402,-1.6842110021044618,4.232229878185649,4.923763466491664,2.020936776801477,0.5923151295550042,2.277172871614084,2.267305042562157,-0.371775284015996,2.3658133910779497,3.0651188452735596,1.413178365513204,0.5844862076177151,1.17589976734007,0.8282827296411597,-0.36376598654601366,1.2236188123056309,2.7574272588967688,0.4066330061444887,-0.2690129808862025,1.4833859741594324,0.5818293085210939,-0.7881055639003307,2.5173496305819754,1.426638936649681,3.357341889437066,5.049425576727117,4.5826699829902395,4.434956394395044,5.310087269702535,6.3100274659748266,6.761503272156233,8.404692494625465,9.027074509704903,8.82597892746628,9.490525226758166,9.854576876878468,9.612836241822265,11.453992737236717,10.493065383891462,12.828256871610165,13.733183879972387,15.252091688544397,17.9789678559178,18.276505690865747,19.400371557780204,18.06234571605893,20.489373721390507,23.111219147447855,22.62363472990404,22.67628935034162,26.128596942432637,29.221896662454697,29.23542788585695,30.90139947800833,30.94563920690689,29.61057331291073,31.055372988689044,32.6173375693694,32.15601059899507,32.77681248682893,31.607865504657354,29.81195661533576,32.05037425960484,31.411741543493918,29.616605858229377,29.228132303472705,28.538273300427818,28.890949783032397,30.007155026709142,28.877502220520455,28.027361074297346,29.696179220667602,29.909931030538587,29.007759291918433,29.564185881900357,28.57575736469221,26.442551283630223,28.99304808619354,24.618317128340436,24.47797955422459,24.237788079371114,24.357865530100696,25.637596224970935,24.33617039636249,23.439124589849143,21.025224118559777,23.333327166554454,20.779169698183352,20.991620110089116,20.878414349903437,18.305995982893137,18.166197111483143,18.018023300467917,15.550055934740726,16.645180017314487,17.320922550883893,14.927419957610141,14.805590618968267,13.484553327988465,13.182725934250811,13.914026647864773,11.19005302472965,12.30471934457637,12.211454148990015,11.103308772521245,12.039300125450325,8.705976966711205,7.395691294667131,8.814856737083801,8.466303418485552,7.548478257692636,5.321625422597776,4.724485640699186,5.092588658113698,4.018360721165834,5.036671414577427,4.792161649750085,3.727323396918109,3.9384872584279265,3.1686204267843436,1.979903567830661,3.0387345598451816,3.6410582022563176,3.2704410609317165,3.5060609098988493,3.2251908992661242,1.9828382035359482,1.0144295965666288,1.6162131871361112,2.0559640821884386,2.220567334468285,3.801076492295749,-0.9461780184564077,-1.0218241598356599,-0.6039402435239936,1.360850847356005,0.778654376658551,-0.32754220362829756,1.77255438882122,2.7384704153287203,0.23446218456979295,-0.22548282331450764,2.811007858136236,0.44166415227169864,3.602472537278345,3.6482732069418944,2.1640390514414776,1.7593092465194786,3.7935006812019765,5.584739785381203,2.970653342021137,1.9117313451428686,4.999536489749403,3.5063563773267106,5.471659505891637,7.032905966184785,7.02012121974974,5.13723139202682,1.0497097580069976,5.2962590594266885,9.02785610297326,6.657989372739507,8.54408565901673,6.805808635125459,6.888901442243252,3.499970798779202,6.859325126830527,7.946397254356725,9.251941344869238,7.786547193021079,10.35239912725524,12.796297396579007,10.884383255775447,9.657729541325693,8.815275432913381,9.61659757218365,9.625348867691287,8.423003531956795,7.013733789574985,8.04975179432472,8.446971391189777,9.74969307135052,9.295826100430872,10.175476034710414,11.915911807526527,10.390257047560056,9.316543859869057,11.49996151361114,12.250581158789316,10.19884633056671,11.77088415350147,11.062376396329682,10.106717273745858,9.189344571941206,9.942832517607428,7.807646264204664,8.511084687706841,9.775196859885796,6.932504634217366,5.68619539056391,6.677688237412383,6.134644390411381,5.79561917283138,6.044492001509525,5.573735463721221,5.363449716120726,5.819546125566944,3.533024633901789,3.5237176088252227,6.268824008094214,5.180631548421957,5.999552319639292,5.737940032185975,5.737218841468177,6.711584545895107,4.921741159216765,4.612156672461936,1.5599829106572543,2.7004522923013496,3.435349814269273,2.6899282209690796,3.0634206261644863,3.1572266226733063,2.582816297752345,1.0550529776234043,2.41749235717964,2.6655454945589554,1.4473026495095382,0.6148638249903797,1.217716574542976,0.5292558609254456,-1.1138300178444638,0.3301032380130664,1.0338755059760274,1.6639284566841752,4.5746919386394325,1.1140343546541658,-1.7586651194598062,1.3877133033623181,-1.145087710280336,-1.5379000954504818,-3.7007009449831685,-0.6086987085338933,0.41112816055635903,-0.6656720129832934,-0.07680778147380352,0.27354550424479385,-0.06721814275476845,-0.5012591801137773,-0.7247132300920498,-0.9181164700615341,-1.0393721703115943,0.5780761718155532,2.090846618293085,0.7796416459428883,-0.5828626005445017,-0.9643770173335611,0.003361287329255447,2.362483395108029,1.9059748795179985,2.1222251305607642,1.5445147050619994,1.7370077366876444,0.9865244546519989,0.17842617423434604,1.7323758698736924,3.4436468497293617,3.990446819035469,2.8664433437395473,0.6521871356662245,0.2503721746836618,2.0384543383316327,3.7565908951287383,3.5245775816231344,2.717062053625739,3.3312502082397373,3.187193129846605,3.7160865892337256,4.953984436907035,4.192738491607258,5.076189822770743,4.518595340325135,6.327155782517025,5.934285058780006,6.33199727591068,6.502265664073548,6.945922683515164,7.145977878630049,8.012075841408148,6.766116308616688,7.562706956049624,8.056607370779773,9.005512174625323,7.700745554837226,7.344519469989962,7.435828555849525,7.270999477401574,9.856715822064587,7.4167930185165005,8.123531837888663,8.602387827211146,9.441553758270402,9.181400497691982,11.727654413258847,11.351244812035645,12.073191381055778,11.15950778941584,10.892228227409134,12.912547146330894,14.96053486137879,13.350265523448627,10.441679707305127,12.007131203467338,13.538790873520782,13.62144922794738,15.011770423349674,14.63221925613874,13.751419910220363,12.74163280159081,12.079273465245024,13.951235898342816,12.996439257304303,15.519084506550655,16.436072726875295,14.866573954975195,16.4350361249559,16.923071211609255,16.98002636262993,17.191923058795737,18.52545735241324,17.581295744565637,15.681935159180682,16.058134922212872,17.114816609782963,17.03100907891661,16.668814426329902,18.22147928587222,17.175949796386703,16.282109727693353,16.74696393475176,17.83858131813855,17.45021220920262,16.428718436685216,16.015613404618193,15.56813153041196,16.769341811556217,16.94754484302439,16.809549064339905,13.469418300350014,14.373886814087712,14.866873800940795,15.028136862658897,16.09142381352251,13.470900886873807,15.505812052615568,15.125701447232416,13.9921673206901,14.371252821517373,15.261604679494667,15.716082664816525,14.70984726761057,16.032174838036894,15.452839522848961,14.465612889020207,14.493921940662005,13.500605687473012,14.322479350892365,13.999573355033135,11.97439777086197,12.974052944192948,11.407446495080023,11.825422002031274,11.32508655124758,10.511282252442385,10.257069076960988,11.467808801465935,12.16510363199086,9.312113465679289,10.184466465586212,10.02159601589912,8.46439322259306,10.316864644561832,8.724751834103586,8.565194847962744,10.163834457322821,9.827786406925838,7.760375141927312,7.573874930368191,5.409749327728349,4.302542797139438,3.756861516617363,4.93803205911928,5.2474340887128506,4.092107786404881,2.427981968614887,1.5608232993876925,2.77653125661044,4.693097447244327,2.9965826586050355,0.8885501383863357,3.4966797779827914,2.551663464895114,2.9994026978934585,3.1845108787847494,0.37004288189660883,0.1433940834181726,0.5571240071043349,2.005772142839618,1.3533756054599735,0.6773959918413368,0.22079158969421542,-0.48629371206544647,-0.2061507389835242,-0.8027042962435189,0.9068910403400423,-1.5390883846421275,-0.5544689784210846,-0.1214670626201837,-1.123141858291774,-0.44604564665957014,0.3592789453134344,0.711394658664517,1.2966864641280438,-0.07838932756814643,-0.6273350314586992,-0.24381270898481944,-0.1222136846037074,-0.69597105847987,-0.2808561984014375,2.095604943347581,0.2354942974986045,1.3038696594413182,0.5778188303128218,0.4691035531289174,0.7096301664438158,1.6099945370967248,-0.3040280956768697,-0.14238958235162613,2.4380862364758116,2.205457911311072,1.1825902674056863,3.7248521819265363,1.5878809684688804,1.8461154480255573,1.9925581255747886,2.105111223826981,2.613162972291434,0.9522049055913158,2.8180584972288614,4.693074666501275,4.245852830196981,5.060870231695304,5.34081352865752,5.953987769142117,7.2646386292358045,9.601412434743509,7.49289069809231,7.465609293833779,4.2175358423474165,4.34316736881911,4.695026599728038,4.724528039150556,3.608152860332382,0.9014863783242788,1.7420227270490614,2.4688245537966225,2.5833078472796274,1.8991594674922396,1.4662262944182487,-0.282740929140175,1.2016465765902353,1.613769404189867,3.3738991393557,3.073648148790568,1.6375142039948685,2.9302108335573394,2.030700059541857,2.1342918775928013,0.7916732775501032,0.24438796941831242,0.33538949614398916,1.4458546428365082,0.6475119188787062,3.7308702066461876,3.2423129575523433,0.901257917892309,1.6649917724252816,2.275347014222092,1.2338147833310131,1.770844122148418,0.4449173969547928,0.9513270996806114,0.9115283974911392,3.158569990348667,2.1300384509297317,2.1843879559758363,1.210452718248007,1.3360498863654584,0.945206815050426,1.8059381521780722,2.203439847587248,-0.5903369583833182,1.8450114130502016,1.7507257838356622,1.6642198871228686,1.6306587458328465,2.1936660787692404,1.7944637082715076,2.6875514355545818,2.3967770269183006,2.397709171313579,2.6613081637168534,3.39126111011484,3.611307950949339,3.325153497497041,2.566058474317913,2.9803661591987236,3.1827575860157253,2.8576156390459744,2.7864908530409025,3.0914180961309228,2.718925366000434,1.590195502559311,1.2170940572232212,2.0142116421149012,1.2441612085852398,1.951400599337319,2.326032674259693,3.1264126615774614,-0.018498974337603613,0.8472995442216416,2.0643621800552694,1.3257360973662742,2.5802818525541795,3.233372320616894,2.1047935706723706,1.4167666512359176,1.4330468241714698,1.728760059275828,1.155094194759613,1.0126997865826013,0.7803736374998778,0.3109664040744917,2.0274580593634823,1.3598781058740599,3.4081929771568014,1.562835279368045,1.970584934095001,1.9076925318365454,1.4887721134940932,2.1232220750982265,2.855267323958401,1.7402562122886707,1.9749552638074448,1.8375593560396055,0.4281549536824514,1.1638983450016127,-0.0854251351973403,1.3249407398020878,1.719120107854934,0.9649076286190876,1.69891187675438,3.851137326523755,2.6480207774161215,3.3853345813065943,2.071916926342425,2.740546702176445,2.7956838046486467,-0.1550718856664446,10.349898397276235,6.625227039694423,0.561930890862925,1.2615745384127592,1.908730326281784,-0.3793360463042603,0.6022874133823279,2.198866795293,2.595092262451118,1.9340582990090525,2.941119261445891,2.6131365760184764,2.8405260623717083,0.5262765210243856,0.6539810216653024,1.8926192390704983,-0.22855394882748215,0.8914553434193948,0.783750380642374,0.047458020167823634,0.5689746332322159,1.6928417279277426,1.3295645005662635,1.8799739059099494,1.5219774869558478,0.5258898252661766,0.3784560142679254,1.063369336986625,0.9607616372349952,0.28158282875835994,0.723606764870425,0.5531421218008177,1.6707519589848516,0.6077823615983533,1.8876370480349323,1.2205482891912283,1.0664201032352167,1.9823319844247465,0.5409196558247515,0.8322060324037892,0.40223814496033583,0.46089655923628925,0.9360030849293963,-0.13440628095376894,0.8590239450711294,1.7295385165637924,0.3012005826267625,1.1965197746822724,0.7384070001847931,-0.1611766600943838,0.9516609531190596,0.42270507424058223,0.19325323265618977,0.9282128397979506,0.46385511833888415,0.2838968768416805,-0.1912156913641354,0.27713221879810135,-0.6824356755167003,1.0543403014612238,0.053994953196877304,0.1224733781118914,0.010720364052559717,0.6816710430631758,0.41917576828396363,1.097416855937979,1.3555835993737588,0.029406014717622497,0.6519787896664866,1.0455048853438171,-0.33816650105525525,0.21048126461778338,-0.12827530487847127,0.7525675770883566,0.9510199109238187,0.24793769111265362,0.23389971742820137,0.9889256828187598,0.3275170683661486,1.6868406615329974,2.1137433928114433,2.1620681787947547,0.9849619239205509,1.083570889173572,1.6398121110657655,1.3581092316192098,1.1962350330739469,0.8464516027770514,1.2106080056201876,0.7257857657951092,-0.08588885272739333,-0.24393852330122456,2.0974866351209585,1.3484402735583387,1.5423431428517347,0.10692585655657183,0.4642654926462626,1.568879303948492,0.41422492655198084,2.4671485115325282,0.46396638338715945,0.6869922395269441,0.09435912793895795,1.2339903721494068,0.32679817785015075,-0.29882246250969047,0.4128030739252182,0.3073151369073486,0.9108960270962427,0.32256584400998634,-0.10790009386434463,0.290867737984982,2.5199442169485877,2.240110307052973,1.0780128091972472,1.620045614722656,1.9629632249426265,0.20763985221279313,1.122368946186171,-0.029759311318414916,0.3884296219371066,1.1123237786088112,2.5492700758496056,1.063852563232345,2.35229718628176,2.1193975941959593,0.8888711511386305,1.6033803218337823,1.8723965641495113,0.9176996778131965,0.7123662723829085,1.3403851886446887,0.7452384517632993,0.622990502913737,0.9066975910713921,-0.024871053874520044,-0.06113095456977646,0.20063212916494422,0.4049581464651695,0.7237803674676755,0.597815591149299,1.5244974630541606,1.4331862962397182,-0.012623074614161567,1.4560518653402141,0.9704564817489327,1.3170369529048003,0.2718710128871322,0.8858928314542851,1.39194801968344,1.100984211878938,-0.19075675480871013,1.3784919016043062,1.732754710968642,0.8923237654812084,0.5869674550106367,1.2610689483573196,1.38646191714831,0.5162863644233653,1.959076136509566,1.029354102812377,1.2316263047495966,2.3426269217702753,0.9752144303269716,0.29213949814660367,0.5818393409423663,1.8007046364245056,0.46571484078916114,1.8387794974959917,0.7491489542632976,7.198310771171606,1.6386267619998023,2.4992226996507796,0.8754801440924211,1.5985439551750176,-0.7172646726801304,2.176267354420105,0.3837750262110049,2.0765663936096246,2.3861125856107606,1.481333406609025,2.0612997895753438,0.8290269163199753,1.4358291704821582,0.8296555268706243,0.7378546885373396,0.035251471857783656,2.1181015886601813,1.4418724782047718,2.057322505636847,1.4226043010941964,0.8660942880058258,1.9495061498839732,0.6666404282114797,1.7836401514054216,1.5423791772148547,1.2720496054349724,0.9740693337714674,1.4490504686626835,1.7498251729485332,0.17470886300145594,1.990701930357801,0.636836151670856,5.330955512971059,8.896441351155943,0.6177454844318504,1.385672601126565,1.0708475792580714,0.9193071455818256,1.0465642381277291,1.6397412000654015,0.8505026588239275,2.5417939006122268,-0.003888024045863858,0.7931414863698762,1.206967859224676,0.9969936727941118,0.6534639749891014,0.5523201251540399,1.0317798760269739,1.4017062803387432,1.3647578503863187,0.8080259416944386,0.8034314852262341,4.874803442714494,12.210750358634698,3.080416178654019,1.3798929376673073,0.056393120584431244,0.8210756075290178,-0.056329865198136986,1.0446677701704417,1.1959074901420408,1.342080492196736,0.9606728066162873,0.9194634508124011,1.562297935484935,0.6017732052663973,0.9420982922117922,1.0331116695416824,1.6464443188057487,1.8111886660941536,1.725817160840986,1.3239457328603237,0.7775705715133938,0.7771737567159391,1.8955996563493613,1.4373457740785227,-0.7053258360014034,2.9653383746537543,1.804595198910505,1.2003206094197232,1.939707186092594,1.7897352153462407,1.4974129420928683,1.8582484933064087,1.4620976092810452,2.0387255887487186,1.9952256939728272,1.6527458539496251,2.165199377376382,1.4096096066504344,1.705151690964673,0.6418059974377002,9.481025272111339,1.8113934682092143,2.362570632478338,2.249684159823147,1.4689990567914606,1.8369743493474004,1.77804964470468,2.449721388474188,1.794773705517347,1.800916165420773,1.8496684305104054,2.680076762195341,2.5492879754430966,1.736232445948815,1.9803219381556119,2.0636831155152002,2.2656920467185273,2.765104324312773,2.2087348540706238,3.1934924882769735,2.2460382081966372,2.4991804418584422,2.320766150011675,2.9521867364804812,2.0319681538962016,1.6806421326695613,1.1807046165183124,2.569877516349777,1.5383007615975544,2.1820741077153514,1.3357634191439445,1.4263987891383465,0.861766937020775,1.489109471822335,2.0579620753328207,0.5695406545765458,1.3656523414456387,1.3316871271379398,1.9169272307879908,1.2841347340891218,0.5569174743076246,2.0315725981624837,0.886452479273629,1.913966828997303,1.5920053878423062,0.7548457969617743,1.2763659106227294,0.9042609514552602,1.9943402570065416,1.3429152411457608,-0.07664752280524567,0.5924794027191602,0.638514976424176,1.7377834902230802,0.6935422700169624,1.001408392245196,1.9828445823764334,0.19726188340237627,1.220178699234225,0.7768965485175556,0.5950752644644126,-0.09352841253942756,1.2129733095292465,0.9492837467083461,0.5199566338995396,1.3900676905439564,0.2874584684862782,1.7410711114606556,0.9839826755563195,0.8450685351871225,0.9701766989126099,0.6988682789569509,1.749194738524551,0.6964786653909414,0.2043908610839935,1.1110968008307225,0.9377939752466506,1.0350321426829225,0.1990682888780384,-0.21285609242139003,1.4718204875780145,1.5136008873349152,1.0727642768662804,0.6746352223142935,0.9812721913337157,1.1626738764741997,0.8102179615137022,1.0630553751687142,-0.33434305805931785,0.8313921532188431,0.19669327388962365,1.4770396887642807,0.5324811136316043,0.6212061165154505,0.9535650011319774,1.4896705441718439,1.0886670660682967,0.6424603120790096,-0.2393126055748951,6.242592981320939,0.5604807126537139,0.950683106920053,1.3154814943663666,-0.18108980755405923,1.4849029079381335,1.5406584231871268,0.445314687842739,1.5624446552650397,1.7296011842336423,1.1540269186899916,0.42922626961765786,0.552622752568313,0.22338678078375374,-0.46348113333766605,0.5699067683300427,0.7776234811798304,-0.20906727574637785,0.7356669635991295,-0.23681846342577728,0.5330256766967523,-0.2451782753782661,0.17098501274548905,1.3742145392851342,0.16731279716961467,0.6483473396602069,0.7892603675935259,0.34662193140016395,-0.45830874265462374,1.5672403315267616,3.691875355116281e-05,0.35408255197663063,1.3310060796645775,0.1573448575105374,0.5183787266679474,0.8905628780035215,-0.045976570907669156,0.2922281786252938,0.17860156866339594,0.29909891109244224,0.5558930177910213,0.5002712794922388,1.112297772367726,0.4228206335851894,0.7520403060745764,0.8397128545464625,1.3008498532241504,0.644064686738119,0.11899462696788987,0.9964966117636038,1.1617268644086494,1.5838592621379348,0.68449829111134,0.814387893208079,0.7701757199337464,0.9528241454322872,0.9701188158290392,1.4741954292142907,0.9474021797451826,1.2196470430531292,0.8203232020009068,0.479360922228949,2.1676433559428006,0.6241700815635332,0.971236473626532,0.999965377971904,0.533924020397393,1.0665718378004385,0.07012368777660072,1.276709196294945,0.14344119764416519,0.22572045767651527,1.1995851447398707,0.2916415084002324,1.0064578860594224,1.1503947307304259,0.9381447426503939,0.6514337978800313,0.6491604348605904,0.6636662535684081,0.678852523408211,0.6935354368894755,0.7076416723778891,0.7211765170166018,0.7341494787191323,0.7465704701185416,0.7584493304329385,0.7697958242233369,0.7806196402057424,0.7909303901166425,0.8007376076304809,0.8100507473285461,0.8188791837183089,0.8272322103022134,0.8351190386944722,0.8425487977861223,0.8495305329564076,0.8560732053298921,0.8621856910779115,0.8678767807645329,0.8731551787353453,0.8780295025482019,0.8825082824454,0.8865999608662491,0.8903128919992014,0.8936553413725505,0.8966354854833298,0.8992614114629873,0.9015411167791854,0.9034825089735534,0.9050934054336324,0.9063815331986689,0.907354528798578,0.9080199381250509,0.9083852163342954,0.9084577277807,0.9082447459799141,0.9077534536019698,0.9069909424923992,0.9059642137213473,0.9046801776598841,0.9031456540826923,0.9013673722963631,0.8993519712930151,0.8971059999279305,0.8946359171212919,0.8919480920826004,0.8890488045579161,0.8859442450983579,0.8826405153501469,0.8791436283650285,0.8754595089306747,0.8715939939203565,0.867552832661346,0.8633416873213378,0.8589661333127481,0.854431659713839,0.8497436697061005,0.8449074810280024,0.8399283264434985,0.8348113542259341,0.8295616286558527,0.8241841305324726,0.8186837576990627,0.8130653255802827,0.807333567732627,0.8014931364059805,0.7955486031169414,0.7895044592325462,0.7833651165650508,0.7771349079762331,0.7708180879914437,0.7644188334226385,0.7579412439998237,0.7513893430111978,0.744767077950911,0.7380783211741289,0.7313268705594282,0.7245164501774752,0.7176507109663817,0.7107332314126324,0.7037675182375835,0.6967570070891611,0.6897050632385628,0.6826149822813363,0.6754899908425784,0.6683332472858297,0.6611478424255779,0.6539368002430592,0.6467030786047303,0.6394495699832419,0.6321791021809986,0.6248944390554527,0.6175982812460745,0.6102932669030281,0.6029819724166998,0.5956669131481078,0.5883505441600221,0.5810352609485108,0.5737234001745435,0.5664172403956229,0.5591190027967627,0.5518308519212098,0.5445548964003137,0.5372931896822877,0.5300477307599181,0.5228204648966255,0.5156132843510477,0.5084280290998606,0.5012664875583255,0.49413039729887487,0.4870214457673967,0.4799412709965907,0.4728914623172784,0.4658735610661324,0.45888906129053453,0.4519394104506773,0.44502601011771503,0.43815021666893017,0.43131334197911997,0.42451665410786177,0.4177613779835667,0.4110486960829576,0.4043797491066812,0.3977556366504018,0.3911774178718872,0.3846461121533764,0.37816269975920136,0.37172812248908826,0.36534328432676944,0.35900905208288236,0.35272625603374763,0.3464956905547467,0.34031811474855544,0.33419425306840367,0.3281247959356506,0.32211040035224414,0.3161516905076951,0.3102492583803951,0.30440366433361987,0.2986154377057346,0.29288507739477154,0.28721305243712436,0.2815998025807005,0.2760457388518205,0.2705512441167741,0.2651166736372943,0.25974235562009085,0.2544285917600746,0.2491756577779256,0.24398380395135177,0.23885325564063464,0.23378421380735404,0.22877685552793992,0.22383133450040305,0.21894778154495498,0.2141263050986879,0.20936699170388806,0.20466990649029526,0.2000350936509676,0.19546257691195024,0.1909523599958618,0.18650442707877346,0.18211874324154564,0.17779525491457093,0.17353389031632105,0.1693345598856979,0.1651971567082171,0.1611215569359956,0.1571076202013728,0.1531551900245347,0.14926409421497056,0.14543414526670517,0.14166514074727843,0.13795686368078464,0.13430908292480126,0.13072155354120696,0.12719401716097423,0.1237262023427661,0.12031782492593379,0.11696858837714785,0.11367818413131658,0.11044629192650746,0.10727258013278629,0.10415670607562788,0.10109831635313071,0.09809704714774625,0.09515252453198286,0.0922643647685959,0.08943217460500819,0.08665555156230198,0.08393408421804338,0.08126735248447403,0.07865492788022266,0.07609637379727019,0.07359124576211684,0.07113909169169119,0.06873945214366017,0.06639186056185054,0.06409584351609965,0.06185092093710409,0.05965660634603864,0.05751240707897409,0.055417824506236,0.053372354246931764,0.051375486378162805,0.04942670563991669,0.04752549163447384,0.04567131902155097,0.04386365770827183,0.042101973034647244,0.040385725954195095,0.03871437321024018,0.037087367507552926,0.03550415767966797,0.033964188851115296,0.03246690259598495,0.03101173709177374,0.029598127269196084,0.028225504957731573,0.02689329902693771,0.025600935523897306,0.024347837806374173,0.023133426671961388,0.021957120483619974,0.020818335290897494,0.019716484947537083,0.01865098122539166,0.017621233924728585,0.01662665098075422,0.015666638566500524,0.014740601192386293,0.013847941802112018,0.012988061865456757,0.012160361467209668,0.01136423939328779,0.010599093213699007,0.009864319361980733,0.009159313211739573,0.00848346915017828,0.007836180648666868,0.007216840330158902,0.006624840033992996,0.00605957087788056,0.0055204233169661165,0.005006787200443341,0.0045180518254994695,0.004053605988531217,0.0036128380342006494,0.0031951359018194125,0.002799887169402382,0.0024264790954475757,0.0020742986584423306,0.0017427325942378502,0.0014311674311784373,0.0011389895232980507,0.0008655850813568122,0.0006103402025416926,0.0003726408971829187,0.0001518671334110877,-5.260480980950888e-05,-0.00024140015707985185,-0.000415143612144675,-0.0005744574888808529,-0.0007199599913008115,-0.0008522636361192326,-0.0009719738125681943,-0.0010796874722700522,-0.0011759919444784828,-0.0012614638694969926,-0.001336668245301098,-0.0014021575812535048,-0.001458471153824803,-0.001506134357953215,-0.0015456581496380295,-0.0015775385742529124,-0.0016022563752073893,-0.001620276678238497,-0.001632048746870396,-0.0016380058037839262,-0.0016385649145149728,-0.0016341269284509963,-0.0016250764731751133,-0.0016117819984629023,-0.0015945958657255233,-0.0015738544798011844,-0.0015498784589453862,-0.0015229728402630371,-0.0014934273168591972,-0.001461516504548399,-0.0014275002342287735,-0.0013916238677325055,-0.0013541186343672962,-0.0013152019864151043,-0.001275077970348093,-0.0012339376121417445,-0.0011919593145250929,-0.001149309264292242,-0.0011061418477993357,-0.0010626000734532681,-0.001018815998691025,-0.000974911161364389,-0.0009309970129720568,-0.0008871753535402149,-0.000843538766190477,-0.0008001710509404347,-0.0007571476569125934,-0.0007145361115590276,-0.0006723964465606969,-0.0006307816196908789,-0.0005897379319321772,-0.0005493054395344643,-0.0005095183603600617,-0.00047040547417509515,-0.0004319905163470139,-0.0003942925654030205,-0.0003573264229714823,-0.0003211029873853022,-0.00028562961921352326,-0.0002509105001138323,-0.00021694698392593637,-0.0001837379404605599,-0.00015128009158615896,-0.00011956834032389452,-8.859609189926232e-05,-5.835556785882545e-05,-2.8838112541507144e-05,-3.506451662360632e-08,2.8062240602366728e-05,5.546246717358372e-05,8.217427679824141e-05,0.00010820632556374221,0.00013356726137203623,0.00015826572115429371,0.00018231032862559005,0.0002057096915279999,0.00022847239930001706,0.00025060702097334797,0.00027212210270022297,0.0002930261657070332,0.00031332770399217225,0.0003330351821091426,0.00035215703331914483,0.0003707016575731359,0.00038867741969284,0.00040609264738122874,0.00042295562943195364,0.00043927461408088675,0.0004550578072439748,0.00047031337101088866,0.000485049421797612,0.0004992740291243081,0.0005129952138247518,0.0005262209469094614,0.000538959147974083,0.0005512176840909433,0.0005630043683595432,0.0005743269587128452,0.0005851931568088276,0.00059561060680835,0.0006055868944088161,0.0006151295457073047,0.0006242460260921234,0.0006329437395891091,0.0006412300276110727,0.0006491121683609435,0.0006565973760075394,0.0006636927995486985,0.0006704055226123273,0.0006767425624047974,0.0006827108691993544,0.0006883173254266239,0.0006935687454472372,0.0006984718746139151,0.000703033388873564,0.0007072598942556851,0.0007111579264744705,0.0007147339505308992,0.000717994360229568,0.0007209454780365832,0.0007235935546816563,0.000725944768817044,0.0007280052266480652,0.0007297809617909934,0.000731277935159369,0.0007325020346513611,0.0007334590749508152,0.0007341547976977836,0.0007345948710621997,0.00073478488994283,0.0007347303757399004,0.0007344367764119397,0.0007339094664189361,0.0007331537467791804,0.0007321748449555798,0.000730977915168296,0.0007295680382810588,0.0007279502221138046,0.0007261294014995201,0.0007241104384831942,0.0007218981226628784,0.0007194971709054698,0.0007169122280856755,0.000714147867029169,0.0007112085888820729,0.0007080988233099106,0.0007048229289239316,0.000701385193394799,0.0006977898340494448,0.0006940409979279138,0.0006901427624086409,0.0006860991355495116,0.0006819140563152359,0.0006775913949468304,0.0006731349534447872,0.0006685484660522434,0.0006638355995107759,0.0006589999537993663,0.0006540450625323047,0.0006489743934139369,0.0006437913488639424,0.0006384992663299727,0.0006331014188560857,0.0006276010156511802,0.0006220012026858512,0.0006163050631755596,0.0006105156180069571,0.0006046358265052731,0.000598668587059592,0.0005926167374354918,0.0005864830555708522,0.0005802702602579757,0.0005739810114278043,0.0005676179111731017,0.0005611835040610913,0.0005546802778724214,0.0005481106643685507,0.0005414770396896529,0.0005347817251504239,0.0005280269879790467,0.0005212150419140471,0.0005143480478579932,0.0005074281146164594,0.0005004572995801482,0.000493437609435432,0.0004863710008748967,0.00047925938108051014,0.0004721046086899605,0.00046490849445035565,0.0004576728018719223,0.0004503992479101271,0.00044308950390359314,0.0004357451960004255,0.0004283679060392842,0.0004209591723451922,0.0004135204904116563,0.00040605331346910134,0.00039855905336594333,0.0003910390813075537,0.0003834947287657542,0.0003759272879619857,0.00036833801289049006,0.0003607281198299006,0.000353098788252737,0.0003454511615075262,0.0003377863477282972,0.00033010542037459345,0.0003224094192830762,0.0003146993512643803,0.00030697619092734385,0.00029924088141797256,0.0002914943352720911,0.00028373743498377735,0.0002759710339717003,0.00026819595728966306,0.0002604130023939888,0.0002526229398824853,0.0002448265142334094,0.00023702444477180507,0.0002292174261526725,0.0002214061293273062,0.0002135912023675246,0.00020577327100568255,0.00019795293979996131,0.00019013079264595945,0.00018230739368618742,0.00017448328804903213,0.00016665900255929955,0.0001588350465624444,0.0001510119128340648,0.00014319007809149298,0.00013537000407382038,0.00012755213811033173,0.00011973691408684317,0.0001119247529857148,0.00010411606390903216,9.631124461861873e-05,8.851068250237404e-05,8.071475539850326e-05,7.292383233448163e-05,6.513827415233209e-05,5.735843453180678e-05,4.95846606440864e-05,4.181729391916633e-05,3.405667084166453e-05,2.6302713990844495e-05,1.8555008722387356e-05,1.0812880219646104e-05,3.075469948043974e-06,-4.658187634731803e-06,-1.2389088396957959e-05,-2.0118181993211692e-05,-2.7846295552080846e-05,-3.557405690912674e-05
15.313342771968053,15.391399739415476,13.491092138419106,11.67015615631749,12.136076387198955,10.197898758136489,7.77379884197029,7.127928974954102,7.412776897602328,5.418280809511089,3.7660432080618875,3.964110140604589,0.09856072515043479,-3.616169383106694,-3.0305249099225193,0.23509620535190834,1.13564340837479,-0.47955521659588385,-1.0844444039445307,1.5546774611035517,2.6426225828382712,0.9536305003160237,0.9749531836435494,1.5753122341268408,1.4105995657332642,1.0681644544296205,2.559611406216959,2.5208734335609506,0.4576342695290805,0.2816442896322542,0.3605254056491276,0.8454688371317616,2.5505075644547333,3.6998307334451965,4.730151648942979,4.8436861754918255,2.9624373022768395,4.945785463801485,6.318332966294861,2.471991191719667,1.6486464761433126,0.9914300256211845,-0.6286218452181629,0.34013010645423947,0.305105272605374,-1.0240919302174234,-0.7292389519146809,2.9206410367480657,3.605323588377132,0.5510927525771194,-0.12471553548516567,3.368269272215457,6.309371595107677,5.679026355636665,5.435939329685311,6.871091115859372,7.928232765264283,7.5911537043963335,10.87190184427277,11.619377364138586,8.302596543549384,9.508006140747739,9.774627767310335,8.361880033232183,8.488592192139095,9.05608777865666,10.423880396519849,11.332342118854967,9.438592023275305,7.334684577597045,7.9434838526524345,10.567735998305125,10.568108733351323,9.539033368251353,9.614490937904293,10.502863378774691,9.79137688072126,8.528987540347998,7.568056236839766,6.072527469139345,5.927597420789539,5.077421629018204,2.9985036711059365,5.647693296278931,7.664029895319345,5.465360887989618,1.911122283118175,0.9228833320602234,1.808687704433396,2.1045452861610556,1.5415341416724004,4.286523140567056,6.132113420166661,2.5280101813273177,0.10940385153867282,1.3903298203323402,2.273495341299622,-0.8013441311572933,0.3900514932954593,2.7539981093926826,2.4523657720820893,2.782522307787076,4.857936371913183,5.1516954822385514,2.088974073091549,1.110082782380914,2.0734228594308206,1.6905448566197947,-0.6089833028910334,1.4351556467239561,2.1616541408500325,0.06405066276317939,1.5030709795737494,2.508752375424706,3.8608878435267115,5.4405884855900695,2.7426735133301463,2.6957994850282603,5.444992313604871,7.477745904119274,10.646910062443794,8.124730819332626,4.58583351194261,9.164010145426346,10.381968281978288,10.576013200204216,12.133291425669654,10.762786805244787,8.775776894345881,8.678850672110457,9.690571337754363,8.517965578077565,6.554643583478992,5.290772309748263,4.89236034236751,4.5216315580539685,3.1589245786644824,1.9007885113924203,2.8394996866012434,6.11359889301275,9.851372729149261,10.787796635298264,8.602486179890775,10.377094426797612,10.582189595265959,8.502547851207964,11.073762173411183,11.021158577126698,10.93297700929179,12.692134049103515,10.818141862147854,8.890020622141947,8.022433952238316,8.579678375650019,12.050927543034163,11.906433348642622,9.922537790228262,10.169160776462832,9.184055696420955,9.026154121479749,9.719474595235624,9.947824797732437,10.91765548003525,9.39596327342656,8.068933170548007,10.478950396320215,9.526797806270224,7.4059207822494955,7.834788167491524,11.303291404482252,15.805288437384661,15.631083833939329,13.085995229795117,15.080929517805316,16.473142379880073,16.338760060148616,16.136963796051305,16.573149011465375,16.984545454071622,13.411078968141965,9.02792760574448,11.169020519244896,12.07593976681028,11.035432305330232,10.02937327863242,8.653528328562857,7.200683578406142,7.1613781923437045,7.794339091051484,6.750626463442472,6.62526944555816,7.591482533533963,8.465545967228081,8.437518524225652,6.659433233213804,5.186032240065174,6.4032948176775335,9.636835950814657,10.029896937035687,8.372141450059644,7.947250715303994,10.074183441284504,12.730711018354214,10.528453927103556,5.875051882865364,7.021466302032422,8.733611626773836,10.734738022893566,10.71348784924055,6.191205027908836,8.772179186987387,9.125457636225747,5.368390030811952,7.236000894638323,5.724056402258384,3.2122331374378064,4.375312092005515,7.317517295942139,6.003668044822234,5.751427140749911,6.557228758118299,3.411036769615407,0.8882636109567557,3.0989893455040374,7.34201465091769,8.218752199646588,6.395799476812954,7.008747286289349,7.338388429087331,4.352404653781036,5.152510178230841,9.255274742088204,10.61885692522219,8.927000319474018,11.688581732143348,10.803895534860771,7.954240789773621,8.276664990358086,9.905895498729251,10.153782872772581,7.86367082040897,5.306270198243965,5.062898986671939,3.1847843034288417,2.274178150586067,3.5229928562682744,5.298067278994381,9.206657405453143,8.814942032370254,5.997997961586634,8.321513906418318,13.78812866397493,13.244474339840167,10.905650899065677,13.592530908036792,16.25013135038671,17.686688065338558,18.52281319678991,18.243863213719806,15.71849351407559,13.633717046418951,14.598420187461443,16.051932286480906,14.377489924319434,13.926467725063503,13.06207969536365,13.525101925785748,15.890598751468929,13.235586280042526,13.909601002731733,16.412080430953438,15.18496556797686,12.768157201644044,12.406205480207518,12.285858982134641,11.103447564804014,10.186281302320594,8.937047576413647,6.654917125184284,5.389609109435355,7.187240950259593,9.205868006350897,6.2798754840856645,3.7806349739408915,4.950794293874992,3.588115629876256,2.8494915322285124,4.563017805685831,6.611294364583955,6.878934827113653,7.747439357367057,7.70780450185589,6.858814118285181,6.318782543579687,5.045378897532373,2.4253488164957844,2.961709404940507,4.210395005271039,0.09367267153356806,0.14489302110973767,-0.39421931454808146,-1.7564880583207696,-0.4385269756303387,-0.391278145792171,-0.329534287172919,-0.2770442054238629,-0.7889865492752506,-0.7452442559696237,1.0939974896238027,1.3586365641476732,0.10111712156367503,-0.27608019893614255,-0.5223912721778561,-0.3164484585433911,-0.4427749428346033,-1.1536642145140377,-1.4286392662905882,-1.0268137203790957,0.34575249531599184,1.101234716001727,0.4107804102791306,0.9267381085003308,3.649722901502173,3.652066096040926,1.7046459971827517,2.6701374197864425,2.1839811215284044,5.519129800102064,6.15300370824059,2.9974097537952957,8.837323174629319,9.941056311208968,5.159928432767629,4.910931642558467,10.276096590341695,5.70097882540972,2.2311694905382637,5.160122927936982,8.184247358261246,5.9402581033418755,4.649708533772355,3.641023984714707,2.936415947453497,3.4886985765147074,4.002272646845768,4.462727549367173,4.954101981804115,6.055185172170923,7.809792708540726,8.080159983624412,4.737249636497609,5.101486388844364,7.339791070655792,3.926396013492649,4.783775002436641,4.28038531664879,3.8288732100377274,6.056606188160686,6.934884479156267,7.649302139096221,8.458572647750998,8.564035673085755,8.87735718564636,11.014059721449598,11.138065807683233,11.844998530285125,12.195567752011584,9.852716037837922,8.300490690213906,7.175586952098911,5.720045916091294,7.136479246292652,11.47539842542551,10.385763929595555,8.108392997525016,7.816963157484906,9.68374731831318,11.857946318089034,11.34886744839173,10.513289959537474,9.961409935705433,9.40364213630869,8.753647394931477,7.272436679012685,7.260753967345636,7.754694073979749,9.027716809545154,11.778452107639964,11.33541181159103,11.063910786098631,8.700356512321832,5.751480072059735,7.935132282545055,10.003282038205725,7.370495096206469,6.076214143071525,7.668426050150401,7.721606338983747,10.297107205675843,10.56364091401474,8.856483639483486,7.978989114482715,8.49238372092043,9.473334937337313,6.320408807098147,4.4072070473279155,5.038544122017356,3.5199664763113105,2.50040384056274,4.8648695775031,6.430261565448518,6.079028954040723,6.183183238176298,5.819325148599091,6.539640735234343,7.519728552012566,8.718328588743816,9.623904204359064,8.650577065643802,9.70740195902431,9.723391301963147,8.332512595869957,7.281708444034393,6.568103721963439,7.474467108243289,4.393429905899666,3.9042071431678096,7.597732158939834,6.4153407337188355,3.9780553882342247,5.936377982150589,7.435316813264535,6.956183296672293,7.174501971125892,5.123279589915796,4.451000704506782,5.108090272004915,5.220265773166034,3.7907466193433947,2.364682852207352,4.7748828257600735,2.9519940130039686,2.046451007109681,6.183236445892135,7.349759520333237,3.695538178091965,2.7066985185693966,1.3622861934883304,-0.12922226375440005,2.32401136041517,3.913558004184324,-1.1016288141614723,0.9266862588706317,2.5926723344605307,-0.10093223294279596,3.2349631909050913,1.077340864477378,1.7617642657201031,3.081377331251133,1.7238550715123893,1.532511837245579,4.644851259931784,5.824841661550977,1.327234591004526,2.223187264709736,6.395075028079191,2.365104547175406,3.8996835087100408,5.737021120696568,5.313080107429869,3.3207806273157985,2.5221341043269376,4.181165790514342,1.5563464864972048,2.9047427661840857,3.2696759306618333,2.130624217105378,5.901391707596986,8.52575053287569,3.201927799947157,2.2408206616800044,4.273394310124672,4.705699162468591,6.394896048403552,7.192469057520157,7.92884451101304,5.589416272548533,3.2754221394709475,3.9258068697145063,3.9833601085143755,2.9071064600880163,5.503909485785357,7.022710092964644,6.6642919003118095,6.526288410179404,5.890658630365692,6.938836013696687,5.539509283307552,3.9416765270434553,5.213549145986235,6.423582287675345,4.512667101732404,4.519960696984185,3.2323614302089254,3.1778560733765744,1.4602367392835731,-1.2780084879968854,1.2179740522412885,-0.11195176841840748,3.175312663091745,3.2431429470681223,-0.5362233290366021,-0.9561983161463559,1.2214883895193225,3.197030720604289,1.6691576438535094,4.158680325840237,4.703194434190436,0.8491453183185058,2.5434295174752606,4.590914677403703,3.4771322520036847,2.8442294470213483,0.3892847611144816,-0.6588242750757445,2.509773482507512,-0.07641637003212054,2.960537781964149,0.5983607901448522,-2.8564264031757602,-1.8891119975513675,-1.2668773006329275,-1.2003053280183167,0.33800952099761616,-0.5777623401684195,-0.14786459440233557,-0.5994517086475071,-3.0130092055200066,-1.1146465558765613,0.965381793530355,-1.6520079010828113,2.5308095043372987,1.686280196222583,-2.816311513170035,1.3335416643202507,0.1994266561493987,0.21553572517063913,2.6748867978872113,1.9564963144052854,0.023975173905569136,0.12773827913713376,1.0557981867019635,4.560522909178417,3.173760334032977,1.9484760567434023,1.2470835975984755,1.319569524226381,3.024929068610618,1.5215958073390539,-2.1715233526799693,1.8402718003334257,4.295330905927017,3.073116700872788,2.119497742408498,1.4264848585856953,1.6647385678497812,1.7016965897472573,1.0687369070382147,1.183162625281966,1.2319300634760566,0.31795001214607055,0.38702864643585144,3.0335316800085366,5.62898543235417,3.856317286798003,1.0196698840786667,0.7578412410223336,1.478061889675132,2.7009656066126126,5.332867172946862,0.3612578575061889,-1.9429243385422978,-0.6357678173455952,-0.025294871099049487,-0.0036279432090395858,0.8984999334928716,1.4631609378736812,2.0161893659815178,4.495113703486481,5.885618972720181,4.351978613691472,4.435235497377789,7.62723772362142,8.063936952647396,7.411862695238483,9.281940628439543,8.576355453734209,9.514429616286975,10.424615563001908,9.383960980745883,10.548064760018292,9.544509716203834,14.323997727067535,13.655528055768173,13.428887107282435,17.285752010878923,20.921448455280597,23.03477940454195,23.03694807432248,21.567609966647524,28.151916326722585,28.315443489086192,26.10042757074109,28.038603810271184,29.736350832311246,29.45397512169825,30.38512979900952,34.088821484736854,35.69808940539076,34.59908217156817,35.053066894369636,38.70595077967505,40.982751297588834,38.260264274182646,34.93340887865941,34.749517446382924,34.92552331156389,32.63532654830465,31.437162117061916,32.84745263272839,33.5795169805433,33.220999374281746,34.62095424398581,35.25569099837901,31.497816853620634,32.120020949519585,32.93026759641589,34.28443049030352,34.61912954586819,29.345590624353235,28.428258781338627,26.40426900893908,26.126671425193535,25.024441242089097,25.735901644883484,25.772969507796006,23.41690727598757,24.97198507122789,29.40854733375295,26.467016573006276,23.747431498201536,24.41031401169471,23.093783738754723,19.69670005111925,17.649170011147362,18.578808477153075,19.386910183158534,17.321935974055236,18.654256377136562,17.815495070315706,19.91097992076743,18.03309756099236,13.85724044489234,16.35091348087292,19.028922437708616,14.815006995958129,14.973053859068386,17.673381354455046,17.08850357785252,12.955141842032504,13.488165164979364,12.266638046506273,10.483026957922675,12.24282204621852,11.500511433517659,8.604075670005841,6.332463394098681,4.9612654502110445,5.659138455760967,2.4571652898525826,3.900649457082636,5.122540700706509,3.731069135632765,5.653189950453793,5.256959034874058,3.0120552484352174,5.919651065607354,7.0255963940303445,7.143318674379202,3.768861832269522,2.756362340703504,2.3123732879849968,1.0893093031878607,2.7342747255551103,3.5221203674294657,2.531529775539184,1.1254879022127398,-1.55427299478049,1.760077862592425,-2.1136255673644655,-2.2572077054785495,0.9760435773147265,2.345350549405566,4.880015947985953,5.518277822587606,4.612863480834562,3.3154498738358598,6.124210073444942,6.851220628563851,5.531518901455911,3.501655241136291,3.464024170031621,3.121019860402498,3.915087407638566,4.592687708309427,2.6983159354429063,5.367042974674973,2.1082070199337295,5.46080881438138,5.144329847390736,4.068558679441026,5.5126070870470585,3.593354994555739,2.417061657865247,7.502034313383092,10.80420202612197,9.430433052297985,9.346359216144265,8.081148996507522,13.334013882910767,10.506251959105612,12.32850567856724,13.877668885552225,12.325299718810697,12.644956882449833,11.455888766017097,11.263939174250595,14.711608481143685,12.716420348358042,7.195164544520139,6.446892750207553,8.598780926481709,9.636891108464965,7.007428514370531,10.89982249637842,7.839866452019351,8.174519681030006,10.15387790619161,12.366842185176438,12.916655821989139,9.024663911292691,10.765481740460359,11.277200256898595,9.11062905802794,7.501207961206092,8.002918353195696,6.892946437045907,6.42217146316932,5.442118965340114,6.819511589022454,8.105580712811843,7.404596584133628,6.585782253137154,5.764392744355291,3.865618947180451,2.8227688503467334,4.799923981808206,6.279402891929067,8.279229217487682,6.768414736853515,7.421414736410384,8.08443675538831,8.913379973687938,8.542231141673028,8.9985918410257,7.945560846079616,4.422304146543411,5.049590941476538,6.2645046849733035,6.081917632809507,8.613442136966796,7.747331786938275,9.65196016048219,7.894808947342426,6.604973862301506,5.032399440035761,2.64907545316197,3.0244032804319545,4.150421975143104,4.435582641668134,5.835546662696913,1.937292116032836,1.7204356560808947,3.3004274837514913,-0.6516183095886277,-0.6590764880060078,4.297470279985362,3.613666553853477,0.7706667172259927,4.251791540410352,-0.10542075405555806,1.9112014202495402,-0.8756346386188056,-3.245516745600071,-0.03826574606966915,-1.2024655208029458,-2.3753287221348955,-3.4888253851011655,-0.9940975856239902,0.9727800987303681,-0.25742967546040063,-0.4727692805370225,-0.2910820070832756,0.8414549116860144,2.8114613137212245,2.6451443551706575,0.18365231728699882,-1.2835330429574014,0.8694042415603462,0.1394476300962424,1.2835902605909268,3.0172603156341893,1.2115254978940584,3.406978354797161,1.202011605586108,1.6998699237277606,1.2554152941283974,2.2555529887386,-0.2540288870481504,3.1962161891843834,6.144562840676031,6.1377082226075,3.622129149140733,3.5005090960576126,3.299310473801768,4.0036135068286285,4.121996624818621,5.2975898590441375,6.872588990687291,3.5889085094524944,2.68730254981665,4.616013901037775,4.94706438051827,6.928042971012758,6.718403394944005,4.974730029586965,7.121550916313595,5.6887097611326,9.710505124303381,8.370649059714935,7.907753773252011,9.382696258735166,6.019438656709042,6.503367950699044,8.114200356270885,9.268614329278705,8.56627091259395,9.770801169492415,13.291098978497757,10.207566030116027,9.443437158399604,9.313730844613247,10.085490992865289,12.059970780969422,11.769043716080432,12.197035712637899,13.362847924192124,14.208903233808996,13.986491596472604,14.160463557995513,11.99968437882228,11.531349202179399,12.196073602184185,13.687371169741027,14.282006229271929,13.504971716930584,14.488436875045068,16.002997329821255,16.225527776199556,15.84822113303926,17.8690548294594,19.226648020303628,18.91177261452617,18.928748403103498,18.03879025849153,16.73269490050552,19.370062176722513,23.201969753637513,21.58337519667674,20.481477403413294,21.555764372847932,25.220452280443567,25.565048114836486,23.156229194180014,23.5432447430137,22.562603633144647,18.692200321508608,23.366561530265358,20.407632766651545,20.24633547273197,22.542135192386354,20.57421590384513,21.988275444406725,21.018052806838114,20.206153193282375,20.433375504858247,19.84720973730367,21.40486674340957,19.807818086558314,19.602534410349108,20.46655737564572,19.680240403762127,21.58701470334063,19.85504706382767,19.79782682299947,17.722951440549423,19.622342568263207,17.09036759539697,15.58461216381636,16.664741505178313,17.856392193069325,19.063800208820453,17.29465433796736,18.13256919404057,18.078546577121074,20.403667040439018,21.969432913354353,21.10746777587576,18.752572942709378,19.28876636781456,18.759060711924576,16.225479158067913,18.238385298523326,17.162197499505908,17.04990041862675,17.357186958214584,17.935408715998904,18.420186794224662,15.60183410511172,13.623170263783265,14.376494526350712,16.298141651843025,15.977032852264642,17.65363800277447,15.973637783172023,15.598153002424283,13.32294642682183,15.726402553855678,13.579317878800452,13.568197773509155,9.556914415965593,12.750006351943227,7.266134706680305,6.0034698284612205,6.781995303800841,4.991792995820106,9.435328122643625,7.3285480692322835,4.657357773107947,3.33899688815643,3.4098452275277964,4.8258989696911385,1.742494772443706,2.948513732867582,2.3639402894206683,3.746679728287347,3.199058485976934,3.732399206361947,5.608390424346339,3.4843196668287533,-0.5228093032563947,2.664700287968401,4.182991552302269,1.7983953233554644,3.078053784017129,2.0267310076495733,0.44655404105969865,-0.031614920056426854,-1.069455228564152,-1.412477711450606,1.7098391204194172,-1.251427268102077,0.05552673521236784,0.17480839148589666,2.18534551292953,0.06950827708601537,1.8003892992134638,2.4997628282442292,2.110722513149881,0.21890936034748165,-1.7913297801305248,0.040004996029210815,-0.692943916835759,0.5353318384084673,1.5330623227907267,1.5196713914626798,3.9814894845512754,1.657654507403663,2.6541252562805084,1.599534922224052,-0.1260492429641431,-0.2641726962641542,1.1111313395596198,1.6282248351773205,0.45862150561492854,2.8212287019038627,1.7319813171042142,4.17870727269991,1.3523287993987765,2.7899896338659005,1.3210697056585445,2.694107600881921,-0.47419416396581937,-0.23137894726596642,1.3946679074349504,2.5432996753668817,3.956896836043029,5.413545181052939,3.475906522312073,2.423316935068783,3.401414637215339,4.239980670718353,3.7091033545905816,4.625562478378072,1.3531040134507748,0.9048264959661765,1.8383839908339041,3.947209281074663,1.301254741261289,2.761915222339667,1.5153840291143865,1.2475795319954273,-1.2076613489737156,-0.9145731075699928,2.1096187885894437,-0.33452253282308675,0.19321428240272098,1.5093866736879136,2.30954986386638,2.7735118545209048,2.9015760217478714,3.552657524839617,0.1912010180869288,1.3024943063742853,1.6328725387472787,1.9297083316583894,3.234777214444648,2.5858262031597405,4.116518738426578,3.1310807464260506,2.138297067859014,3.711405355318277,3.984495098348191,3.868083638008841,0.9854259540200587,4.490202664684034,1.357688528041649,4.341325577722671,3.9927124498694866,3.648695149226171,4.389191791031237,3.79762964713791,4.607520999699091,5.782724430792257,5.233112466039643,1.939388351618959,3.5231849861782507,3.7640635412232655,2.4491226777382167,3.9846318228794075,4.598149221390372,4.560567680489328,3.624621588594721,3.7724149952563835,1.9107952399052692,4.679702546449505,5.223501996546361,3.4361614753667027,5.045358062528237,2.8941859745012266,2.559961335329774,4.27173337807659,3.8715271540269782,2.5670289083867033,4.20542034881845,2.7850975258909614,3.3686192776389134,3.8280229233529894,5.394201646633775,0.9519941711309912,1.267632113691434,4.103440745962587,2.7100569804067334,2.366773325001475,2.7101818214062803,2.972424811712415,2.328149249805847,1.9846403421343268,2.1688821590106784,3.2441805937677373,1.8645822896473874,1.9575863242622233,2.950752623922824,3.147724293204817,1.1365069345769996,2.8786867683530772,1.543842454906951,2.357430052290681,0.7653034133908818,2.8189069756635092,1.6189404711281554,1.9148612844837203,3.6666521512304655,2.9598907081560526,0.5704313249921142,2.0689736565360306,3.348986465581021,2.059095778726032,1.6451074634525469,1.3761761803559693,4.00592297825537,0.4495440857349706,1.1488466589117934,2.1315295325812826,1.0700057821227915,2.0327911750364365,3.375068241938834,2.87912807481581,2.0564942162323803,2.7948801063875806,3.002140581393519,3.11962323986657,-0.04764664127543483,1.8046082222590485,1.0963882427132603,0.7705055415180198,0.4708371939419749,2.3818333183203038,1.1863418130528771,1.1802169301533922,0.8754382912823928,1.8132670162897,2.2601533464659838,1.8636203398215798,2.976467317609604,1.8687755192132158,2.239718293595331,0.25911089268518595,0.9759492526432609,0.6445210317657768,1.2347815153634087,2.016826305154183,0.7773829594559629,0.3901234149821562,0.1741235834423378,2.034259508431944,0.9728651018764083,1.4535014892672962,1.205522545489373,0.642974382889804,3.255754433693056,1.4442214916074931,1.5437468421488916,0.7145002103951867,-0.5922569140049347,1.7997124730846963,-0.14169226671566548,2.942053048243139,2.070088016035413,2.2688609004912337,0.81045574476002,3.1088783621752327,1.116800256509265,-0.9635651430253063,0.6770664039556493,0.9773221732249624,1.731191311325432,1.0901762948019496,0.8001245198537958,0.0008957248343790525,0.5840280348816123,2.6317791795359256,-0.7814514464322144,0.44366814989783165,-0.288254968199567,0.4028348265813122,-0.4178385794558892,0.5645977075604662,0.525036587244557,1.0610393597821428,0.9737042601598773,1.57473427565904,-0.2182717077159566,2.461641117667625,1.0041347984572724,-0.7892636304884775,-0.1419906136310658,1.3024812729656219,0.7800601314056621,1.1802794218261852,1.4297361249910807,0.6857399942613256,0.8999731986180279,-0.09888326016437077,1.4751574378943246,0.33970845792958926,-0.17287108868882228,1.6117425971175692,0.85055630026514,1.402145248011692,0.5913168823640262,1.6518750871457826,1.660595488806564,2.208749398217975,2.8896068615590025,-0.01847318453809521,-0.1116590699407709,-0.41811051878062244,2.7819996900794024,0.10349193074219443,1.4468918655172445,0.8960289793723462,0.4487951125862537,0.5587170866353404,-0.5835033340907074,0.7691176023833179,0.8894254427819277,0.742953645199151,1.8368615553493015,1.2204532200416196,-0.0801913745537206,0.9900527406684887,2.4559844854463506,1.2680389720164271,3.1881745045170504,1.4280028857706526,1.299843607594994,1.1734424716441367,0.7011684406034533,-0.03461696440464834,1.674515822859675,0.04561792716464197,1.271532236979155,0.5088849003705747,0.6994429294637712,2.441436908542272,2.3765009774335226,1.449613758383677,2.563830113039714,3.7067918552549486,2.808553872578031,0.7738334626401411,0.9035573590136607,3.1270091514815874,3.926336414177996,3.6600520701570645,0.21535517327687614,1.3504160910778182,2.5138730040371513,0.8374770557352349,2.8780661134627508,0.99653222101648,0.9843625323357941,1.0017117042457642,2.084024212127318,0.8389108740611562,1.5999115599796312,0.7097899939121675,1.8516188829634217,0.7236762465598758,1.3731397602745972,1.4822196811216912,1.8708595882738024,1.2764528638535921,2.4950245998705327,0.31188046137225456,0.15709362513429426,0.48105431438091273,1.2622212791075498,1.261386595227549,1.803169727080487,1.435372691089924,1.3112279263897904,1.1540284585572635,0.05133262394124927,0.1879200179994882,0.6906326089861068,1.5515390919687206,1.1047109616039847,1.1651079240939737,0.15369238278677244,1.0565740244220763,1.4258720418547455,1.3134766404463107,1.1545481466429521,1.0073241481213415,1.7806433133923179,0.459325350371131,1.7350989685959064,1.2756602388988654,2.5998174243248116,1.4652626325205347,2.093722745330723,1.7143478989527239,1.4811308546842383,2.236243218501471,2.6165341826423685,1.9763133480448403,0.9474245388566374,2.252348588625523,0.711115674633362,3.403612926661424,1.9433272568949747,2.0385023172358956,0.858990451972204,2.1289116848424783,0.3475858438227988,2.527249108939486,2.362510672335418,1.414701580361907,2.3324481753458315,2.792689341249371,2.3283207600398157,1.788743266544401,0.37037284361747425,1.5250269065673336,1.2738129947976802,1.1900388125924621,1.5141719710340027,2.0977486877865488,1.6161117917925054,1.1499612630590832,0.6441097739861448,1.7883802579539179,1.234860598580056,1.5659973873631543,0.48013903933710367,1.8373617182093795,0.056144554810401814,1.529717015033043,1.671190761304338,0.2695966451203162,2.5385411565223706,0.18824330742008755,2.0274669303319044,2.094273476891175,0.7820556168829569,1.5771242066609261,1.7559893041583905,2.680434552271805,1.6980184121953243,1.0793604479291048,1.129343664511481,1.2928427192984202,1.7821615085181008,1.9886313564875593,-0.2860314588562787,2.1279006161696827,1.7737465289718557,0.5493858662173423,2.0264880152258797,1.4194682800584246,-0.3747211590156212,2.1261149614238093,1.9699219219092399,0.6566864163384025,2.225907575894155,1.3204551325947023,0.5886841305356256,1.543111926835138,0.8201152252606789,2.3230536074948986,1.3825479257479856,0.7252797435281764,2.473476445561573,1.5099892759311047,2.903231365161048,1.5291794745151037,1.6825036174142838,1.250448727603839,1.0798695559303155,-0.06424267512493742,2.0530433344792414,0.4757911431008708,0.15070158548343215,1.427036636535206,1.5360582255767667,1.377973451725211,2.215911928948742,1.5080104576369422,1.931765968150728,2.387682442198411,0.5961222193368414,1.5163313725229273,0.6463895332650509,2.6711857212335985,0.6877297105515936,2.0764134239950636,1.4739000778715194,1.9055054823609296,1.3219946715909145,1.5060454835235078,1.8814298316846703,1.4118212123942726,1.3687046708896062,1.6921213246049618,1.6893492451682732,1.611990828403691,2.0650952616495033,3.1362402575683745,1.0622647969228751,2.554903024146199,1.293467865384514,3.142918048422814,1.369667097236288,1.651383104320928,2.338902207579281,1.311548538955094,3.173209595134665,1.199621038768612,2.0500364341806403,1.39460781582045,1.7174671156728323,1.9871401997481826,1.039878134624587,1.6853547923165522,0.9023284898009365,0.7191503473207455,1.4007531972542928,0.37471514003073025,1.325419555925638,0.6535240492179959,1.0924745590516522,0.9256399023335575,1.078221138407745,1.7435047137905677,0.6140006762826182,1.1936450620538608,2.174795095263736,1.4222035868838816,1.1111299510851609,0.5571113223670636,0.23573988463812512,0.66805034727264,0.281401782667956,1.2930320416309087,-0.2680172354225725,2.024901358615807,0.6111846951386042,0.7618334469540855,0.1886193286571789,0.23138290260999383,1.274445989778087,1.6010695206793457,0.7096613168198509,0.5987034261952999,0.4302615813285229,1.4109304160535352,0.12206991729624406,0.7982648759576669,1.1581908757857526,1.2896621383532647,0.73899458520998,0.47304767959377614,1.2088925265409785,1.143262125311825,0.5556034350875052,0.2664399608792145,-0.22855874495695616,0.8016913482957762,1.1596876668983214,0.3651039943202399,0.6797328335114798,1.098154736849267,1.4885292140059505,1.4803243348824289,0.9723275548281549,1.6646948945393092,0.9659505788706078,1.0576708817834515,0.6820665936812702,1.2378120222472262,0.18611955393072677,1.9007113696127398,0.05142550680659497,0.4500179953276984,0.8634164449316586,-0.3725848498915525,0.3686713561158399,-0.0011169624879130424,0.725518777129821,1.1710061227170208,0.9036992157295423,0.7550574729784216,0.9903618990663876,0.8242714367011086,1.3745134720344367,0.4834752285297572,1.097453284692108,1.2587229075562067,0.5204044387377849,0.5600783143170798,0.8659766975086427,1.7790366973500795,-0.24294427400928775,0.8692306682497133,0.5050866655350887,0.6134177237474905,0.9444866474614173,-0.10573001393834325,0.0256801151996342,0.6518240531399897,-0.050289092440380045,0.05299091815749257,0.5556190827485921,0.8303656633190144,0.03822604024315979,1.6263082961981468,0.685457349332637,-0.5079246794177834,0.3346682967602401,-0.09404823827395603,0.6189447013334171,-0.15194724055737652,-0.8910364003764357,0.9369472307883484,0.18435439778215823,0.9609162372903501,0.352459067147322,-0.14518246042291594,0.5624638524290049,0.6021296746112625,1.3047530854605611,0.9464901903434679,0.8775621725862379,0.34894981782668033,0.4393916593345466,0.049493184620414965,0.1390353285887045,1.130287195633116,1.795844414329565,0.5077631020320723,1.1601424246593979,1.157543304604987,1.0896375940857865,0.5375730885237431,0.5635117260865172,0.27448958246816346,1.510784711923975,0.5210346688482463,0.9834756648453435,0.6911738765061841,0.6394897317445043,0.7701117525033983,0.5592189821044258,1.664390685930016,0.7068300739898632,1.1486377499742861,0.75972884497412,-0.0666257593052233,1.7013668910011575,0.525321423757303,2.024494661192705,0.5096859984319071,1.3812227119512386,1.1020064138549515,1.0691093010866553,0.5272282391367202,0.8075201001101409,0.4438213374832003,0.34496260193412986,-0.02935174383236472,1.0364315129748434,0.7689666447719219,0.7814491869092421,0.8110513052989745,0.8409682658087263,0.8699678011133756,0.8979810424573316,0.9250172353817447,0.9510922113501579,0.9762217093244203,1.0004213731569962,1.0237067490780873,1.0460932832759795,1.067596319568338,1.088231097163316,1.108012748509509,1.1269562972323683,1.14507665615605,1.1623886254091076,1.1789068906123816,1.1946460211482872,1.2096204685082057,1.2238445647190588,1.237332520845655,1.250098425568524,1.2621562438350225,1.2735198155823468,1.2842028545320545,1.2942189470537073,1.3035815510967836,1.3123039951888131,1.3203994774991656,1.3278810649669595,1.3347616924910994,1.3410541621822176,1.3467711426749815,1.351925168498326,1.3565286395040062,1.3605938203515962,1.3641328400475459,1.3671576915390915,1.3696802313598369,1.371712179327858,1.3732651182929203,1.374350493933889,1.3749796146027506,1.37516365121661,1.3749136371944815,1.3742404684392113,1.373154903362149,1.3716675629507336,1.3697889308768367,1.3675293536454092,1.3648990407828592,1.3619080650622664,1.3585663627669078,1.3548837339895954,1.3508698429663468,1.3465342184449014,1.341886254086205,1.3369352088975006,1.3316902076976476,1.3261602416120013,1.3203541685967366,1.3142807139921615,1.3079484711029181,1.3013659018056956,1.2945413371822951,1.2874829781777635,1.2801988962827977,1.2726970342397976,1.264985206771371,1.257071101330041,1.2489622788700672,1.2406661746383634,1.2321900989855408,1.2235412381957644,1.214726655333891,1.2057532911108524,1.196627964764616,1.1873573749579123,1.1779481006905712,1.1684066022270372,1.1587392220368429,1.1489521857490672,1.1390516031186735,1.1290434690054099,1.118933664363908,1.1087279572446391,1.0984320038044757,1.0880513493279977,1.077591429256188,1.0670575702253586,1.056454991112389,1.0457888040884882,1.0350640156794952,1.024285527831978,1.013458138986266,1.0025865451540312,0.9916753410010415,0.9807290209344046,0.9697519801936778,0.958748515945615,0.947722828381643,0.9366790218183496,0.9256211057999053,0.9145529962027581,0.9034785163414085,0.8924013980750374,0.8813252829147586,0.8702537231317251,0.8591901828643813,0.8481380392258302,0.8371005834101766,0.8260810217976768,0.8150824770589224,0.8041079892560106,0.7931605169426348,0.7822429382617315,0.7713580520399432,0.7605085788799215,0.7496971622483102,0.7389263695611703,0.7281986932646305,0.717516551911956,0.706882291236866,0.6962981852212238,0.685766437158577,0.675289180712582,0.664868480970199,0.6545063354893159,0.6442046753407453,0.6339653661443663,0.6237902090995249,0.6136809420094096,0.6036392402975821,0.5936667180200175,0.5837649288683338,0.5739353671675644,0.5641794688662571,0.5544986125192395,0.5448941202635638,0.5353672587863798,0.5259192402853046,0.5165512234212883,0.5072643142634661,0.49805956722599376,0.4889379859963583,0.47990052445635456,0.4709480875939107,0.4620815324068417,0.4533016687981899,0.44460926046309623,0.4360050257660646,0.4274896386107798,0.4190637293003192,0.4107278853888374,0.4024826525240428,0.3943285352809198,0.3862659979862997,0.3782954655340518,0.37041732419157825,0.36263192239687214,0.35493957154619693,0.3473405467728412,0.33983508771592597,0.33242339928074216,0.325105652389027,0.31788198472037266,0.3107525014436874,0.3037172759395048,0.29677635051302786,0.2899297370980207,0.28317741795024176,0.27651934633234987,0.26995544718943165,0.2634856178145242,0.2571097285050996,0.2508276232097728,0.24463912016631184,0.2385440125294167,0.23254206899025576,0.2266330343853724,0.22081663029695164,0.2150925556439347,0.20946048726364097,0.20392008048412436,0.1984709696871505,0.19311276886281803,0.18784507215383428,0.18266745439194665,0.17757947162442633,0.17258066163162766,0.16767054443590723,0.16284862280156176,0.15811438272601208,0.15346729392160796,0.14890681028924746,0.14443237038301504,0.14004339786617948,0.13573930195866524,0.1315194778762816,0.12738330726079994,0.12333015860190244,0.11935938765100218,0.11547033782642302,0.11166234061028035,0.107934715937688,0.10428677257749541,0.1007178085054079,0.09722711126784134,0.09381395833980832,0.09047761747370942,0.08721734704033679,0.08403239636294302,0.0809220060430107,0.07788540827868928,0.07492182717567175,0.07203047905107951,0.06921057272984399,0.06646130983369858,0.06378188506329252,0.06117148647308568,0.05862929573930842,0.05615448842092974,0.053746234214202104,0.05140369719958926,0.049126036083180225,0.04691240443042943,0.04476195089455359,0.04267381943731152,0.04064714954449755,0.03868107643489793,0.03677473126214181,0.034927241311891066,0.033137730192265735,0.031405318018698836,0.029729121592708907,0.028108254575215597,0.026541827654398276,0.025028948707699783,0.02356872295803214,0.022160253126003226,0.020802639574810655,0.019494980451668198,0.018236371823434183,0.017025907807578733,0.01586268069780772,0.014745781085196086,0.013674297974489491,0.012647318896028992,0.011663930012730361,0.010723216222629617,0.009824261257733724,0.008966147777584865,0.008147957459527788,0.0073687710838612475,0.006627668616431492,0.00592372928616669,0.00525603165897337,0.0046236537085633245,0.004025672883017251,0.0034611661679946337,0.00292921014664671,0.0024288810559482954,0.0019592548397326937,0.0015194071988275937,0.0011083944374377097,0.0007252578176917268,0.0003690276285510663,3.872697919860002e-05,-0.0002666246746230172,-0.0005480082605231473,-0.0008064020664733107,-0.001042778954968071,-0.0012581038049575,-0.0014533311721152131,-0.001629403156528042,-0.00178724747047454,-0.0019277756950941694,-0.0020518817173638126,-0.002160440339480374,-0.002254306049621846,-0.0023343119477772234,-0.0024012688161292317,-0.0024559643272255016,-0.0024991623810706187,-0.0025316025635220285,-0.0025539997188275265,-0.0025670436278915076,-0.002571398787324597,-0.002567704279783811,-0.002556573731226308,-0.002538595347118644,-0.0025143320230540667,-0.0024843215224450432,-0.0024490767168572347,-0.0024090858829595163,-0.002364813051372039,-0.0023166984030353888,-0.00226515870718913,-0.0022105877976059674,-0.0021533570830456483,-0.0020938160870969114,-0.0020322930151905894,-0.001969095343895333,-0.0019045104302790605,-0.001838806137186566,-0.0017722314726711375,-0.0017050172406243291,-0.001637376699932247,-0.0015695062298846096,-0.0015015859995628489,-0.0014337806400703812,-0.0013662399167628791,-0.0012990994006258916,-0.0012324811367534494,-0.0011664943093023794,-0.0011012359007622763,-0.0010367913451432287,-0.0009732351743991785,-0.0009106316560973937,-0.0008490354227319585,-0.0007884920916012561,-0.0007290388744536358,-0.0006707051770149519,-0.0006135131873747923,-0.0005574784537998312,-0.0005026104510648111,-0.00044891313484640705,-0.0003963854850894677,-0.0003450220374929813,-0.0002948134037410455,-0.0002457467793988144,-0.00019780933081392504,-0.00015098819949344033,-0.00010527050733344367,-6.06433609391388e-05,-1.709385645654038e-05,2.5390916050582746e-05,6.68238682237643e-05,0.00010721790914658413,0.00014658594125194213,0.00018494085622933198,0.0002222955310458019,0.00025866282413744557,0.0002940555717714233,0.0003284865842374529,0.0003619686422666746,0.0003945144939621059,0.00042613685059222917,0.00045684838426041097,0.00048666172421008014,0.0005155894542099304,0.000543644108972785,0.0005708381718250166,0.000597184071978063,0.0006226941812883524,0.0006473808120972535,0.0006712562142752176,0.0006943325729480421,0.0007166220062799766,0.0007381365629157699,0.0007588882198774627,0.0007788888803474947,0.0007981503717928717,0.0008166844437482723,0.0008345027660539017,0.0008516169266954421,0.0008680384305534972,0.0008837786972435424,0.0008988490594106224,0.0009132607613082655,0.0009270249572068678,0.0009401527099726081,0.0009526549897600489,0.0009645426725342077,0.0009758265388200016,0.0009865172725653792,0.000996625460118139,0.001006161589259591,0.0010151360481813754,0.001023559124178064,0.0010314410030787258,0.001038791768394276,0.0010456214002942943,0.0010519397752091209,0.0010577566650340486,0.0010630817364472023,0.0010679245501137302,0.001072294560458431,0.0010762011149267892,0.001079653453643914,0.001082660709130323,0.0010852319058471949,0.0010873759602532118,0.0010891016802361264,0.0010904177647717006,0.0010913328040373926,0.0010918552788439229,0.0010919935610331777,0.001091755913137149,0.0010911504882642475,0.0010901853305540499,0.0010888683750067685,0.001087207447937999,0.0010852102662397556,0.0010828844385173397,0.0010802374646914359,0.0010772767361117985,0.0010740095361825297,0.0010704430403052356,0.0010665843166179911,0.0010624403259384962,0.001058017922559884,0.0010533238544212509,0.001048364763846621,0.0010431471873744158,0.0010376775569511665,0.0010319621999315132,0.0010260073399308567,0.0010198190973937926,0.0010134034903330758,0.001006766434443307,0.000999913744180958,0.0009928511331054324,0.0009855842149590899,0.0009781185042925244,0.0009704594172035286,0.0009626122721329011,0.0009545822906602552,0.0009463745980156091,0.0009379942241594108,0.0009294461042941293,0.000920735079773749,0.0009118658988995776,0.0009028432178865842,0.0008936716017728941,0.0008843555253861268,0.0008748993744234212,0.0008653074460198695,0.0008555839498285422,0.0008457330087026094,0.0008357586599458955,0.0008256648562792179,0.0008154554667498815,0.0008051342779822335,0.0007947049947460982,0.0007841712413778623,0.0007735365626331259,0.0007628044248804144,0.0007519782170675171,0.0007410612521425719,0.0007300567675088132,0.0007189679267298743,0.0007077978200413781,0.0006965494655446491,0.0006852258109688592,0.0006738297337847143,0.0006623640431939748,0.000650831480868419,0.0006392347224846162,0.0006275763781786736,0.000615858994365226,0.0006040850548174603,0.0005922569814629242,0.0005803771359751408,0.0005684478206831045,0.0005564712796513049,0.0005444497003850302,0.0005323852141714269,0.0005202798982395507,0.0005081357764424865,0.0004959548207352782,0.00048373895242548315,0.00047149004291213714,0.0004592099153342133,0.0004469003451390563,0.00043456306218558893,0.0004221997515401199,0.0004098120547268991,0.00039740157086498584,0.00038496985791880434,0.00037251843423291575,0.00036004877944151303,0.00034756233617372345,0.0003350605107357296,0.0003225446745886984,0.00031001616599724,0.00029747629071152915,0.0002849263236726074,0.0002723675097513478,0.00025980106534007064,0.00024722817920519446,0.00023465001419253895,0.00022206770830734968,0.0002094823762490705,0.00019689511043452512,0.00018430698247584587,0.00017171904397628168,0.0001591323282355006,0.00014654785081802402,0.00013396661125852916,0.00012138959453977805,0.00010881777171789508,9.625210185504329e-05,8.369353298576243e-05,7.11430039359584e-05,5.8601445118711126e-05,4.606908277082766e-05,3.3545563098869025e-05,2.10300762546467e-05,8.52148025387578e-06,-3.981575218858779e-06,-1.6480524607231928e-05,-2.8976763019272767e-05,-4.147152236555485e-05,-5.3965747440543055e-05
25.630890504805166,21.13297220791071,17.0618091604274,16.411964557062447,17.348287972280218,14.848676655754616,9.918675048112618,6.595320245737867,7.332640540647162,7.497078116105968,7.402767293209536,7.569530119908109,3.1520145640308783,-2.0522488627643725,-2.401735823396507,2.6044733364791455,3.0942751733920204,-2.0128690751694194,-5.654371039738066,-1.2847733023488672,5.403705599642308,8.63035887157298,8.250709647159738,4.664225509583389,0.9617184317976353,1.5341708187714858,7.522015662895683,6.465099865644106,-0.43016548230457374,2.4944733249374167,3.844356771426874,1.2129842714612096,1.0171580775585198,4.5132799303128195,3.844348148290237,2.343546145603568,11.67559992068118,15.985520882127503,11.370772884269172,6.1085667180364,6.426917701345019,6.347419642816703,3.2114288919748333,2.0692245034447296,4.875565191177429,7.826908680951533,8.023642875051792,8.850700791509325,9.714865231928684,10.176604636281468,10.910094969147053,11.095980904006638,12.101063249894423,13.779446393746412,13.08929845379862,14.030656287529837,17.022073509895336,17.73149198122246,13.48572637135021,9.342668678530572,8.400614825880666,7.709275817876005,9.163515627523907,11.660883003779645,13.137744138621883,15.293037300127821,15.347733134007171,12.139499975415902,9.494468980205511,13.23645075434024,16.40086384105598,12.397820284162435,8.227884588945244,10.721820216220067,15.310914706358062,14.346620543173003,14.858916511418556,14.370516777592456,11.132527576988196,9.427181637535114,6.7452677028163635,5.9799173236972365,8.943023583547301,8.263190393525633,5.744802020489033,4.3082697370067535,4.499797698199018,6.509754667422044,7.145452317427271,5.555693369209621,5.564939008906549,7.579498011617261,5.83368152563412,-0.055692734480999206,2.5622499796528473,4.550726276368664,1.9301790702746757,1.0152402740318394,0.9120455135326893,0.22044369205218572,-0.4056392299012259,0.6116118462921349,0.4446205272674888,-1.672605168844143,-2.364882951967843,2.5869191322315146,4.045450102773884,0.8449163371751638,-0.2374830275317663,0.7666742057264173,5.041571862447881,8.043610488338459,2.866030945259581,-0.8752826663194355,4.283026611997343,12.558108583593253,9.84155110011011,8.702858237848432,12.550095100672138,14.02142846122149,10.30781924728467,8.048652277475298,10.343211241967992,14.459236057323892,18.59250515656231,20.766615350999473,21.13510544035637,21.01002044847405,17.651340297401475,13.172802573810714,8.579378450802324,1.7496339756031603,1.4302984000012202,7.364316621135458,10.489701752488372,4.422932967986981,0.9502271621192904,4.6336186581733045,7.947922446133816,3.413363208872852,1.6177917875957064,6.709239346233744,11.431195871314458,13.279103803441103,13.276358541661239,13.304630524298659,13.94657763157295,13.314702604647664,10.643271926747047,9.23777877696807,12.19613470367517,8.597451503328784,6.199306549651169,11.894774403495376,14.237817677657858,16.183093596240155,15.781388330654636,12.488210555099386,14.56088621328945,9.525905039181453,5.970302185643732,13.282320349047723,8.252667449047522,8.508292752846273,13.576413257067998,8.632133291101468,8.349945475132017,14.90214430050628,18.13540086498324,12.211997569076175,12.210291659914901,16.309041995460916,17.743036486084748,16.68871180187716,20.370354401125496,23.20579155371479,22.460016461244663,22.720163559423554,22.0650642567075,20.514038412192804,19.255776237063174,19.44460309812996,21.847574370219945,17.21477571026378,8.190394594340319,9.21390486298833,11.611925533801468,12.398391597513182,11.45472955944615,8.480785095239753,9.88325087959197,11.540925672716298,13.33431623087563,19.74408684764785,14.512008881616111,6.55496158023675,5.664822739764759,6.1024026064283134,8.141450313098062,10.60338283943679,12.32725551111821,13.615074253634475,14.153609384752826,15.965933571668756,17.495406152157784,14.61226475021158,11.793556763720972,11.556489262162131,12.287652901281035,11.652689915549217,11.90867197473608,9.520433255217768,6.048692972970912,8.444550251304463,14.084640718033143,14.071673375266982,9.560052593995806,9.440265322416735,11.567885443347905,10.924950739330143,9.074308382991603,11.053291759151307,14.749819282699946,16.129933263196335,15.799811253968983,17.239896773477767,20.083952072702004,18.89701209269242,15.758880273918749,15.74679469058583,16.646976216012263,15.279335555086163,13.483190927684973,14.886433244503905,18.076546794480464,14.399315159159869,13.109821870244105,17.623183199191317,14.197043403352154,10.63250200901075,7.184026263370924,3.371341139449214,2.8868393488912716,3.1326910982395475,6.843219625665597,10.07525762169712,6.46846179957015,5.26325690796466,9.833856111214118,13.829496461389226,13.672729456862271,18.232150134930862,20.074716423431937,20.409108059801838,23.252352383377456,23.42481941914957,23.141041905935708,22.282542427571116,22.53699359753682,26.724023808872744,26.37566154466913,25.72205273280065,23.554375819826646,14.862903359787879,12.74166531691344,13.395163801953913,15.273138909305544,18.896984667287825,17.99146271752943,21.322226366649147,22.12758337211926,15.947597171688585,14.465395396598979,11.939909747393244,13.468876630420482,19.46253125803696,21.056449292587786,19.730686872038405,17.960964532616572,19.241067243730868,23.03230747556927,21.37204557889936,14.888459913759561,10.007089984232607,7.556122731336927,2.851476028975867,4.453573831377298,8.196338342778972,8.982844154091822,8.403481931123906,7.7759363632753775,5.407393252722159,5.4265097920151675,8.181913336091952,4.7138810878635695,2.4003969515802055,2.980833520261058,3.8741285765731845,5.315259644163007,9.377155519420057,4.704460775802545,-1.5670920837603717,1.6819325864964867,2.8459493254558765,3.6762450624020175,0.9256933560853895,-1.8911138523667432,4.51763696529099,8.941031477298793,8.248660271227891,5.3366633335149345,2.1357867593246738,-1.320684827345076,1.2913044683002681,4.729234260366184,3.2982524908593405,1.3599641483937148,5.090915298008667,6.51390431015318,6.945918499309187,6.259547555913059,-5.518322649191987,-2.4312414414290515,4.250184668766451,3.8160421855620825,4.923543652950457,2.897015491132265,3.9091112646735837,7.171058467188004,8.843913302940905,10.478440731749515,9.575539106382166,7.525754169263564,7.306849943546013,8.832319680275077,8.67636146621794,8.850062153347608,8.197149327563466,6.3747041819458445,6.744335898453983,9.43278974032637,4.576331780742521,0.47199375116542797,2.252622355112635,-2.673239950316429,0.45670883234060966,5.5746580054653805,11.016788524988101,16.9165830354666,9.879385872748458,9.890788704461102,11.127605354824027,6.438584694134647,4.312794304147474,4.5986761227600255,0.833392359714253,2.0220002726979374,9.24572891105936,7.606131828977709,3.3179208357466905,6.614300632390723,15.183919924079873,21.934481930335323,24.97803405541117,20.29448039683166,19.70472597228718,22.503001406738463,19.242934768735722,13.499514181217478,10.217110608453481,9.940008215543457,10.865078036500563,11.38059636133778,10.70119337402889,8.832574780644677,10.158130764012185,11.734224256512675,8.77804481143346,10.577215378951905,20.732346312691334,20.644034701522287,10.18687458451825,6.833785573067416,2.886848857527866,1.7739384019096178,3.3474884284128166,6.898287474031804,11.155356162886392,9.59997273004933,13.73837767396435,14.53066795495306,12.256397167311775,17.55644557727055,12.67716097541961,7.304952873266757,9.149178733354802,12.882818334605417,13.259966263679644,16.265428709581556,13.077247840005839,11.490895836730033,13.28023712849415,11.221942612136672,13.127716036159313,10.700678483901925,6.2884809759322025,5.311222193218782,6.774998723039289,8.040276738736111,9.309135505683571,9.89485953991516,9.250014653113794,7.83668715185172,6.805133804417665,8.2171096188697,10.581695582908424,14.820874694554504,18.34954881553483,14.227820962207261,11.762191241756454,10.939395154991189,7.168652378064053,4.745900243187862,10.242893236804434,10.492859980140906,9.332201898259655,8.2330615544372,6.52164552013619,6.253590695857042,6.338720341654152,5.822049963316999,9.886472850731707,14.504432492828983,11.670893362549236,7.665303345670395,8.312580352287796,8.871479416591,8.981003764949492,8.619206029553197,4.927345952304449,7.980825479590749,6.372319014283903,1.9402277002361643,0.780520403441642,0.9112849364977365,4.006920069105604,5.379397722025487,2.782583946575869,-1.0968554508954185,0.09540863191955395,7.482881195260006,6.080546722012059,4.910530060055294,7.316122441401944,9.534047224199185,10.405030941231644,8.06221860547339,10.389608681582786,5.0816236326841135,-2.965227714715752,0.6542909850716114,6.44322375380159,8.087048629831315,0.34247103453981254,0.4609465571635383,8.603293545661018,6.749361063614288,6.236358154120467,2.0014687712775867,0.11932741742327835,1.0206474963104029,1.44613995835266,3.214274440962072,1.1820336205305466,2.0201815903033093,1.9775462901666288,0.15280897361321877,0.48870587216310923,1.5681709559611363,8.644975548625553,11.930227242738738,9.433860891385393,9.773781346033502,13.838522397578117,11.654006996254452,13.561647431101733,9.357932950758595,7.322444709417368,9.978720445008094,5.649247358529237,11.090349543732259,16.43170258022485,17.54669431748607,19.8914746337,23.110057863318502,20.252828421959066,15.825185504076785,18.416571689001216,16.575412348543523,12.929476715982446,14.819300921743206,13.082795291584489,7.898322770897494,10.3075262467936,8.867550746239885,2.0488093084193224,-0.8978293712712002,-0.720459204659619,1.1425882029052445,6.2739844723712395,2.1033859737083276,-0.860388952855601,5.28552079131839,5.439346150845381,4.188038244913173,-1.267316609037266,-1.4325416920563612,0.6078779448336036,1.8669445773041389,7.724542744457494,8.948862462764282,4.8704098707723915,3.9319338644864956,3.197825919277193,0.7841128595088094,0.9476292952322183,1.1124460862117758,3.232297083386811,3.1531279405139685,-0.3540061485980459,-2.3361655398280163,-0.6344134320506782,0.2673268031171574,0.6138978403762394,1.6028400816010162,3.7221601758699308,6.541224475258559,5.390324252595747,-0.5801815140378039,-0.32735626059320566,-0.1907039682874938,-1.5867517446984039,-0.042803618027846824,1.6059297290830727,-0.25841577084429446,-0.8194392091636473,-3.4200388767244476,1.2133501261969286,3.2590506788026232,5.610717570209772,9.617754775350022,6.634631626050805,9.62305526189607,6.80199534259998,5.142251620258548,7.279051877706024,7.3634925241763085,3.126747365998199,-1.1162092573174505,-1.7930791001845137,-3.106333139982553,-2.171571575264352,-3.4757627776655227,-2.713495221826065,5.460716090165988,7.634570519825161,6.919936804469103,8.026217097646168,9.229097040597935,9.117676999288506,7.005482686302685,5.966414879021045,11.30679552927495,12.959410836004508,12.453115203406924,10.400196798332672,8.88767398763332,9.500733043453124,9.701634544481749,7.918946713085688,6.0147695163113895,2.9801083793111047,3.0583484968540233,3.536209726635775,3.747958007236207,6.211635779082826,5.004184033589127,2.2063883558482758,8.8310406664732,11.515383349031254,8.398672064142374,8.4338820240132,10.545972464263969,10.066640058377288,11.142888042425739,10.743801165348941,12.410545581329188,13.66451097954382,11.648667839365658,9.297184004184828,10.261572343930993,13.075791087878088,11.716363357111732,13.96315569170065,19.038904553827933,20.10830057576709,20.34366188043259,22.842658583815137,21.04792947066403,20.91340254536931,23.365843062996646,23.841718777115602,20.2442309445546,21.55018683640799,27.61548105481586,28.78544696486847,30.233051888857972,32.054966325219084,33.62880257330039,31.99067802773527,31.707407403870093,37.160865694546374,40.275038979676765,35.3533651894943,33.531126371259234,32.549741173613484,31.433400770992876,30.712457633640724,28.023950541584895,26.405733074701402,26.067286869846384,24.013867290490225,25.712397015249508,23.69278460260375,23.035167973387274,20.936320862749426,21.821835503103785,22.710380646513613,22.41285919098334,24.80090174394786,22.22666645671302,19.285228922369015,14.41150626133981,15.819222259275989,18.96636195599058,14.7952838093737,12.454093892398532,15.623306466478084,13.332189430429025,14.875206874643482,11.049079857075867,15.51319884659722,18.494885336077004,18.407494423315143,19.005871055841453,17.335324649030326,12.54986633094984,9.306313113323426,11.641119424762792,13.99790429059226,11.151218189211704,14.464050140637028,13.461741565387456,10.136490347733343,10.162805037489761,9.029951471603908,14.022055310586666,10.952782327578007,12.208001483356952,11.805111405142497,9.999851784509701,8.161425487991437,11.480689655573087,12.873903443128711,7.681275053775948,8.92379753605428,4.463710728969659,-0.16676351069543216,3.4661465204392243,6.431468082962738,6.548533266630557,5.14991814695793,7.116110742263004,7.068138106653237,1.2238893755936715,5.600142137891794,2.894459992778593,0.7982414286896073,8.355362671958119,8.327412271437197,6.314478917006113,5.007043532209082,5.9373222489864474,9.814044370448983,8.44328968019363,6.76248463666343,-1.3013821577467297,0.7070585707657528,4.732202651562147,9.586304730016309,4.796401693126313,2.8867218520716733,5.899925655579523,4.705821701204741,4.486290750415947,3.3615675862873786,8.640363105763754,8.047891775883272,6.933268566835068,5.734169655737901,7.042994647477599,7.884576655553701,8.30346244463567,10.84456420187189,9.774900217658796,6.957434963561354,12.173222753966797,11.326119941894149,8.356846897415153,6.96692608064609,7.400786830862103,6.521082888302203,5.716224089064781,5.752732410108251,6.4372293544249715,6.9889945411403005,7.105700500344483,7.43997511791531,5.089025647285894,6.699191898673007,9.883549013234642,8.60838191142875,9.701241615201639,16.54509820753674,19.510103418480526,20.302894139976388,18.429910000457426,16.49909006291091,17.383996547333254,11.282591879280858,12.465407546691381,9.108613557680883,6.0936399042936955,8.111058734118728,14.08093377288128,15.720691216450405,14.008253899477268,15.272373162668373,14.359865352155225,10.961966673551046,9.358107697263677,7.960042116254272,9.474810773611011,8.820879497667875,8.405848911465,7.420704986423971,7.4421140057246475,7.3511238346955,4.684238137422312,4.808465213972227,3.381401274894756,2.22519283114309,4.177733125842451,3.863170062411541,3.4750480991517634,4.029665214297665,2.1212609331100793,6.119281897415135,6.711655982224784,6.378363673279409,9.578938007809938,9.60195191255491,9.322891418858944,8.827202535371839,11.033460221266182,11.088387967057201,8.614965484132995,5.359828601605045,3.9372880683383755,6.288863569871637,5.434077327701857,1.9036814031900349,0.5599702830393198,2.5616860174911835,5.356633100789622,3.2942270991356963,5.6731017930665075,3.5233359461972213,2.413581973582268,1.3101359809114683,1.2796966645478278,-0.9484397539092697,0.08567467463842604,0.24366965212425384,-1.5625931944921376,1.557690608475582,1.5716959848550687,-1.8093227074510878,0.11923590025855901,3.5464271241364713,3.6998194520054994,0.9171494740768367,-1.16214981207645,-2.4557744068463307,-1.8335572428411524,-2.429772272534592,-0.9142587922765415,-0.45451270773446595,0.9984708258049295,3.709399394918478,1.702868181648455,1.2976614502219945,-0.3862892444827821,-3.2423581414166165,-3.4383907529230555,-0.21385576543752904,3.5264679363915548,0.9718587608690541,2.954111853497011,3.329375289935115,1.7959599363693997,2.918509333861266,3.4600921368444233,4.51879868055812,5.246918172981964,5.171312124122551,8.175897183356938,4.88488489308736,6.73101869297011,6.087959502922558,3.860190323666984,4.405440617441855,2.918902839373118,3.075871543105336,4.937139037267798,6.648763436183799,6.871328727650621,9.283606711151606,9.388282073255823,8.27617333779699,10.40723871478076,10.888652383470003,11.80347859568542,8.167885983132237,8.082514653418002,10.227410635642968,10.203700693624569,9.683738595783211,6.832674941731625,7.090683776771243,7.79985496684219,9.680085286003646,10.664527564266905,13.5029840542594,10.316899008562359,15.458550290395692,15.259462778164789,17.912793105201217,16.356874601546338,15.3372287473685,11.609995504336439,11.792824530864209,15.017402410304385,18.08948681235188,17.91957023308646,17.173575488545566,19.230680438747072,23.590483589632413,22.432330059231617,22.371109481525878,18.005168719920107,17.642202986645543,19.103638603572904,16.771447003352478,16.717050833271173,17.562774383783108,19.07644808613793,20.834067119213387,19.785648191742894,19.94205797983443,21.42396342712459,20.824075381481975,19.736933603066518,17.980647546973955,20.345858874294436,19.6155780535222,17.033812053721704,20.040305628493343,23.841830636650002,27.843948436880623,24.898201890409496,23.52733468734732,26.387755020172335,29.286869705191748,25.17521036134326,22.214731460128178,24.177431342244972,22.37363620504425,22.48574014063354,23.31820531625658,21.215103466989717,21.892635343744587,25.205000064204114,25.103013209131404,26.104321334883366,22.694647100796715,23.142730575307723,23.271691881606102,24.188157129390447,21.955415140252057,24.892855832591977,27.006268296456938,21.49357780448338,19.517672748992936,17.974105388575026,18.444644291770373,18.55616121017806,20.648538746244867,23.513256767895996,22.876485461014,21.63217830468875,20.721527701297305,22.652618421250054,26.20758101436627,24.01290411676689,27.933293958657714,26.831257103328994,24.958274371523316,24.462003100076117,22.72636521983918,22.010036074838922,21.409396255996853,18.53358050088616,17.913962617078823,17.418218269726253,18.754658539613956,23.17596532430059,21.283878704472045,19.163595915873543,23.043988823675818,24.998531868877137,19.52434220760813,16.837162425833753,18.335716555522254,20.213038468363038,19.2816670384114,20.38856294654397,24.03162488687667,19.57142041310692,15.387679714831734,13.151604413178234,15.362519590505485,13.078251211277802,11.195277268160623,9.478177473338064,8.774568749544699,9.682555352947304,9.157174256005817,6.113636023471486,4.114641759456333,4.171958118818054,6.077624782450357,7.561272566785362,5.944572696117746,7.9534619960369355,6.884097644940653,7.529340127442936,7.490398849123039,7.95109354661065,8.657254926245628,8.910773690273913,5.397694948653566,3.0225077444840736,3.3521761670327805,3.4529010638634645,-0.9096846796311979,-2.684303992098421,-0.3957816361508435,-1.4028086220572504,-1.5924839070827943,0.4752863943911052,0.5351675976360752,-0.22071653351122222,1.7689898890037057,4.643037516453887,2.3490757489946077,4.961218366227399,5.733419000737001,3.990767263595444,1.9038722120643001,-0.3491806890310727,2.508784410919418,4.64532767878967,4.695050046200038,4.476817116956909,5.834426886689698,4.232038231471222,3.2654927935408864,1.8313825243561723,1.1201222910127626,0.4594253614526451,1.1072111904335316,1.1938662277863727,-1.6469272889415265,5.476142152941861,3.831355495708692,3.964581024641973,3.593531124310971,2.3472337007955844,2.55335521683827,2.5875050156925,1.236455515354237,0.843283806709735,1.1498705679371142,-0.20154349969203622,0.5222245729192991,2.743629769680126,1.9831800007925722,1.1423338298300791,4.224203674782643,-2.023255631296365,2.319205488241664,3.744312450823031,3.6630948853127734,3.604257827394804,2.2279146378497217,2.7186534146885606,-0.9719091582753094,1.4992007527810642,4.514090138737686,1.5789503132105551,0.8372402048130994,0.9170377248885302,1.8272190408999904,3.850341869231613,0.6233033431551576,2.9037277499707557,5.0034080158198435,6.684972958112041,6.144369985712672,2.68008490148992,3.5581321907500296,-0.13131621436542673,1.0008004226277194,2.1131974585571243,3.5249295056389087,2.4001437382070208,2.761232827711808,0.626652438011206,0.897975632620728,4.400817160438123,6.803992364156898,1.8165077967795469,1.8948668895030778,3.800260391873678,1.9337409244977835,3.389964243580721,4.2968500721100895,2.0124203331394597,2.910748766131178,5.3205292706335285,4.907430552776418,4.146416440933422,5.865111405547793,4.4670977543741515,4.548431573890355,5.723295945270706,3.9306415612525143,2.9919258664623953,5.7908617718375694,8.046519555138559,6.934420331055094,4.601367368609488,3.4563092394756723,6.049520959487836,8.409518165645977,7.946682345076226,4.083204446687091,4.437990933312676,4.806797224701086,4.598567994066855,5.700732541366619,6.6068293258410336,5.74017528939163,7.023049115580875,5.989240144422297,2.934927150343583,1.2418595979106044,2.1812519902278495,1.6002464405889327,3.1736215629123308,4.706099658747917,5.458396364627447,3.8574255769412957,5.577476134521419,3.645070377175955,3.6271353604029173,2.5833345915995096,3.8369420552933207,4.22481179994395,4.301021611410647,3.720631519087135,0.802611034374479,5.318382909891625,3.721346136355976,3.3106938503809715,1.711760173867276,-0.26030176641631897,2.638921239029287,5.6762448790343,5.527938924240061,4.614321649929025,4.318082604761685,2.0219413935444663,5.668858888494128,4.004865827992944,4.030936231193209,2.7119414218390716,5.869136597924694,2.9828648210153688,3.071920714200701,3.7764059753304764,0.7519859599062784,5.839536827429413,3.8182891543904134,6.192540071997826,5.842471339396525,5.558939145306283,4.5828113012301515,3.6164418791840376,4.376558272199134,2.1541672968193097,-0.5276384864272927,3.665970328118078,3.2413676763752903,1.9487320593084974,2.33108833343195,4.184406106676079,1.8719307548389565,4.335383187426515,5.068501338665811,5.106923344011022,4.231739712925702,3.97930472640752,1.7816021250928031,0.8893713552029112,-0.25592871070890055,1.7101038262078703,0.6190517432244178,0.13088204601569942,1.353483431281063,0.5593258814597561,0.657979463369287,1.4140556918006268,1.7236815186765853,1.7380191549048902,2.1880798821892995,1.7062725135097025,0.8553645297567982,1.133792186506497,-0.9872910610456529,1.5918692031355874,2.2278578479777593,1.8496625373230984,0.383859823556179,0.6119912840561028,2.9557351765662645,2.805443403685473,2.93084684490006,3.1553717778629675,3.1147763404626403,2.0383242144252165,1.771108237772836,2.9469173337575683,-0.550932773940275,2.947723319253953,0.739551833477293,3.275057805422705,2.816345929273325,3.2163866605735905,-0.39816818614161775,0.9480877648363446,0.524204967800074,-0.31546958690722704,1.2285709507465299,0.5790817932002597,0.40793302027012146,0.7423413335518205,2.587306596972496,1.8301375601861878,0.9656103654832577,0.6206573442108549,0.740860023147178,1.5479534314576426,-0.4088433449188358,-0.74992807405755,0.5152521787888418,1.5747980558587642,2.2939799476699534,2.908704073588524,1.883987141356016,0.6109319936248596,0.26303569382841374,-1.7121416453413474,-1.545491475581997,1.4404674145020238,1.313307220265699,1.720784929540855,1.4783057142582265,3.3182820205592805,0.6661193108172938,1.4874448835462317,0.6490853114682977,3.3283223408268725,1.296508087527144,3.41055036491548,2.26107572875776,1.60947150216316,2.970725856352317,3.906503437340632,2.111601528641131,0.091104498702407,0.9887988973908932,1.7837068611655695,0.3065655154960609,2.297856070176749,1.2055792355952804,1.3707408634473381,1.5373313040114454,2.2351073720546424,1.9274805137670796,2.7373620738986233,0.4837996790601551,3.9469612875954,3.3902911766552393,2.21012202263978,1.4580748592089776,1.057367789049806,2.7645317573229136,0.5938032919287366,2.565979923611451,2.6643377614300334,2.577825875618828,2.9781201207594563,1.0080264647447734,2.799486319842856,2.885197833456857,1.6200024277285365,1.4991373544442013,2.5197623108117,3.363408792367352,-0.06257713799308817,1.1959642111289952,0.8477707873647375,1.475237645311097,1.7532127577177903,2.6117014205135547,2.0060993793063346,2.1407034857209624,3.73140707046025,2.4489830108983313,2.5654916530658056,0.7805825145988479,2.304250315568595,2.426483899648133,0.9805458058667114,1.2823261992574544,1.0103173806854784,-0.7052596564160325,1.0081331800614066,1.5519411107812857,0.9800903346952055,2.266657652396816,0.4249577425447342,-0.2578073085908983,0.38951382254960265,1.8424878536150118,2.2790740414279327,1.3729055918630593,2.1005558515398093,1.232688300782982,1.302035912010183,3.041557364448238,2.614646387784319,0.17226049446385616,-0.0198893413879091,3.258596863007213,2.7905429933865094,2.107002590096613,3.104843123414014,1.8355033861180345,2.242076828765221,3.6974434004906556,3.313542274463998,1.8082769147551403,2.673224465309943,1.844442785243018,-0.16154330953281715,2.466293070751945,0.6390170362395793,1.2971047663606328,0.2079748204918701,1.8276137435339166,0.9886026030467718,2.353096868789919,2.4809035840258815,2.3884564487971005,3.456744273942377,2.249021866806231,1.944792773531617,1.3629188358668216,2.9765890936590154,1.7643482854241483,1.0247634350273103,2.4022342146053575,2.445678321260459,2.4931214882382164,2.144460542107126,2.3976252022134332,2.2253832302931187,2.6098786741988533,1.3655078616863534,2.94693327798052,2.353624705837433,1.3129721655463982,1.7009021241627806,2.8581999262340787,2.534624440064988,0.5243831006794721,1.4072665857326,0.7591287528630914,1.7915197301153967,1.4249739446212288,1.252434701977279,1.5126963005367315,1.4404788167296942,2.4040928739588026,0.318556104899244,1.5738538583598825,1.6122862095946289,0.6793909915108429,1.5511547893614193,0.14975857846815188,2.023008789388598,1.9627837981537937,1.764219529959007,1.347466972509892,1.570184566484727,1.7840110255300488,2.3532344424068583,1.6267008369434848,1.6098874633712512,1.1262111715517449,0.10557973922514918,2.445285169889303,1.9916551010152688,1.6441938054282446,0.657851218604435,1.6304726194131973,0.9501330183022105,0.7308899286871906,1.6412899047127212,0.8283874230397714,1.4723865154387568,0.31403800584104147,1.6926262013106452,2.8239917739918923,1.7214758371179713,2.740780671718369,1.7843384281790122,2.074096211078995,1.0993044133608691,0.6950880069341565,1.2828336030457308,1.870338265894425,1.3965589045402567,2.578608521527137,-0.3647711445245818,1.092812906919903,1.7391823059402256,7.575995243256443,6.655458289137073,1.037265506983431,1.1237883647191325,1.7176362636505473,1.684147374540892,0.5077774332061722,1.0081680116863936,0.9377838123961126,1.6572361044133004,2.082246994434229,2.371649080169391,1.5494709791321455,1.7849437083897897,2.1973065223964454,2.2118020676683727,1.6216232104443407,1.4997019756655732,1.196436046423571,1.426297662870752,2.4396247292075373,2.213370912766095,1.4899506049338882,1.1071339633097068,1.6236420768196922,1.3411845101021527,0.6107489247085027,1.131867922534532,1.8953948451825866,0.21940765251315497,2.670339980326105,1.9759680633297876,1.301625089657648,1.8735571357835923,2.6528925027555488,2.7704332239431437,1.023320941694294,1.5302264097414877,1.5735966771898688,1.7212446984718213,2.337553094878558,1.2954835697269687,1.1147833286628384,0.7333741914358143,1.4531114295494945,0.8481967377521258,0.5246462406755086,1.6309717056710724,0.9785876796568118,2.320944221502266,0.4164771015446149,1.8010419019719919,2.1315726545361144,1.1582840031203432,1.0764320349454124,1.280800461882336,1.2172669433342094,1.1498013568157717,1.2701383506930028,0.9115110240254083,1.1408674062317914,0.7137006626306928,1.2971974174516845,0.90315253043957,0.9701814866240852,1.2103161998850283,0.3715076765369645,0.8729561915115482,1.8601116774134425,1.4062727954699312,0.5267450857163567,-0.027881247141408494,1.3704921123797895,0.9331108047376837,0.8451583216217351,0.5446981578456302,-0.007613731736800133,1.5241703775989208,0.48443830365385665,0.3083942096146757,0.9696752851756969,1.2887261690499372,1.4417214597455654,0.8519459937193687,1.2679846799305778,1.077714105449445,0.36513385371694085,0.41226433546108865,1.2192979982608598,0.4901626000312831,1.3481774088373868,0.5101598737086306,1.8518781145207868,0.9731087603142896,1.2012359819925678,1.5434782189927319,0.9804233890171226,1.4445978845704985,1.3805137789237847,0.9844949820894726,0.8506256572640645,1.0101713419729208,1.642371502961339,-0.41844225466252283,1.0862291430283904,1.2986150325348298,0.4620722662464196,0.45915014786783104,1.1188720102140906,0.37930044682576636,1.2441793968756087,0.7757778470553944,0.8324977010205998,0.9799303447859984,0.4479966099245303,0.6085048948111194,1.1956578859059732,1.3990815639223229,0.27537948165741,0.41083148937815395,0.6432566401604731,1.7892871173835942,0.20615867779662267,0.21872393413173086,0.2510252368060719,1.1999023081633027,0.7723774168553064,1.1490139713094436,1.4392750677297919,-0.7644289630330814,1.453147988185492,0.5202257544023041,0.3874582579384178,-0.3102145133536851,0.640904675704121,-0.35859422014885745,0.03610686203831115,-0.4654939891757426,-0.5289063182377145,-0.006584791123200873,0.9892974990344783,0.6488107570189072,0.44208776415945117,0.6688997180451679,1.0597743409647364,0.07740843962295685,0.013358043970811195,0.25822206867439945,0.2684458702404413,0.6223038122509461,-0.39282713794125534,0.21039635544991775,0.8302998344605026,0.9910280263242708,0.6295673721201087,0.9822377862115559,0.5064999815169795,0.9524352316054223,0.9881993672450449,0.8991403923321837,1.3946412842699925,-0.1554631804143014,1.2698943547636077,1.2292316684304865,0.4253306334147151,1.9279182663451007,0.82485375109502,0.7184184954330135,0.8001014738734966,0.9726838559345197,1.8318931651454005,1.5589613596273466,0.7471618784355751,0.5050573113698533,1.4829925526642,0.9384348673117415,0.5856480181246297,1.2115761473990005,1.232859231200223,0.3324335111548198,0.9606368008546724,0.4033619572476823,1.1526146028511466,0.32571980074203744,0.2906977273124749,0.9025756674957961,0.8688236185501523,0.4973505591308349,0.5178440599054284,1.2598508794769714,1.2189428864073193,0.7364283268740905,0.6890443260153898,0.7098851283193408,0.7507790783764108,0.7920674044997895,0.8322043962164116,0.8710909877844415,0.9087396101368199,0.9451683291429731,0.9803960734727752,1.01444167727891,1.047323876674625,1.0790613063288106,1.1096724961776658,1.1391758682511863,1.1675897336121466,1.194932289405358,1.2212216160169191,1.2464756743396492,1.2707123031435117,1.2939492165507431,1.3162040016124479,1.337494115984839,1.3578368857032501,1.3772495030539176,1.3957490245395547,1.413352368937808,1.4300763154511742,1.445937501947185,1.4609524232857325,1.4751374297329107,1.4885087254595533,1.5010823671229332,1.5128742625291807,1.5239001693762475,1.5341756940742357,1.5437162906436015,1.5525372596869147,1.5606537474351398,1.56808074486554,1.574833086889896,1.5809254516117335,1.58637235965125,1.5911881735359543,1.5953870971558217,1.5989831752821715,1.601990293146855,1.604422176083574,1.6062923892270646,1.607614337269922,1.6084012642751873,1.6086662535444134,1.6084222275397906,1.6076819478563493,1.6064580152472558,1.60476286969714,1.6026087905451618,1.6000078966538354,1.5969721466250348,1.593513339059541,1.5896431128610402,1.585372947581277,1.5807141638079543,1.5756779235914564,1.5702752309106245,1.5645169321762182,1.5584137167716108,1.5519761176283282,1.5452145118364342,1.538139121288168,1.5307600133544383,1.5230871015923526,1.5151301464825337,1.506898756197529,1.4984023873965384,1.4896503460483927,1.4806517882822163,1.4714157212617351,1.4619510040853356,1.4522663487101113,1.4423703208973393,1.4322713411817745,1.4219776858608952,1.4114974880048976,1.4008387384860157,1.3900092870267713,1.3790168432659584,1.3678689778412831,1.3565731234886584,1.3451365761574152,1.333566496139042,1.3218699092115003,1.3100537077962144,1.2981246521273988,1.2860893714339454,1.2739543651319423,1.2617260040286737,1.2494105315358297,1.237014064892719,1.2245425963976118,1.2120019946472098,1.1993980057839622,1.186736254750258,1.1740222465484749,1.1612613675075067,1.1484588865538967,1.1356199564881422,1.1227496152647518,1.1098527872762816,1.0969342846402697,1.0839988084890138,1.0710509502613945,1.0580951929959497,1.0451359126264492,1.0321773792767885,1.019223758557132,1.0062791128598292,0.9933474026549334,0.9804324877844124,0.9675381287555638,0.9546679880319289,0.9418256313235247,0.9290145288734379,0.9162380567421451,0.9034994980891611,0.8908020444495719,0.8781487970089188,0.8655427678723413,0.8529868813300823,0.8404839751180475,0.8280368016731359,0.8156480293842492,0.8033202438367084,0.7910559490509286,0.7788575687156367,0.7667274474136434,0.7546678518421572,0.742680972025596,0.7307689225214631,0.718933743619175,0.7071774025306468,0.6955017945743407,0.6839087443509584,0.6724000069113458,0.6609772689150759,0.6496421497818119,0.6383962028336327,0.627240916428093,0.6161777150826993,0.6052079605908602,0.594332953128287,0.5835539323499574,0.5728720784773031,0.5622885133762452,0.5518043016260776,0.5414204515766414,0.5311379163975971,0.5209575951166698,0.5108803336477763,0.5009069258089767,0.49103811433008104,0.4812745918500241,0.4716170019038941,0.4620659398990483,0.45262195408128036,0.4432855464899603,0.4340571739019765,0.4249372487658434,0.41592614012432705,0.4070241745262706,0.3982316369277328,0.389548771582497,0.3809757829214391,0.3725128364202419,0.3641600594573333,0.35591754215982974,0.3477853382387366,0.33976346581329153,0.33185190822456434,0.32405061483666486,0.31635950182879924,0.3087784529745363,0.30130732041158126,0.29394592539972564,0.2866940590679974,0.27955148315078304,0.27251793071297925,0.265593106864344,0.25877668946287713,0.25206832980711624,0.24546765331791676,0.2389742602092042,0.23258772614809686,0.22630760290422813,0.22013341898860972,0.2140646802813535,0.20810087064921845,0.2022414525524141,0.1964858676409449,0.19083353734038155,0.18528386342774184,0.17983622859679826,0.17448999701264256,0.16924451485658665,0.16409911086071816,0.15905309683279256,0.15410576817043875,0.1492564043657012,0.14450426950003248,0.13984861272939497,0.13528866875901713,0.13082365830950948,0.12645278857229414,0.1221752536567351,0.1179902350262978,0.11389690192709168,0.10989441180583981,0.10598191071983365,0.10215853373654227,0.09842340532537719,0.09477563974013492,0.09121434139177609,0.08773860521426968,0.08434751701958021,0.08104015384634522,0.07781558429809365,0.07467286887452929,0.07161106029349185,0.06862920380581272,0.06572633750101886,0.0629014926059881,0.060153693775077954,0.05748195937229639,0.05488530174653761,0.05236272749857562,0.04991323774089551,0.04753582834939607,0.04522949020855549,0.04299320944932106,0.040825967679325004,0.03872674220730232,0.0366945062587547,0.03472822918666907,0.03282687667439177,0.030989410932193096,0.029214790887920117,0.02750197237054408,0.025849908287227663,0.02425754879482156,0.022723841465051464,0.021247731444077544,0.01982816160540324,0.01846407269778183,0.017154403487154468,0.015898090893301742,0.014694070120242486,0.013541274782085111,0.012438637023535648,0.011385087635176205,0.0103795561637412,0.009420971017334523,0.008508259566156084,0.007640348238282968,0.00681616261090312,0.006034627496831035,0.005294667027158084,0.0045952047299238075,0.0039351636032165516,0.0033134661857729952,0.002729034623030202,0.002180790728687043,0.0016676292994475261,0.0011884235418051503,0.0007420301529919016,0.00032729406467524313,-5.694713757975478e-05,-0.00041185910828289707,-0.0007386069386257077,-0.001038351641909685,-0.001312246919496829,-0.0015614361925031517,-0.0017870498908223453,-0.0019902029862919335,-0.0021719927585195364,-0.002333496784217459,-0.0024757711375400504,-0.0025998487910783297,-0.002706738207109538,-0.0027974221092677,-0.002872856424176007,-0.0029339693841734515,-0.002981660780051243,-0.0030168013564662033,-0.0030402323394014275,-0.0030527650885687763,-0.003055180865146667,-0.0030482307078614213,-0.003032635409113027,-0.0030090855840398945,-0.00297824182439399,-0.0029407349331336263,-0.002897166227512571,-0.002848107912427622,-0.002794103510439072,-0.002735668348066156,-0.002673290090285718,-0.0026074293190276876,-0.0025385201511767264,-0.0024669708901683407,-0.0023931647078825335,-0.002317460353140177,-0.0022401928824251627,-0.002161674409251191,-0.002082194868876286,-0.002002022795807079,-0.0019214061109664726,-0.0018405729148867067,-0.001759732286018334,-0.0016790750811992439,-0.0015987747357826265,-0.0015189880619459473,-0.0014398560442145936,-0.00136150462930118,-0.0012840455092941738,-0.0012075768974000312,-0.0011321842948746053,-0.0010579412481206418,-0.0009849100949850254,-0.0009131426996873415,-0.0008426811757544783,-0.000773558596449675,-0.0007057996925823318,-0.0006394215369596168,-0.0005744342150251214,-0.0005108414820256257,-0.00044864140596700963,-0.0003878269979509241,-0.0003283868273342705,-0.00027030562358731913,-0.00021356808366590485,-0.00015815887746839508,-0.00010406265346318833,-5.1264044373056095e-05,2.5232742473235703e-07,5.050184444144179e-05,9.949988918833697e-05,0.00014726183934499204,0.00019380306235916578,0.00023913891089932804,0.0002832847180229692,0.0003262557925154397,0.0003680674152519714,0.0004087348341386132,0.00044827326064478257,0.000486697865142105,0.0005240237733801223,0.0005602660619388189,0.0005954397550453905,0.0006295598209931086,0.0006626411685033418,0.0006946986433717939,0.0007257470255694898,0.0007558010252068925,0.0007848752797485758,0.0008129843514552704,0.0008401427239732584,0.000866364799890107,0.0008916648971535324,0.0009160572474229411,0.0009395559930567288,0.0009621751849522298,0.0009839287801014507,0.0010048306392036466,0.0010248945243347407,0.0010441340974125524,0.00106256291792306,0.0010801944406466646,0.0010970420140097303,0.001113118878208752,0.001128438163732426,0.0011430128899405645,0.0011568559631314201,0.0011699801751205996,0.0011823982019336654,0.0011941226027829543,0.0012051658183054315,0.0012155401698237256,0.0012252578580955742,0.0012343309621201115,0.0012427714381715305,0.0012505911187759011,0.0012578017124269536,0.0012644148021649926,0.0012704418453495236,0.0012758941729771323,0.0012807829886583022,0.0012851193685605722,0.0012889142606695714,0.0012921784841068984,0.0012949227291869647,0.0012971575569622473,0.0012988933988822282,0.0013001405569070812,0.0013009092028823943,0.0013012093785960133,0.0013010509956643546,0.001300443835475562,0.0012993975494737242,0.0012979216587041265,0.0012960255542111554,0.0012937184973793592,0.0012910096198197607,0.0012879079237677615,0.0012844222823105156,0.0012805614396711462,0.001276334011720337,0.0012717484860900186,0.0012668132229691764,0.001261536455501755,0.0012559262899003443,0.001249990706526205,0.0012437375600597989,0.0012371745802397527,0.0012303093725449799,0.0012231494186494274,0.001215702077217884,0.0012079745842470402,0.0011999740540318271,0.0011917074799612237,0.001183181735598282,0.0011744035752485615,0.001165379634699093,0.0011561164318436568,0.0011466203683312415,0.0011368977300207916,0.0011269546882317627,0.0011167973005967724,0.0011064315116868784,0.0010958631546600373,0.001085097952113756,0.001074141517165117,0.0010629993546444894,0.0010516768617208072,0.0010401793292658112,0.0010285119426498568,0.0010166797834472163,0.001004687830175044,0.0009925409597144608,0.00098024394839058,0.0009678014732230622,0.0009552181128924531,0.0009424983495023298,0.000929646569261422,0.0009166670641889141,0.000903564033251314,0.0008903415834993211,0.000877003731716286,0.0008635544055550781,0.0008499974451297021,0.0008363366040953224,0.0008225755511830357,0.0008087178711662091,0.0007947670667931561,0.0007807265593555712,0.0007665996909622663,0.0007523897251644485,0.0007380998492294566,0.0007237331745386655,0.0007092927386906922,0.000694781506297204,0.0006802023708587512,0.0006655581566405999,0.0006508516196959135,0.000636085449229995,0.0006212622693624326,0.0006063846407187157,0.0005914550615102598,0.0005764759692965526,0.0005614497423493958,0.0005463787014150512,0.0005312651110784827,0.0005161111812981289,0.0005009190684859277,0.0004856908777242097,0.0004704286640162536,0.0004551344337073715,0.00043981014601968127,0.00042445771481425254,0.0004090790098985053,0.00039367585873151256,0.00037825004818614616,0.0003628033254017282,0.00034733739983039413,0.0003318539446581781,0.00031635459873768923,0.00030084096766813673,0.0002853146253869454,0.00026977711587505837,0.0002542299541232751,0.00023867462851967503,0.0002231126014748952,0.00020754531186639724,0.00019197417594796207,0.00017640058905499245,0.00016082592713928534,0.000145251548417491,0.00012967879496272872,0.00011410899446673284,9.854346143356452e-05,8.298349939650507e-05,6.743040148649015e-05,5.188463967442658e-05,3.634601802104953e-05,2.081382729102188e-05,5.2869982027914375e-06,-1.0235744355213683e-05,-2.575572779051072e-05,-4.1274177874583984e-05,-5.679206566355788e-05
14.71829847791372,13.679452843948695,15.123698999872545,15.043923510207094,11.09011591929169,8.858339706526522,7.59300318956582,5.636597296323657,3.413002576273186,2.7355948648370827,2.5803167948097325,1.618240119957136,1.0997820391388018,0.04867501907745009,-1.1444662592634813,-0.6554028522099884,-0.26462081399711224,-0.4184322299028054,-0.5300044756154989,-0.6783638214536722,-0.2832295328791474,0.6470933111513091,1.02221015049696,-0.20030000687984284,-0.8987652376595179,0.6844746925724507,1.536245410147103,0.672242101854124,-0.16396544328182472,1.0214976723209475,0.6478314558299871,-0.054454373283761015,1.628853452948988,3.1464047767516377,3.0217088966030587,2.2985384682165773,3.0522210209159653,3.7477017740930023,3.018687848948673,1.4781645563668917,1.5114862901284596,1.2978000208071876,0.38267712837512136,0.8199896442741874,2.0979357335537543,2.729280129654569,2.4918935573958265,3.1274526210123668,2.7642608728153846,1.3144350289332465,1.389096656021195,3.997926759603615,4.766023686763901,2.5579263027615298,3.515303123206877,4.238349019245675,3.9015077780719594,4.969689071638527,6.108302670028706,6.775085727216265,7.06214368282906,7.175320312658528,7.768090522218927,6.97476346043004,4.212362343152336,4.424948262988892,6.480684674509575,7.38710836908615,6.031333126740833,4.258968082534807,3.586642276208636,4.161416450512149,5.042002600859178,6.408633302615726,6.821179298822528,5.329592478766358,5.748197828913021,6.593803933628351,5.9497471227710435,4.765574004319262,3.2948161869798014,2.7576185724332163,3.830119385222474,5.02625564639402,6.436410527185558,6.738277487224821,4.555472194061053,3.238935080868771,3.1487919162910316,2.731258232967889,1.7094962701447685,4.050076197066062,6.181329486636059,3.8013320797982146,1.9348499731912057,1.7779744669143156,2.421938269144448,2.339657259870137,-0.025341350847952526,-0.8625567099618365,0.6962210266900684,0.3383630746120616,1.1308182164052596,1.8221453082562675,0.5745383471761443,0.7265522319455613,0.7217527902199095,0.06928805238965197,0.033341377060878585,0.0675797584888187,-0.5729687284206193,-0.9166317284105503,0.3777756221040818,0.26582714417486386,0.4983847070132015,2.366715426685346,2.5403212327003075,1.6106398530517936,1.0398057831856704,1.4308224981090234,2.113377939160614,2.2402800217845424,2.933361108290228,5.573028776412116,7.611772830079872,6.024024654592267,3.560551543992574,5.548566723124793,5.626043558824449,4.243943144320781,4.212539975082393,4.26660763390214,3.006825044037896,1.895992284118222,1.9008458996671607,0.6310055473908278,-0.1533355756203605,1.4872759185294626,4.378128675993025,4.187376184429809,3.799571640170882,5.020227293466064,5.776986362264211,4.662713730460268,4.168314475735087,5.033869234888584,4.986274634139249,4.578598671318957,3.4614125077412723,3.1660241515476173,6.145829887784885,6.218666602866392,3.940010949481916,3.414411224079572,4.94584770215306,5.162946313848806,4.506771459572349,4.468954650387673,3.2885024349627088,2.199324479523284,2.401913373397747,3.3382165641073698,3.396622909372354,4.6766110209820795,4.823405020672908,1.9164631816609017,3.5590775233370664,4.9053821586024355,3.9936356003096876,4.939396896163885,7.443795983568975,7.263778956379838,5.504069484384445,6.619427132086344,6.851170972176249,6.761969513058716,7.2649849627869685,7.282595161810832,6.673883767050597,4.735067496229476,3.7559842258540357,6.472119552283743,6.864014848623299,5.2850135751401695,4.704394784997703,5.203070303639038,3.776654855208335,3.81419526073023,5.638850512392196,4.4368163303371375,3.6192939743386887,3.241344123770091,3.2892709925596364,4.818897513470006,3.566618800102674,2.426757950966021,3.826291516500305,5.014034183376452,5.29904195485517,5.484297334746543,6.536356515706871,7.460379878290837,4.143851368167475,3.399821811921015,6.044149238937962,4.310995781982115,4.568312031902224,5.995754691416209,5.711975367739058,4.470695869291433,4.057192609077731,3.1251497561579527,2.3265115719196388,3.6904497884386274,3.750896647326954,3.252813073886273,3.21117914957847,3.4921709196469806,5.168995358217046,4.9848725179314215,2.076637657189508,-0.059133253159188826,1.8953635774149689,5.011228423298235,6.004336759965668,4.667834069581886,3.557743651846522,4.52534590803549,5.446121323103512,4.167778933376894,2.9886803067417986,2.2175015357126995,1.8442233455769497,2.2367559273715187,3.554360606070361,4.588592184143863,5.0459526183919365,5.34235502784918,5.667210562110881,5.633544338490196,4.421916307969809,2.4221754089593333,1.237426973614106,1.2050900567157896,1.5687115189909946,2.2106320459696462,3.7969446077168527,5.971677744250371,5.962081051440293,4.708019494785901,5.073643332250299,6.113043757244668,6.645936455816013,7.475343387472435,8.956318317831574,9.277349323570547,9.125550294718721,9.162704603727207,9.5866664878356,10.271009482856925,10.334820081953126,8.62032828243531,6.731298692663756,7.039927676153752,7.384811069774912,8.266897522029126,9.02224846832786,8.056199419736743,6.462012231190272,8.034547073096974,10.307921282164159,9.892392749066175,8.425470530951031,7.0002291019775384,5.928705716804302,5.529254068738908,6.041583459390495,6.623829151114364,6.115430733748326,6.172691148419176,7.418099248147996,5.793845417124544,4.011192784056789,2.5161145916274563,1.0071471579625495,1.2395892448894301,2.6689043084425066,3.4162356123381414,3.8117715635582954,4.966248323164791,4.430190489401298,2.9485496541212797,6.3661304817841255,11.650448523635077,5.2652650321969645,1.2099235910415018,1.3861720423702195,2.072192433564169,3.2792599351059835,2.3923677719777743,2.226684622485834,1.6878635448402974,-0.7153237289325602,-0.24024943442094582,1.1831138526168274,-0.1895046022175393,-2.359150553977315,0.11304300705137393,3.486126358282263,1.8510284279343523,-0.5966163938390991,1.1517838616840663,0.8147269720722079,0.36238906651226444,0.26909658334329833,0.11110463560305561,0.2638626453571078,-0.2582639608142472,0.18174036376728964,1.709693771421371,2.464445402153274,2.216161363670494,5.308280222314238,8.36268270562232,6.147123033741764,6.2602872077389975,24.909808367874234,16.129582456114008,-0.2285344300718748,6.083430357890961,5.411962473255244,4.473084314446055,3.987151234786097,3.262713941071013,4.405441882006244,5.649757842135216,3.546337827566731,3.8388504434961987,7.138059887750842,5.949871575835232,3.3556906977295284,2.3730485574108684,2.1865903810997906,2.4694865483371586,4.633737786410961,3.8895318315198892,3.5549050775827595,4.889482885033885,5.235165649442024,4.940445074302886,4.270407798579811,3.848843580472874,4.121319094891362,4.459242917016354,3.061537858334759,-0.5289711277004017,0.6703599421475701,6.1000965476955,5.596586572426986,3.4089580515349667,3.8019024253973726,6.505900588418058,8.252409617310946,6.882962842496681,5.021563472280036,6.239571204404115,7.074653828205214,5.157770745391076,5.895057652156993,3.6743391820461966,3.1747296622993417,3.8767041367076445,2.1914013940890413,4.713797726216114,6.538808170564835,5.9479012483097335,4.579631008385206,4.128947389310497,5.671201482969991,7.753271067962601,6.16071133428261,3.031463171206724,4.088610894909266,5.957124504746275,5.049021931056586,5.109114697919608,6.849376910450246,6.742066586679925,7.379741352671147,6.581612213014182,4.927448516356378,5.651254793027874,8.026036545457544,5.646606572276994,4.219654310920475,4.741907696661485,4.750865727183225,5.004211252149901,7.298902769186384,4.5184766446368485,3.194661874330393,5.3683727932640295,4.238055155250038,3.0799129663257077,2.677626615363579,3.1224018180105872,3.031017752619505,1.5292864884279993,1.344063492743885,3.256494851430489,3.2965973655543053,1.712374571079181,1.4634080434498173,1.2250384642172207,2.3015126185915733,3.9865486048261687,4.900524447273142,4.782897361473488,4.432724902993925,4.414689149111609,3.664290825627802,1.4313612715625936,0.7489651020851511,3.887654582197115,3.1228341969256803,1.8658028179232247,2.1747401080743316,2.4964669011052933,2.5191978562369854,3.4550121291373443,2.207364355976324,2.6071380266415076,3.341081888799579,1.756558443075221,4.3153097387975095,3.6260808234678734,0.7649319868847897,0.1814888300669395,1.7452377173834748,1.7085080126328194,-0.20353173944141645,0.5397983096627286,1.3632229921615817,0.03475932261972048,-0.5158326566583469,-0.1690040884843711,1.2307486981041507,1.3133267991635194,0.940656334159371,2.33913472677159,2.8877777148176165,-0.13974587748623435,-0.4046124854043569,1.2151754467049614,1.4145259742875282,1.1708787695530418,-0.3178371347883058,0.5406553214172618,0.806592887879674,0.8572593793840042,2.5284651413844585,2.1195824453276373,1.8416349211418606,1.4538332426567422,1.0299630948508138,1.8545644118506743,3.571979270880149,3.3784599640974307,2.5210396764625784,2.1025556984492937,2.124526709052134,2.229798081307365,1.4767118019703958,-0.9323779140114539,1.1550783131380626,1.681128839830194,0.17507166282763365,1.750646749452244,1.8481016178779441,1.492583513557861,1.2735400342442063,1.1590807378061072,2.1789300449927396,3.8174021043953417,2.9977756904622197,3.6031375455107195,2.3655731355181615,1.4095931032575777,2.0653047787725995,2.0214884468508103,5.349004263874349,3.659575221186003,2.351087105306192,3.856276411016438,3.608855960489848,1.8331876043340571,3.6465771682087507,5.456888155783076,4.393144594740306,2.6719248987154174,2.0278429307011265,1.8999800599349328,4.3269657927139065,3.493883302759059,2.0055235830479887,0.9173608709199925,-0.6565675644162638,-0.8132535982225022,-0.6355834846478388,1.5774390850879172,1.8511880499319204,0.35480550163447333,0.3809379854989743,1.4761382613482965,2.0064170587240255,0.8371746079914146,1.2805577650459554,1.364045333315687,0.1611364959853745,1.363036598663541,2.334534955219965,-0.0055936610760340955,0.4212153286538296,0.2461693809307235,-1.0794252128926587,0.7970744838413566,0.5430803948812581,1.3729709170026467,0.5219068633761026,-0.8715087073123868,-0.5059835795831304,0.4776749356826713,0.2907458356697248,-0.3337634145799484,1.154903644338674,-0.9553716418802196,-1.799010289126727,0.8531930882477354,-0.11975804046880967,1.4745552360361103,0.3175666865544713,0.1652033406259079,0.20094346556459186,-0.3384509964292306,0.15270887870326533,-0.16065001517330302,1.6472939759252085,1.5983418796214437,-0.35546862478520325,0.16105672045182473,1.2801652527655278,-0.154591995579608,2.7355531648207716,2.438562348363007,0.45512272596613457,1.3307515469588225,2.169040966329135,0.26749169739650824,-0.6129558220177387,-1.1116602531070612,1.5977240533853774,1.1592722580121517,-0.6082885388370869,-0.5323189991844401,-0.2956730305735391,1.246254342691259,2.5232577910464897,1.422681909131711,0.15129852949479528,1.4142313931968147,1.615975564059795,-0.6031647093458332,1.6662491814375926,2.661298534948344,1.0258332819277598,0.4821942979249343,2.057104680124496,2.0658922138197795,0.4443068418748908,1.5599830661900569,-0.515007399906267,-2.096746075255396,-1.1578645559070537,-0.44077958832770037,0.7663576942657642,3.0089881688588775,1.9981715322857667,2.39540663360674,2.4861240068306074,4.334776163222671,5.543657162310694,5.020205893816751,4.353806493878324,3.722404608331317,6.60268201989652,5.997473703507353,4.0983346769542095,6.45591970007689,8.53692926546006,7.562640856814937,8.607266895175712,9.762139406640244,12.119230425720673,11.871127465793165,12.673093830263952,14.666353549489259,17.07599169120317,19.15577837994215,18.110196143971393,20.182727060822117,22.00326497122478,22.99137454919969,22.90862876648748,22.799007963660188,23.421272905270712,24.06939936112724,25.481055827270325,27.234362494362813,27.6116911553529,28.920465811393,28.774656774731795,28.462456319087437,29.81697571571226,30.1379371591442,30.441398973551827,28.44644991657583,28.132246502498106,26.22711842634635,26.36439134922057,27.452656864196342,25.828085715019483,26.069063917748053,28.188575735709946,27.20961259095145,26.601757324942923,26.83187399374026,27.405672870176545,28.70886642671013,28.744992764372682,26.526376175809105,25.296783391664974,23.802755589557705,22.90688976703575,22.410470726918902,21.65060861805648,20.318415254501247,21.082478312588478,21.86434364189023,19.027022268887208,20.663015221125306,19.750746916417427,19.86019244064954,19.50773603744551,18.882458939019386,16.821755856498896,14.896631673312868,15.833424063370728,14.945749484356213,13.560497957095151,14.580851953150841,16.531971347802482,14.89873135511914,13.150014325035272,13.90628192815916,13.739715711503777,11.967551983797705,11.6257451622198,12.087009941803217,12.693633829615976,9.577698045899979,10.175329172392992,8.491927735406989,7.237544122627128,9.36237069481166,8.181558805761028,6.872166832023311,5.178726697224874,5.467382186603686,4.399900346821994,4.807786447334934,5.290337065654626,3.63575210710826,3.0797101960360465,3.75022357757814,3.174352040466374,4.567723113644433,4.404692035964672,3.0601262848197734,4.366687086586239,3.221366416315618,4.1404185077032025,3.8230196355889348,0.8517074771771149,0.680723428932879,1.4329794564471285,1.3653901427854862,-2.5576410586124894,-0.5711432038932571,0.18509481519322435,0.22528146043362085,0.3471029583079712,0.036996733471710286,1.1467871387603736,2.29276385534115,0.978484516108665,0.8159659973377416,2.184284403626293,1.3600072130540752,1.3465693610534117,2.8518734204935754,1.7107444370087705,0.7487298272957332,1.5930125791644514,0.962145234458319,0.2771032714225612,1.897918468572243,1.5069797544465473,0.1996702525583487,2.3480147814258316,2.594027153272009,3.2229399396590566,2.4161951695432435,1.460916922633885,1.3182402674893865,1.7080281539200541,3.188339200693804,4.3497330764785715,4.285546230717898,3.825290214991412,2.878432207011599,6.452949744149464,6.004696052495433,6.118155304641618,6.999362586382517,6.375348465447132,6.103971667050132,6.501647407777455,6.171441905145969,5.222371654242352,4.459894183399683,4.85246088347958,4.25902562904173,4.655057922681181,3.9966481789809905,4.308856073581012,5.128917396128145,7.105395630383725,8.69682078823314,8.988064944459609,7.873905310023815,5.699710238095406,5.78933240187547,7.48371374834403,6.953141348673,7.176220617459705,5.938502074768735,5.065971314058004,4.546478569310352,3.053359407755238,4.756378385333505,5.210919869837994,3.468858231938839,3.685003112230106,3.2419164899669113,2.5751690091070145,4.138763606604016,3.4313806962696844,3.8996067721799363,3.890632233319593,4.387480828947275,2.9492562415238126,5.077536079996548,5.563478957215295,4.69815142554188,3.8606932114589654,3.2613898118685256,1.8864357614313008,2.232340210075222,2.411945126897308,2.118353488229161,4.589834044833083,2.813221009463973,2.222735831205796,4.116643867273865,2.895779832687822,2.439493655803062,4.836332973443746,2.5083107546566907,2.5854167797771197,2.923073927918722,2.4541889505126733,1.6194808066829864,0.7520021945096005,-0.839364271750469,-1.165468719056264,0.5314017228396324,0.8921196556843256,1.0331740831626917,1.6132902478728965,1.2891486113612132,0.9926675109543339,-1.0215114562640792,0.8689595063510183,-0.179748215029349,-0.7770883211300657,-2.0289726941064146,-0.23985288622037615,-0.7172426382949766,-0.8719553185627547,0.15561906521162427,0.17999415715206624,-0.8518701251165339,-0.647646450328466,-0.8672085263596045,-0.7253552900113505,1.41007725298266,1.7052568599371511,0.5058860592687893,-0.23362917785038917,0.8922584265851015,1.7815911392904127,0.45548853033352543,0.25257487443548143,-0.2889101207157978,2.65977005348185,2.181810332247153,1.5021595352123427,0.5166341837507389,1.4410579732382303,2.2333504946527114,3.7598174253357115,2.466109922418127,2.4573636303308604,1.7045281558777106,2.84289001832974,2.7371362012704594,1.508545200869662,2.4427934329427217,3.7873186370598546,3.6975478104653803,2.0572706087808115,2.053071728029579,3.6289819475704803,4.895383159814003,3.620036044663891,3.507254747563252,4.263580835154755,3.6419727596841653,4.309756222819715,4.955863007345499,5.7302535178039875,5.852559294011087,4.381919359397671,6.235656966591762,5.230203816748542,6.673629171050777,6.133370664145673,5.828934355114143,6.227048590090703,7.628425507316308,6.949133067639821,6.605757267895285,8.595938097504018,9.315538762264055,9.809225319317363,10.80247954464295,10.865508795796927,10.599799867665638,8.97610116389734,8.0884510437848,7.871066412370453,9.912216100226715,10.764706725037627,10.679494548031983,9.672946130920195,10.421247524104615,11.385923166161376,10.963799187916834,12.00638197808945,12.24185529581473,12.453516445683817,13.174997201461736,12.967485464608501,12.714006197990841,13.341772520851862,13.007518986112075,13.872098685561923,13.283405646567587,13.40448753858277,14.816969804282678,14.997007795894092,16.385080335118403,16.34967377715975,15.951747203948344,13.338897466744015,13.980222507178837,15.078949792369713,13.316729463677575,14.009182322536674,16.14029331722395,15.054763768535565,14.467502123473025,14.65026957160785,13.477578541308759,12.965755181463777,14.09157351195347,14.45326621702037,13.222062618624648,13.222694011368503,13.85938865866379,14.13561666571485,14.405707347491159,13.163942218681456,12.731505650278336,12.604751595318419,13.001102069624892,12.926307906670786,12.405497301928165,13.258993691441901,13.870534798050357,12.940110680802377,13.221207326146043,12.770135354252773,12.803711265321994,12.926949135078388,13.224186099695743,13.433414008512557,14.076574194112538,13.527504839097503,12.98272033071649,11.594147521827495,11.637064017797769,11.03869328606416,9.610275574693048,11.15023264506894,11.328689399111482,11.017963837584034,10.643030909435709,8.89072054092091,9.925385397701831,10.731537168477843,10.551911036714813,9.938216332450963,9.552512893033935,8.589726993629881,7.637850360404002,8.898933308790902,8.387052367979123,11.265758274920216,7.761863867313622,5.857063668782899,3.817582066413763,5.538839028577854,4.027490714154055,5.0921946812625265,3.308026542305413,4.81378210359054,2.0938836716777587,2.3524643754595616,2.0254686578777523,1.3192264688150601,2.9993479511151406,3.552878662574102,1.3462278747250593,3.5312048944383037,2.2856961644690728,2.0340935117569643,2.364286459476574,2.2946300256353425,2.054309680288611,2.17268156246638,1.8106476262751414,1.198323475741006,0.9637737525751788,-0.17964039048393943,0.4070860238228988,0.19203079611688167,-0.5851218683770583,-0.38567655316833793,-0.42708134105188833,0.17647572896103725,0.4578903137378916,-0.5460814738685542,-0.6630481908180741,0.11390544475347042,1.4320821382621034,1.0538053356866044,0.486057763625638,0.3161137913442644,0.1853248879391458,-0.19098289972939142,-1.3420361556381124,0.02136083712287018,0.4493271158013954,0.9280321305480186,1.5714986801355622,1.1923273513926063,1.906097089623188,0.49746936250002705,0.18526377228141655,2.317358709369387,0.5192662126317487,0.8498782161535985,-0.42880365669566345,0.9022381236764545,1.7798140283076407,0.9073970356682537,0.29398667964542824,-0.1191818788399246,-0.08076913814824138,0.27056619361209755,0.3679282929081751,-1.1255524457324384,-0.6740497417233087,-0.1562006588136171,0.8756430988634634,-0.6341034897200473,0.5165428262185969,1.6188202323132543,0.9262929123480887,1.0140886089286028,1.2001023060151397,1.1118754926046677,1.2355768570197654,2.333330176590806,1.8487318834107498,1.4818784203802409,0.8800706353705152,1.581646215369517,1.4498328960769413,2.2653997589341657,0.6607087579773179,0.33786954550728865,1.5034625329494133,0.8672571848561006,1.7521667363319864,0.8754829978653049,1.5799706271885725,1.0518695362829362,1.9916406705386862,1.3154278535575656,1.6925485379022973,1.0085828619756114,1.4176807412144683,2.6051962138303395,0.8370343237275222,1.3234510505798198,1.7544996536387885,2.607663069381289,2.492977159420036,1.7820131691327674,1.6852550584666517,1.6674285525269568,2.497794120002766,1.7984563011216324,1.2751375503940778,0.15766902920384496,2.5154203456396544,2.287573103742062,3.5179229138221046,1.9638119103631482,3.510786221759446,2.567569880609966,3.8689363731225512,3.120590935584005,2.7425633685594164,1.8755405091874877,2.7974922455459534,1.814510226400671,2.4228713676432676,3.5436113148471975,3.3847527759862146,2.3538420304542456,2.960231659794914,2.783205040441061,2.9006261854195543,1.0108727454524171,2.488393248191187,2.115900280356442,3.3971755157668895,2.823076222315308,3.5451496357940755,1.6367261569535856,2.617455412107404,2.6014387681933613,1.928180162434984,3.3947638383181697,3.4900310486591763,3.134554884532349,2.085516974727625,2.024964357235632,1.248927015792276,1.8695358058556621,1.9373522441241278,1.4796527482329225,1.952989054777447,2.478433016059654,2.252861953145157,1.7547386326154708,0.8018352881489932,0.43041457853584575,1.447201118515693,1.4821616672866185,1.3775125951860048,2.365774689764663,1.1778053928144914,2.2733742630653637,1.2654489836543519,0.03172174182611798,1.0487920689837722,0.5965279259754084,1.1740507088088066,1.9544014315735296,2.1175179636102257,0.8352660794053861,1.3426216932562056,3.13957528437075,1.5293093363667367,2.0959203255449808,1.4018218360176036,1.586537532831926,1.7370549301110145,1.0085300234608638,2.4704634223795807,1.2612490681294588,2.3334972686959787,3.241434111701409,3.3846528830589335,2.3894845206125126,1.1311915085065323,1.8035556842219478,2.0868242262222765,1.7645919109356498,1.6658100565960865,1.1922905227518186,0.5821792308856999,1.232649082860874,0.43937145747881345,1.097123445237088,0.05573732951245347,1.0156617390474878,1.0731277677141406,1.964411573833786,0.011925072672809733,0.5789659083494598,0.22001672134797445,1.72553726710764,0.30532932008168245,0.5292561276774421,0.8305537095036328,0.6023579345872037,0.4436151357746354,0.23053141233690155,0.9212525164489449,0.2961135082873767,1.86137098676285,1.1323070949051726,1.0101748589430315,0.2645591010540329,1.5705316029452518,0.7742838098091909,0.9843132231640652,1.4377717470800917,0.4548800348524793,0.6386115867217796,0.6351374892765591,0.7562858087011648,1.274959376767768,1.4400970213973352,1.7727397989718838,0.5154023157114835,0.9194948745855243,1.4842228320037805,0.7803246555514676,1.3182893357782746,0.9048856924279107,0.933285306481622,-0.02111987258355441,0.6025509029824008,0.5825400402116401,1.2094495050218228,1.2616436562484665,-0.1637419059131986,0.08797681551698133,0.15449477694284042,-0.49490432891224145,0.36962988665142404,-0.32340074270348396,0.7236462047227832,0.4306926584496722,0.1544814595187205,2.130028416156051,0.5585739915498351,0.4962244637173825,0.9821106519866447,0.6411940145396784,-0.014814821074367046,-0.873329436933588,0.1338489141678849,0.8688729378973505,-0.17573357971272685,0.657729452084368,0.5551392178016954,0.8662598601052025,-0.06205133316952072,0.047795566237923026,1.1706262083180974,0.318367983887498,1.4518464821296533,0.15060063929755074,1.5388317220455434,1.1062576445655452,1.4039899049593316,0.984215635331779,1.3567786877403734,0.4304867440436908,-0.07122404850339592,0.2714706589342768,1.3344353490208505,0.4677623825468231,0.7287125659606914,1.4808973669425427,0.5231317325472418,-0.33773578581863717,0.09742388955152137,1.8168361975267686,0.9813187303196429,0.7140149482638378,0.16890622625641072,0.9468198760937554,0.46002270684172686,0.531494628685067,1.0307471830522275,0.5499709964058894,2.1363050174268494,1.1725738697793417,-0.13810079529201857,0.8095097949694434,0.8367688981940802,0.06412721547530964,0.4930549565149107,1.0439828958908919,0.8161289903212321,0.34121383870744637,1.2354000970100572,0.18297325083766225,2.264329196926738,0.5818975051226829,0.52237875907241,1.252868992045606,1.5370904668123018,1.525606141168197,1.0709670394149526,1.89574966805894,1.4022713322717664,1.0463693502866676,1.578558634484736,0.7080408212233209,0.9073535706445597,0.479898424723217,0.9777722082338371,0.9322968566524423,0.8199770079709339,1.4528541637385075,1.687166826026143,0.40870581133619055,1.6319620238019468,0.3049704856215669,1.4745094945178465,1.2108100765053749,1.030426504923284,0.5248793626936816,1.6301601074792416,-0.3360412471468379,-0.4552162165941951,1.7962571789929669,0.1299746338746246,0.8361067969623903,0.9933794494339736,1.457179208045872,1.5155364805973335,1.9160419234568593,0.7370317384607858,1.297869767872541,1.3491026415805152,0.3459849590512931,1.5372968806419607,0.38935164368348296,2.404785879140377,-0.1851108668565331,0.7333130770677627,0.06252957426085004,1.236359596867871,0.8181521564354739,1.4751913825735272,1.1551339427055822,0.3688535198220251,0.6037289609409129,0.8441521682360076,1.5565897210569375,1.524322536945533,0.679320647804218,1.182195443112974,0.7770314499860618,1.5510183934804118,0.5117255596215955,1.6861541472045474,1.4297392943300338,0.8010295263916305,0.5553696430452035,1.374892693921744,0.8481952961621744,0.7393080419669005,1.1405466560019946,1.1424491400769057,1.4467136602667665,3.0799131463313714,1.546697318173642,1.7861409417090854,0.1703134707126992,1.8351086432359125,0.8492052144785589,1.401410387721313,1.7415626228771544,1.3388453324913954,1.0995030647675321,1.338246573135848,0.4866039754415681,1.6338791346114476,0.7369600934275127,2.220004628744789,1.7720820953336158,1.8380218188349886,1.363324334400403,1.0637727387404894,1.1231599409639728,1.3909510460484,1.2559787224365664,1.7585418691049597,0.722848103426486,0.22101822751542954,0.7784353003027888,1.1451069924067383,0.8591192047073832,0.9247251735252746,1.2065372411634385,0.8190074401672689,1.1947181755925627,1.1406910100962193,0.9056893302227706,0.8364454636233347,0.038106869548016675,1.5555220039245512,1.0676221130593717,0.5299839481070592,0.7999061078057821,0.3587258341843267,1.2731837316637424,0.4237410719174193,1.5024472866539327,0.13817656379174537,1.8691542898815285,-0.1728196384179057,-0.04315750171960531,2.469175290189753,0.2131608373024676,0.9742243215507074,0.5983930916609381,1.2730354176139578,0.9080842068167385,0.31951243102324156,0.6565372949093273,0.5069021247639682,1.780327796578863,0.4044508613633617,2.50852779402274,0.3402709158579036,0.6812820678247213,1.218976274015123,0.2541489225217468,0.8966715887437395,0.8401388909024945,0.8489690269858805,1.484416963995269,0.9150240372821692,1.0581698584389834,1.8635539701387493,0.4662567449063353,0.45341334632828634,1.8112315384599924,0.6966038544687478,2.0144695213986097,0.4982474634789469,1.2655765267831498,1.1910592374183864,2.2692473357542724,1.7097612601932362,1.0585630801231254,1.7927117245952218,1.060826304279999,1.3658939604157752,1.4900727181482125,1.30284842318693,1.386885406877866,0.7522084049500108,1.7940310708404148,1.1906518521500935,0.9407921432976423,2.019613649323901,1.819994961171119,1.5107029108132792,2.271440885285326,1.7730505788038613,1.3096454005799387,1.3209017081299272,0.7801528019803357,1.9889197930723164,1.1927086996833225,1.1572680322389317,1.108949895883054,1.3933804194370794,1.6655537543722687,0.8634267118941068,1.1161390268626121,1.5504595134443981,0.6944172501689536,0.7327565535860856,1.6582489382599341,0.22675407179738727,1.4336143356190405,0.7694800108331776,1.386620421588276,0.4365037286590052,0.9423306659498394,0.9676251811613668,1.110981547072413,0.2832574284688576,1.6601094970805512,1.2578010857647257,0.8273670898831256,0.7326619506484633,1.4020770748764733,0.2013378567857238,0.7508292030969983,0.4519380450750532,0.864569076426136,1.2608366472008186,0.4156626381801516,1.0034725119471979,-0.2168013219558702,1.0411458058953542,0.8109809407503974,0.7162529207170945,0.7205764589208741,0.5121536373524673,0.22343943377953224,0.1638974035994636,1.1925983567822982,0.4801880228212667,0.8498217012809732,0.8679445912166841,0.32687384649656614,0.3827714057152338,0.4917001833859711,0.851769411945952,-0.011244489009385461,-0.06772378491524478,0.7505979754603516,-0.017681847842908383,0.3855727188145579,0.308847975184678,-0.1452852304408907,1.347412162752903,0.8244517949571275,0.43277834575499696,0.7840733507609343,0.6726459802291931,1.0064051032281043,0.9193995438394307,0.8945530712806828,1.5215493878537512,0.6636764994106823,0.757233657964008,0.9783910742440565,1.2382412923154522,0.7487724493216223,0.21912774809615598,-0.17135009844389515,1.0002986585060683,0.7162090481010068,1.1178473211822944,0.9173030547974577,1.1757162360598823,0.03850677439067063,0.8149185430601715,1.0479829481090803,0.3300038513176844,0.5619178603149635,0.5353132526103064,0.894982023019935,0.43981271622206464,1.2947750633369424,0.8164700304949122,0.8052049667999182,1.2450010526726203,0.17620720783759225,1.4022480560714126,0.3069439020774496,0.2692235147652582,0.17919269533840065,0.7089472693475312,0.6521755660916426,-0.21249744185291775,0.35982264597586777,0.25167519417720996,-0.038488984867200315,0.4198630722651444,0.9207147603916042,0.5885223785103619,-0.43817972619328316,0.18139226159124178,0.19580475824596988,0.06845169955030794,0.40605852941325793,0.37837377526111027,0.552840511621838,-0.018044685537802252,-0.6821315746794019,0.48078284235037927,0.7403322021530414,0.43779296892307684,0.7421016165924641,1.0341076841395127,0.5489115442302932,1.6262472742560874,0.09787808678049714,0.00932216251012985,0.8625738839116357,1.2119113964050419,0.8864907842080072,-0.1658701091597834,0.5757947217520893,0.6381010606471875,0.36774634446501864,-0.1428492829741117,1.3988208790034093,0.6387343170748068,0.9644903491656018,0.31777109981123886,1.3620245921237872,0.16938783950234892,0.951902218197545,0.7220150666775851,1.2635702651833185,0.08973500890013497,1.263107213824469,1.3147772949138243,1.338223484082846,1.5359336245051631,0.7413883149365006,1.1627108495076754,1.3053152502125727,1.2768664756306691,0.8251193425179508,0.9057281104088863,0.9690950718656381,1.832643512709212,-0.31744994492129397,0.797070777283551,1.6566133378875918,0.8396874084906196,1.379056168584385,0.7574391307755661,0.8435672702596548,0.8656757093579586,0.8822616701781385,0.897812850699097,0.9126731457688777,0.9268768931383704,0.9404378352933236,0.9533677146833384,0.9656781797141889,0.9773807834548336,0.9884869824064708,0.9990081353321614,1.0089555021462502,1.0183402428623083,1.027173416598174,1.0354659806378947,1.043228789548209,1.0504725943490598,1.0572080417375673,1.0634456733635602,1.0691959251559524,1.074469126699114,1.079275500657758,1.083625162249632,1.0875281187651353,1.0909942691321817,1.0940334035257706,1.0966552030215553,1.0988692392915596,1.1006849743424425,1.1021117602939512,1.1031588391970217,1.103835342891557,1.104150292901437,1.1041126003670172,1.1037310660135802,1.1030143801552015,1.1019711227327775,1.1006097633858474,1.098938661556815,1.0969660666270897,1.0947001180842904,1.0921488457194357,1.0893201698535506,1.0862219015928076,1.0828617431112377,1.079247287960726,1.0753860214068993,1.0712853207906505,1.0669524559142474,1.0623945894514009,1.0576187773805827,1.0526319694408528,1.0474410096093152,1.042052636599891,1.0364734843824124,1.0307100827213844,1.0247688577339602,1.0186561324665604,1.0123781274884607,1.0059409615034554,0.9993506519776076,0.9926131157826887,0.9857341698555615,0.9787195318715192,0.971574820932517,0.9643055582686202,0.9569171679522981,0.9494149776255938,0.9418042192388327,0.9340900298007568,0.9262774521396864,0.9183714356748851,0.9103768371978447,0.9022984216628345,0.8941408629863759,0.8859087448552998,0.877606561542251,0.8692387187289512,0.8608095343364823,0.8523232393620219,0.8437839787218309,0.835195812099812,0.8265627148014971,0.8178885786128092,0.8091772126634282,0.8004323442942223,0.7916576199282588,0.7828566059453124,0.7740327895593282,0.7651895796985855,0.7563303078880494,0.7474582291337128,0.7385765228085006,0.729688293539624,0.7207965720964467,0.7119043162797709,0.7030144118105852,0.6941296732196633,0.6852528447361408,0.6763866011761479,0.6675335488304768,0.6586962263513669,0.6498771056377279,0.6410785927188556,0.6323030286364428,0.6235526903241464,0.6148297914852492,0.6061364834677647,0.5974748561367846,0.588846938743842,0.580254700792949,0.57170005290331,0.5631848476687082,0.5547108805128573,0.5462798905409727,0.5378935613873637,0.5295535220582792,0.5212613477706896,0.5130185607860653,0.5048266312397516,0.4966869779652825,0.4886009693133815,0.48056992396593046,0.4725951117448801,0.4646777544149643,0.45681902648169626,0.4490200559825439,0.44128192527301735,0.4336056718068164,0.4259922889093559,0.4184427265454076,0.41095789208060296,0.40353865103634234,0.39618582783822376,0.38890020655790636,0.3816825316484085,0.37453350867278346,0.367453805025832,0.3604440506490789,0.35350483873867233,0.3466367264462349,0.3398402355730923,0.3331158532567997,0.3264640326507049,0.31988519359677525,0.3133797232904385,0.3069479769386021,0.3005902784103398,0.29430692087984767,0.288098167462266,0.28196425184211193,0.27590537889403777,0.2699217252963422,0.26401344013677885,0.2581806455109472,0.2524234371131797,0.24674188481967008,0.24113603326418342,0.23560590240634838,0.23015148809213315,0.2247727626069036,0.2194696752208074,0.21424215272679703,0.2090900999709504,0.20401340037491877,0.19901191645149652,0.19408549031209077,0.1892339441668014,0.18445708081725343,0.17975468414147144,0.17512651957190428,0.17057233456537801,0.16609185906617085,0.16168480596118684,0.15735087152816618,0.1530897358763923,0.14890106337998077,0.14478450310400603,0.14073968922349422,0.1367662414348274,0.13286376536038347,0.12903185294592845,0.12527008285087504,0.1215780208312367,0.11795522011607318,0.11440122177660328,0.110915555088269,0.10749773788657535,0.10414727691531311,0.10086366816852887,0.09764639722564539,0.09449493957964705,0.09140876095887052,0.08838731764214458,0.08543005676727944,0.08253641663350209,0.0797058269970421,0.0769377093602941,0.07423147725512536,0.071586536519618,0.06900228556875732,0.06647811565883899,0.06401341114590764,0.061607549738170064,0.05925990274258197,0.056969835305295646,0.05473670664676433,0.05255987029022435,0.050438674285402385,0.04837246142596996,0.04636056946165468,0.044402331304979725,0.04249707523231905,0.04064412507983661,0.038842800433968705,0.03709241681684716,0.03539228586626564,0.033741715510672066,0.0321400101394147,0.03058647076747434,0.029080395196046993,0.027621078167470614,0.026207811516172796,0.02483988431433204,0.023516583013332593,0.022237191580529725,0.021000991631495936,0.019807262558060756,0.01865528165197361,0.017544324224189722,0.01647366372014858,0.015442571830760699,0.014450318599728007,0.013496172526402006,0.012579400664890272,0.011699268719780775,0.010855041137688204,0.010045981195304421,0.009271351083725676,0.008530411989397635,0.007822424171763487,0.007146647037075127,0.006502339209220054,0.005888758597507149,0.0053051624610702675,0.004750807470117024,0.004224949764449093,0.003726845008543478,0.003255748444416895,0.0028109149412784973,0.0023915990427667566,0.00199705501145786,0.0016265368706740446,0.0012792984439897737,0.0009545933924073324,0.0006516752490028921,0.0003697974513841018,0.00010820698560110031,-0.0001338528233247871,-0.000357139721643307,-0.0005624101303567386,-0.0007504169348919731,-0.000921907452806181,-0.0010776215724206395,-0.0012182900553625586,-0.0013446329946020796,-0.001457358422044308,-0.001557161057689882,-0.001644721193741816,-0.001720703706439508,-0.0017857571893955537,-0.0018405132011878322,-0.0018855856213804145,-0.0019215701084647208,-0.0019490436534681521,-0.0019685642240290235,-0.0019806704922871177,-0.0019858816414455305,-0.001984697246058431,-0.0019775972205025028,-0.0019650418307435302,-0.0019474717644527573,-0.0019253082552666,-0.001898953256926461,-0.0018687896626943257,-0.0018351815661503679,-0.0017984745600472252,-0.001758996068815577,-0.0017170557118504348,-0.001672945694565442,-0.0016269412235772052,-0.0015793009430637994,-0.001530267390762674,-0.0014800674693162819,-0.001428912931743298,-0.0013770008784490528,-0.0013245142635014417,-0.001271622408580697,-0.0012184815227840318,-0.0011652352260398402,-0.00111201507536407,-0.0010589410919692455,-0.0010061222880324294,-0.0009536571922978965,-0.0009016343728376341,-0.0008501329563728177,-0.0007992231434172936,-0.0007489667180777815,-0.0006994175521697343,-0.0006506221025404102,-0.0006026199018549505,-0.0005554440416517537,-0.0005091216476387217,-0.00046367434649141614,-0.0004191187246078698,-0.00037546677788213856,-0.0003327263528660751,-0.0002909015789782643,-0.0002499932915327463,-0.0002099994459285881,-0.0001709155226023995,-0.00013273492280063692,-9.54493558822378e-05,-5.9049216986295505e-05,-2.3523956343751706e-05,1.1136981697745796e-05,4.494415526323792e-05,7.790812131247549e-05,0.0001100394321724707,0.0001413486324963742,0.00017184625590971336,0.000201542821912426,0.00023044883286615914,0.00025857477092472436,0.00028593109524877036,0.0003125282392772988,0.0003383766076865413,0.0003634865741446447,0.00038786847838423455,0.00041153262392867873,0.0004344892754204466,0.00045674865637579387,0.0004783209468826044,0.0004992162813266532,0.0005194447463452434,0.000539016378610313,0.000557941162867337,0.0005762290298036987,0.0005938898543149662,0.0006109334536859024,0.0006273695857430539,0.0006432079472915575,0.0006584581721824634,0.0006731298301474453,0.0006872324248945461,0.0007007753929144656,0.000713768101917367,0.0007262198495538996,0.0007381398621078006,0.0007495372933021827,0.0007604212229352925,0.0007708006560562808,0.0007806845215441172,0.0007900816713402037,0.0007990008793399284,0.000807450840227375,0.0008154401689921542,0.0008229773999062218,0.0008300709856996491,0.000836729296906924,0.0008429606208721907,0.0008487731612376592,0.0008541750374604362,0.0008591742841019823,0.0008637788501175692,0.0008679965986004845,0.0008718353061851758,0.00087530266270619,0.000878406270828691,0.0008811536455084479,0.0008835522139634122,0.0008856093151905498,0.0008873321999089967,0.0008887280303611078,0.0008898038799429742,0.0008905667332896883,0.0008910234860763921,0.000891180944847747,0.0008910458269895116,0.0008906247608138074,0.0008899242854170097,0.0008889508508502786,0.0008877108181764015,0.0008862104594697939,0.0008844559581291378,0.0008824534088773817,0.0008802088178185841,0.0008777281030347694,0.0008750170943869762,0.0008720815339415822,0.0008689270763397872,0.0008655592888544561,0.0008619836519301316,0.0008582055594672511,0.0008542303192484724,0.0008500631529955172,0.0008457091971934005,0.0008411735032325396,0.0008364610378066573,0.0008315766836517469,0.0008265252396881806,0.0008213114217312523,0.0008159398630027681,0.0008104151145289507,0.0008047416457941381,0.0007989238451386882,0.0007929660204979427,0.0007868723996864446,0.0007806471314779628,0.0007742942858612878,0.0007678178547223524,0.000761221752441088,0.0007545098167440756,0.0007476858091308713,0.000740753415556128,0.0007337162472822456,0.0007265778415899149,0.0007193416622897075,0.0007120111006031493,0.0007045894757311544,0.0006970800357919416,0.0006894859583326252,0.0006818103511250229,0.0006740562529898853,0.0006662266346779688,0.0006583243994384702,0.0006503523839285208,0.0006423133588953078,0.0006342100300855691,0.0006260450390982442,0.0006178209638960652,0.0006095403199424254,0.000601205560769813,0.0005928190789745713,0.0005843832072400801,0.0005759002187062379,0.000567372328134752,0.0005588016926481032,0.0005501904126958834,0.0005415405328221823,0.0005328540425182382,0.0005241328771887765,0.0005153789189193958,0.0005065939973292188,0.0004977798906509179,0.000488938326270727,0.0004800709818653104,0.00047117948628283557,0.00046226542005456395,0.00045333031667382784,0.0004443756633918383,0.0004354029020987582,0.00042641343020477507,0.0004174086015495959,0.00040838972722667677,0.0003993580765211391,0.000390314877762421,0.00038126131926219387,0.0003721985503659653,0.00036312768233415227,0.0003540497891378891,0.00034496590842536534,0.0003358770424881641,0.00032678415917075654,0.00031768819249577973,0.0003085900439714351,0.0002994905831599226,0.000290390648842731,0.0002812910497596022,0.000272192565688556,0.0002630959481280115,0.0002540019214904987,0.00024491118389846633,0.00023582440792324633,0.000226742241551392,0.00021766530926470296,0.00020859421269392442,0.00019952953161350706,0.00019047182505005367,0.00018142163196444017,0.0001723794723318406,0.00016334584793753493,0.00015432124325798213,0.00014530612648400165,0.0001363009503734247,0.0001273061530753239,0.00011832215932372492,0.00010934938100604086,0.0001003882183283622,9.14390605544213e-05,8.250228700035223e-05,7.357826774523346e-05,6.466736462584777e-05,5.576993203249003e-05,4.688631798899223e-05,3.801631822852869e-05,2.9159264528288986e-05,2.031411213465617e-05,1.1479527785240862e-05,2.6539770487943315e-06,-6.164188107504742e-06,-1.4976642063402323e-05,-2.3784997893017135e-05,-3.259072056494006e-05,-4.139503943179079e-05,-5.019886134505214e-05
21.26205699425668,19.280782485927375,17.013312003736246,16.686509169180454,16.841322816488855,12.935265052645377,8.621219835658394,6.469916509696873,5.170613830245543,4.012118245641318,3.659334319972004,3.9031427786134145,2.122192535695717,-0.9275485490279607,-2.3825688827113254,-0.47566116633970523,0.41532492012674993,-1.624931180163344,-3.5579536788757196,0.36648025617421354,3.821541278568475,3.112480083366563,2.2039708115981966,1.1448547735146803,0.45595792225105924,0.6795904714573453,0.5828550696560342,0.16808378959842685,-0.40266235034368947,-1.059180258762808,-0.4149786782072624,1.0672009705974688,3.066772254120565,7.225245800080302,7.362415620924139,3.622171686261936,4.000148834931224,5.901100195896106,6.497234552793429,6.205205899931116,7.440568949080898,4.934124373525719,0.6273044267099976,1.9517142085094292,-0.05691526736791275,-1.9284659753543565,1.8480131931107735,4.326644293869094,4.711390506555517,4.895118386733998,6.157290698516704,7.622096279004154,7.519314169880431,6.059130365463943,6.018075322985169,5.96711248751194,5.848176381992062,7.204153081099321,9.712998875471612,12.639400292362325,13.960079020538274,12.269126090294321,14.127672151542583,15.889449166345003,12.754989441809244,13.726703578910247,15.268487719530754,14.196653625070667,12.64623711601871,9.12519739788604,7.102613017028716,8.567031822127774,8.801373510196072,9.505182898105886,11.108045426499075,11.947931815967195,12.353961578641702,9.73105869592257,5.368667398189473,5.103716294278456,6.333863436627325,7.733988046989907,9.134425256702684,8.68130532214036,6.660833269829482,4.59645691050946,4.172451025555574,5.8536075148214195,5.35142196247898,2.6011442501512647,4.222044720413464,8.393635154944604,9.342423983531944,5.732785007536904,4.872401640953171,3.385790220590252,0.9561824163293977,0.7194462782229039,-2.096997504920296,-1.9063533162355952,3.4749969792289903,6.051247029948399,4.9982209962729485,5.606793702959294,8.98180431869173,6.397647115538575,1.5687789439497237,0.32891870992295935,2.7254692446092577,1.8496565884552183,3.199200649985414,6.372529160571503,3.4014801761957187,3.9224443382445315,6.192844662799871,5.986888441667588,6.6296246325259744,5.148555207645245,5.104140460709004,9.873124350232274,12.008092609472897,11.43193027734435,11.240494824763573,12.637979981797685,12.186305405245776,8.244935874827888,5.790644521945751,10.286714883976174,10.503314684856491,7.644936791728128,6.109066185463234,3.305455148847045,0.9267533029766355,1.5910249774661906,4.025099057691932,2.4252256566464894,0.07090643793765139,2.155705322650647,8.16255390056142,9.848980713844185,12.597086242324167,15.139067637178869,11.605131043783103,12.836906874855686,15.815916960727009,17.695068566787086,20.83649589245897,18.067053047346462,15.753875260528957,17.739010505161787,16.195498831356645,13.025321386417772,11.687586604349463,12.907453862717375,14.703843577359521,17.321932197587785,15.414609546078964,9.193540568785465,11.231594724886463,12.072954030769552,9.03059820778742,8.666712312966638,12.502220734648745,12.851137814817434,9.475413656951673,7.630588388011574,6.080929214759408,9.670719670742074,14.145365728289448,12.778470634846826,16.595345207697505,20.221823888622794,20.100389850493457,20.721925122904736,21.625466463693897,21.195080296787182,20.85602961403265,22.1606504830836,19.231650421146128,17.484337268424497,19.00009360211402,17.618662067382843,14.158787315639188,11.825869951269965,10.340628987001082,7.458877467816137,8.256129553073038,11.234778539054446,11.875549415961473,9.383775425517342,9.495489305483943,10.776617874777571,11.436214444171355,12.19181513349531,7.910430016614782,5.072288163057124,5.981592460681895,4.847269411213233,9.541025679935274,12.291745181779447,10.576907068981654,13.07943360054037,10.978766973857887,10.923525324486036,15.39234277994467,15.102988117587984,13.1031235950677,11.583049119892848,9.49374444160344,6.776788737373295,9.508647930313828,11.822733066639671,12.070838030762957,14.526142243572622,12.03177020793646,7.597898196764845,5.250204209478056,4.987143806020185,7.168805322095523,11.02612620406967,13.02405197049029,11.122522154479725,10.446208873473893,12.066621511562971,14.881745458997443,17.812636188428314,19.909742215582014,18.175109396015273,16.67157260993531,19.160573318476054,19.873705124208072,19.552935690206937,18.233809793740647,16.14938002240831,15.812543331834718,15.675953363487224,14.69812155257955,12.640292141730015,10.25021913421449,10.960530757560946,8.769528042400339,5.215427915498026,9.039632461823317,9.47127517839624,9.096483287179922,11.014322516134825,12.193181414041987,12.244696939968662,13.318956982101668,14.94275718853396,15.466256133274442,16.045397028869615,15.776673299052163,16.316269145828187,19.197747564630276,22.276447263013324,24.12383051703921,23.937517043093635,23.08467980924206,23.73174476089173,23.51345828888816,23.54222554371495,24.1849048909163,23.284670701188816,20.547548930644666,20.975217503804515,24.645402095121767,27.19014757059074,27.423747308227917,28.05349733812932,26.613290069109098,22.71501803431977,21.249501769647054,16.970901824631028,12.870742346518227,15.730706918277747,23.533771781116798,20.881014630515665,15.18308112107718,14.36166218258461,16.803657187450085,17.33675997035766,11.461697353593422,7.041071867174651,8.359970246510898,7.109606452591606,4.447197028378696,6.936635051967301,12.074857590325564,12.266943106602639,11.64373789943022,10.21194153293311,11.836223598268248,15.583889384149188,11.31710383551058,7.153096256867229,5.815540133523882,5.2438675128186105,5.043220309754361,6.593459153228878,7.077727859223955,4.66207974062479,2.5566958205134824,5.200150210451511,4.001109539768095,0.9550319099649869,0.8001118388400528,2.1547317369690973,3.898382333353993,3.768525332930494,2.4569677539203667,1.5585924095686323,-0.1460491872643388,-1.678346597545442,-2.354548776199181,-2.6326727304872293,-3.6106657709199226,-5.2687733632977825,-2.7295392122050544,2.413597873005074,3.306728058543399,-0.2703307033964393,4.918904247769547,8.001970494992747,4.4080408715217345,4.929873836189017,6.154172719523103,7.5441662379716945,9.584261691783695,11.903274806479544,13.28028890384121,11.966859259853777,8.266175564661921,5.8352471125049306,6.702908542879413,6.959273208632567,7.231074886070928,5.611904565729674,3.5457553470680523,4.677303362104794,3.395303978126094,1.18110242671969,0.8182286585358725,2.0701929748653356,2.5901540326759687,2.148213641291022,5.093147667424773,11.066761548126351,14.390669781443194,12.862315836870607,13.084073385462148,15.884694206570657,15.07773101723592,8.833973715559296,7.867972898900689,8.309683554659387,10.017636543594108,11.710347247057825,9.145453579795912,10.683131348019288,14.680747826206016,20.32074246270838,24.92202784717938,21.94682508407209,18.15618091063743,18.118818092099445,16.767349179627445,13.267234033601994,16.87713152126298,14.970628382345467,13.267989356371345,14.540319970956034,14.144173645666115,15.13239140853625,12.891492072402343,14.056161882174251,18.285743996737096,18.15645028654785,18.565230539582444,20.227453138327974,18.056665761092518,10.788313477500992,5.268679395261984,7.803396129190105,9.51444098207594,9.227037546682368,10.124928972141447,12.21204791456853,13.813065763680243,11.25436167236353,10.044930599698546,12.132303976986009,12.111778344314189,10.802892192603963,10.42191131722302,11.190471527000227,11.686530830760262,12.867684790156545,17.744872524751713,15.21703235562154,10.526057372322839,10.336690705209776,10.49226329921828,8.18754549530263,7.987789983628431,9.675655862169151,10.348132484806229,9.600072007387553,9.256367054853058,8.415957143699075,7.901291606972336,5.712370205655361,2.751047379351121,6.473986566738631,9.67641294311079,10.099473887924773,11.197816789558715,13.111512831130767,11.366984615040337,9.55754796378551,7.937101059259817,7.596272084633256,9.390764112959687,11.097910317040714,10.82054341888329,9.026912511171986,7.174462381880744,7.849665236605119,10.065567270525435,7.10193752666828,8.106158787597224,10.885647305369844,12.647903970646325,12.197901730053445,4.480565878708603,3.561792171626962,4.364836755610668,5.250272315814186,8.328060749345582,7.704562354067207,4.342459837222691,5.422574784037238,6.927364087677802,4.624135173272634,2.869306101339248,3.780097692637355,4.7266601684966645,2.117656555830763,0.3845765573249764,4.314683589680612,8.267567691297245,8.161778430043569,6.831269820469515,7.078134709384244,7.934872975313965,6.720849023346545,4.053155957270178,5.601559548632281,6.150266081633163,4.471091143598187,4.687107031045116,5.325865573851388,5.536622234746119,5.779667100122424,4.136749663648175,3.9087350519621396,6.809879091309085,2.944757041279672,4.941625121100969,4.311429685212715,2.2432171798287754,4.325020436426712,3.2879384684122215,3.755464876220003,6.487811681491394,3.9845704131333832,2.383393474709578,6.918490488513953,4.787205604126257,7.929130814433165,8.839765836725974,6.191733618820422,5.412233861274217,7.938536446253011,11.41506403501171,8.842805877763794,7.901827231654124,7.199621668765417,5.249016443654341,7.289827837008943,7.962872581178317,10.51852478499768,11.342838913359287,10.446502168364532,9.87865276626917,7.858532859146749,6.1214358572998435,7.908818935958834,7.874309068366529,6.517174526728013,7.627149104411046,9.303475220409837,10.344674316159853,7.621593562905446,3.712659663829754,0.9161471927693583,0.08520095776327707,2.123258643986219,4.592632439811382,5.743744672848948,5.8286651606644,4.934668224574011,4.1355998686524345,6.1103471074141,9.730179354313236,6.914827325831993,5.1474973279343885,4.821185014164598,4.6371130623795125,8.4499460511297,9.728789013223604,5.883603070068602,3.175544659256161,2.489487891735962,0.7740272640280637,-0.8979143630147064,-0.35655141297365844,-2.5759492833589093,-4.396014568384544,-1.051769961928585,0.30060174939308126,-1.3465732733556024,4.227180514891302,1.2209286504316879,1.1480062663765693,-0.14756314969326922,-1.3640535882791482,-0.18624880947595557,-3.1800836200295635,-3.6013103187599427,-0.09352813962846085,-0.7648392378425797,-3.7707691590878767,-2.2473046271412613,3.052051253897389,5.94052905402566,4.238561186473248,-1.312827267863895,-1.3381512027272038,-0.7492660304933452,1.0087829591577702,9.52117029662395,5.774071387987192,8.80505228877496,10.237188731013475,8.008802148255654,6.558457090960019,5.601755882923953,4.49895351241139,2.635695032510739,2.1284600073527145,0.6758810578112389,0.7329992833199412,2.700656496974716,2.1826363331025505,1.5777050661212115,6.932639006091222,5.314905223271012,-0.2857886944070742,-0.4565179170634792,3.0642780269890864,4.233659734433672,5.0431723588073964,5.39787381387498,4.634645239553038,3.348118700814439,2.3732822444801513,2.695209031777722,4.803183412388421,6.189724329753517,2.927367336839893,0.20552969186087466,-0.2554878506443856,-0.13998660747120084,0.6123025050089836,2.0824019094166033,3.555679670266727,8.084898663365493,7.986737424576404,8.557976220334922,12.42297020199726,11.246051692465358,7.510582534063019,11.493014264821568,8.411264956870582,6.706212958819265,5.169321715650767,8.25819169703891,11.145754886976192,9.534483459260173,10.966997398894364,12.19508321790272,11.60919820660979,10.080938572550394,11.430385690464618,14.179951469967136,16.217769333884462,20.07985947064185,25.11150558360646,24.63369737597145,23.195083172592376,24.5308322724552,21.42225423316222,20.326681549857767,24.896024653585982,25.82393998959742,27.462894990103223,30.422007336951083,32.023099485231114,31.435097781425725,31.583517166582737,31.529184379646495,31.389929837146838,32.29566576363311,29.021564916536136,27.857506296376414,26.234174106987325,26.213170176607264,24.83351070224478,23.012749298653944,24.64988240973787,26.37119909999933,25.367439093953067,25.102105592275166,26.065432657335123,25.19857957566728,26.50569130851204,28.042118793346617,26.392812367859733,24.913227378028523,24.52784729226778,24.457600841576095,18.837049558073204,20.618562586712642,20.976186876243332,20.117048368244923,22.553751863709977,23.176829839426205,22.766521989462717,22.453468522236562,20.663900631231513,20.025768455991056,17.80056499154375,16.941248515497364,14.827716443372083,9.60060668406311,7.854413085569604,9.74661681707994,10.454778828747408,9.49630284606394,11.334453365449917,13.270445593851719,9.611047803988868,6.7189961798180775,6.372736393409923,5.111211491810195,7.699743279322547,5.329800510066889,11.269389254125826,7.787247470477382,8.46741960834811,7.8033731663645085,5.731140714380217,7.668504530192422,6.812176982547044,5.637067915526586,3.6537920584023595,2.1097189478330165,4.3495688293161265,2.1555007022215023,2.07499295518096,3.2567200503386857,2.671438761871059,2.1524543664072553,0.19847714687057305,0.21849549125136036,2.181007045035358,2.0485890217032647,3.3265430260098583,3.210905321131918,1.8314276579047828,1.4327296301355545,2.27304148833241,4.017880937386963,4.852968091605476,2.905001667412307,1.6971642709349908,1.3606704443636772,0.2074596578281671,-0.5470253366403313,0.5251826063063163,4.497014543660271,6.925959585364353,5.972167524472525,4.049022324723637,1.007285282327416,3.275964358904048,3.740305208313657,3.512909113851265,2.2899341136878775,5.332906547046832,6.658174301502299,6.580485610243954,7.715369290644048,7.542672349682789,6.226017878271932,3.0637938380560854,2.9878104196407094,1.8415596361581947,3.3393828113346444,5.306338858177924,5.719647000288887,3.388007864228257,4.603092695998384,8.107683242644498,8.687773681527688,8.259606402677719,6.9559146265663685,9.197089439110414,12.901873281416556,13.642999374101692,12.651158631969906,15.382443437556844,15.446509361407152,16.021674986602534,16.402712429699022,13.5693897636786,12.236153597033763,11.911821739911488,10.431504724156525,11.498170777149994,11.77425973937261,12.869353856175394,9.688139175952415,12.28825456172467,13.441388200667689,10.329139160506884,9.552660828891248,10.747712494149596,10.032413329188557,10.073038170424638,10.653780772908135,8.242061423447922,8.755982937225212,8.213805996620977,9.709412967011986,6.992019865050452,2.920827088010128,6.098747712868999,3.926668157334916,3.266411729240758,4.842838453128252,5.459909589397739,6.168045875103076,5.224088399744915,5.60497040945711,5.743740350620328,8.60695440990014,9.213658433962564,9.173168404872513,7.763134344266064,6.117528598650438,7.876060042906488,10.597443287819033,9.170470281566622,4.871871365708557,5.108624988194606,6.448536746505852,5.756347762417363,6.498666188631432,6.091013176435013,7.464534227247896,10.355672084951607,8.662672946192856,11.433012929082224,7.725702929994554,5.362936295753116,3.4531604834239715,1.9325201676851975,2.5887832130554216,2.4931645564263363,0.7520351258112896,-0.32962600165524236,-1.1384902146676268,0.9476854941904094,2.320930794012611,-0.45417835415685204,0.8277418841022381,4.221078863012735,5.525337041523471,4.216534128350418,3.771175560925826,3.4385935034658814,-0.63869178036839,-2.30210812468124,-2.1384994038096465,-3.681464044969971,-2.671244343296962,-1.8186882372754098,-3.377036653664618,-1.7853035298356872,0.1239759420034261,-0.9574237636630869,0.8589270886891427,4.558086365423378,4.4796650696665665,2.294694647174424,2.029247599642531,3.3068083086722027,2.640631460752502,3.381190649972609,2.2096476829214,3.309971645256155,2.6925474172943495,5.936973415543662,6.008284798976092,8.035761738334713,4.509828823065277,5.891368823412904,5.7238446250457855,6.149351336995437,6.086838964658909,7.637202699279214,5.603790736696965,6.036410469969837,8.123845782557737,8.875436594904727,11.26408402678885,9.94170442372581,7.71109191107314,8.715310616111765,10.261669500481958,13.370062103511827,12.158952715706278,8.4869165952515,10.800540479750907,14.192833597960202,12.365934957955687,13.16846652353047,15.13129999844682,10.341824324307936,11.392431812399309,12.598902411699328,11.443457803036836,15.918816454225293,14.714961313732942,16.347130085802064,16.21147941333561,14.718690671710533,13.472070568281083,15.193637717438719,15.98571944496166,17.488971635389362,18.528924062970646,15.531263444463434,16.498701010920854,18.710008451988415,18.872178463691398,18.00238253511702,16.9907150728219,17.14145325343702,15.068137691240509,15.412200352771833,17.097420330568866,18.300199687668282,19.248818660177335,19.65232957996443,20.275935197766216,20.10444079127376,21.00271552855361,19.716302836759155,19.7124847654286,20.248275279188647,16.4968240667298,16.914970198165065,19.154558418143665,20.05358900638032,20.962267358383883,21.838401844773216,24.106412509471966,25.02500676334421,24.039779255051144,25.13355357606497,24.020535191224212,25.757090137949262,23.22209181723224,22.590614667637283,20.800548188332073,21.335494951454166,23.136391874867286,22.215218664760755,21.825102616028516,21.877005716105145,22.639858961321238,26.28652182436963,24.49412397489425,24.31790524685607,23.946342770897218,22.915628531026073,25.148365690834567,26.218339204384392,23.371755827305833,20.48854772073969,19.16446502115059,22.20222603099296,22.707281511274118,21.20365910434157,18.94127529509558,21.684021498852303,20.640306279768538,20.336407127349503,20.393387064726085,20.54058344857549,23.47089360795553,22.427200610834007,22.279643478871094,24.89854209647524,25.421242928684592,24.509442978026925,23.759773228343022,23.95758291565437,21.684666653911506,21.139271739431933,19.73039769459689,19.25510345129885,18.47425212073358,20.45058477139935,17.811354784525406,17.407080097844982,19.525410657018483,19.75263968652962,18.337534044258064,16.88792843703908,14.551755835610038,15.272083019962793,14.309480197726145,15.36668523877347,15.320812023436588,16.873496821159904,18.117121439619268,14.80272688781264,14.129838691151065,8.440925230710093,8.96428721481584,9.46676820887376,12.647705999048071,10.41133244435764,13.144757777722589,7.108901005382677,4.499036508555321,3.3865365903801603,3.1630245689370327,4.410858286933262,4.319939216086198,6.652922293277584,6.322364367145042,8.006385585877638,7.004351803318741,5.074826070720064,4.399832652960413,4.04225468243601,5.226748533200578,4.459983114535532,3.5525208560161445,2.521192051766036,-0.5674602245772462,-1.7217832882144535,-1.3448026743804462,-0.34025929453065373,-1.1586336762613882,-0.3978333985242557,1.6810679399687274,-0.33714360805362276,2.101617158437193,0.8990339930350046,3.0520968356563003,1.6294508097516314,5.513003673015135,0.5818248854300236,0.174883258023101,-0.14998038604869635,-1.7281137176793777,-0.22494104795708836,2.696114062933816,4.178484529772504,3.7219262399141257,2.5347823093499073,4.032182591253502,1.3962244587577857,0.43699560443360497,1.7142173702919195,1.3397045605033782,2.1100252257858756,1.2628483571053835,1.4696806250504437,0.7506003512685311,2.336287517079711,-0.12909530524046886,2.9304074358454955,2.6212701480436067,1.9083348659410149,2.418156008482299,-0.30736795794035743,-0.6988729884377562,0.5539442841189839,-1.0455516550800326,1.9664528425109324,0.13199832913335285,2.4221107560865676,3.207474264595078,2.0305256833598833,2.7076883367406026,5.101314301122613,3.9866276965755674,1.834744467021892,1.3035782534245755,3.092332796475091,2.1422771361948207,3.0978965561059795,3.5672991723782843,2.7633901546728907,1.9659993647492797,-0.2872311119721189,0.7157485723134869,3.5038246050927455,1.5728936003243348,2.528745620412394,3.0640235978157193,2.8391741671966315,5.831355082596076,5.083794370778435,1.1747841726381694,0.9182423413934089,1.6409039955962612,3.3679294549435213,3.0273719414476545,5.6158878559533605,4.583166743833544,4.323447149419394,3.8257242388035024,3.7220286344055467,2.0424313475571694,4.696977382621583,3.5543297037812636,2.5729335203647565,0.9798799265018943,3.1770339289511185,1.881354430623503,2.53154073938299,0.7782060374580055,3.5886441621261724,3.859348091594427,5.600763081924072,5.030853534491655,2.552153603097281,2.0336886376744587,2.5963453052070236,3.354021543919089,4.244772747244269,7.173572918526247,5.590866828037804,4.168350970100789,3.3364798248720717,2.52732488731408,5.7542561468662825,6.683963652735656,5.395826087687794,4.509016387967108,3.7640448408602083,0.5303275327521533,-0.7203028341889421,3.4800191040158666,1.446669504453098,2.8721298890978915,3.635649213383658,2.2350369365460665,2.9007071347249394,1.7054808871187674,3.6901965609803256,4.474732880358147,3.1576364131716446,6.1247152427575315,5.979306433563806,5.824807472723251,3.298428726000452,4.03512167589804,3.226233959450724,4.2050500660403145,1.181166418284647,1.9553350241560565,2.8210751074942664,1.7716737630120178,3.0265530572206103,1.3532000650110376,1.4827551230719678,0.02239603042824001,0.4931493147825563,0.2123977027695787,2.1935993111624157,4.7899339151816775,1.8100254066254138,2.6034212705641835,2.789627307159435,3.423238167558793,4.721903643869041,3.174513420248161,3.2279950387416534,2.929098721990954,2.446034330774978,1.1321615794473132,1.8142896447894827,1.7371047876321768,2.241881222142638,1.051057539559224,1.2292962280253619,4.199719143235313,4.040141621469104,2.8014620751286543,2.601137350492536,2.569807607442783,1.2374962906694407,2.991434839835563,1.581769609916563,-0.23212177587265614,1.6328991338340302,-0.22752996334963882,1.4838123292050227,0.14430407961856417,0.9329894673958563,2.005078429095647,3.058154465204268,2.740164034879996,1.180849556113941,2.4110304433886824,2.5751429364612193,2.776607408985484,0.04662412846823827,1.554225726357231,-0.7384796090389045,0.6976174979393193,0.6271531430792834,-0.0812937764999333,-0.20256178479277764,0.09251530526452711,0.8211092261365138,0.02663681822360786,0.5738801962606317,1.1330108766156854,1.3287138680734927,2.3683309264691843,0.6082362675400361,2.0893284063228066,0.7661105333588694,0.0741494730300758,0.8449775492789797,0.1601118198442748,1.5679271681228215,0.37915808064130374,2.3976571732661682,1.9042972876203237,2.5332835450919333,2.059430617850495,1.4434354930962456,0.07986336028966434,-0.20379837217117824,0.7382512947583564,2.8071559538988993,2.26375455881589,1.0689742833359333,1.290828256550867,1.0205381188190188,0.649999819892372,0.517932327586351,0.5485800574114421,0.648761835975705,0.6020969721384688,0.5183765848829012,1.77747229938862,1.294747632356973,1.1804664354373813,1.2821666007265264,1.9088574598914931,1.4176439195076966,-1.0590397148913269,0.5923045632366382,-0.15595855390100155,-0.5925117966085338,0.6157898206741947,0.8274114804289638,-0.015624567535382994,-1.3456705457995781,0.44837850898892384,-0.1133015004914455,0.04560236856079314,0.6577762509445506,0.649509792523645,-0.21698518540480904,0.6409376438177787,-0.545895144410764,0.08847479715129225,-0.14249427305645668,-0.45560228415266124,1.9936468011012494,2.0494025782580536,2.0367256983885795,1.8701846642641158,0.41268151521776986,0.17929400688461783,1.3829147950375784,0.8395706727937977,2.290566004939649,2.3775041445699117,1.7535086014650005,1.4022080187484676,0.07512942376348519,2.7113302212102894,1.587376963549616,0.4885181830857448,1.1556144360024803,0.5636418302175059,0.7538757965636762,1.5956098979860656,0.6020280029015339,1.570295143407975,1.9956964085879747,0.6972471992444582,1.4070028777435937,2.28223541153136,1.8027263929784851,0.8485104821304503,1.6402288482132406,0.5628444750157087,-0.049827278633728156,0.3704801837541254,1.308247941216365,3.22447375937503,2.5961464839649295,1.2646040035079409,2.2460954459345146,1.6822512824417117,2.138972389499429,2.3966980495711994,2.1268280245826077,2.4386280477266666,1.8504975506466224,1.0859901400680485,2.108268002315242,2.627700856715137,2.116041268408651,2.025296666719555,1.8933583636058984,1.7187955690815215,1.0985049405434353,1.4416311934891723,0.13485036667157146,2.1477393556568813,0.6468354917447954,0.5105823245667693,0.7532341911213507,0.27996029434115144,-0.21445079236400488,0.21041783335336106,-0.6985725423542135,0.6475642845890661,0.8578638535604455,0.7374141904505933,1.447489148449506,2.220758381029384,1.9452334989638302,1.5282740354820703,2.391651255559225,2.4010831097220375,1.4191745163633982,2.0312550683186714,1.9353327443375292,1.8166055666264356,-0.05966576993074568,1.680765148768046,1.599507998414765,0.8472988735383211,0.8226535549086975,1.8898012395423507,1.3151087985380059,1.5086578187991648,1.7797530833553452,1.507714177983118,2.362662512437282,0.5501960302710813,2.4626037229515276,1.5900062530001264,2.291824878963098,1.4020290402299906,1.107096491929397,2.2767781644168394,0.5497762933536023,0.9284937534224582,2.5924344995822963,1.0341593397434394,1.5782142962056014,0.9878736203722127,1.0023330366843197,1.2762239618115814,0.9149757468581612,2.3424990606184792,1.4469302494323415,1.218326506932783,2.6765300383098776,1.9780864181317384,2.0206450792902615,1.2336927202474044,2.316147905271464,2.2894617290699557,1.477376924852706,1.4356992903401533,1.741467080495795,1.1091619491934352,1.701187129089874,3.6537540305001244,0.989640055729808,1.3628096806741041,1.568210863807053,1.408283492751309,1.5102582528982111,1.9167862210372846,1.9492429933419544,2.8635437692292953,1.213951026336531,0.8358472562392762,2.805474814469733,1.422502791822808,1.6960192490342934,0.8984177686519956,2.303747342235056,2.3146274281418755,1.5133189779886038,2.1841472260888963,1.7738823237836527,2.1228641502880805,1.5573485451247393,1.5970573220528763,2.152695720640054,0.6258974706503295,1.2532570240782661,0.38910558673495643,1.2768886189886075,0.3235876140742562,1.1010170063856322,0.3938818229577805,0.9428653742784974,1.2733112708028216,1.9229760536014737,1.7403079699102477,1.03096943013594,1.3521714377440688,0.8530171355349125,1.683544131921849,1.799232760075256,1.0833204479943106,1.7500342814017813,1.8942584337328867,0.7328327750016115,2.356071106889381,0.9714632137029255,0.8126636526863535,0.6698988443868643,0.6348134325284605,2.3614146647439043,1.113450936121815,0.8663594009706159,0.9019697719316468,0.3984053151465332,1.4159341345385386,1.0497821799324996,1.4562409333880737,1.8542429157854485,0.9075752387086027,1.5368264335419894,1.2591463727968062,1.0142159032316158,0.8416608140494191,1.236505352601739,2.1786636662050185,1.4031042524021586,1.7164010732425368,1.431612935816986,0.8149082167869892,0.5223439130800784,1.841786174752599,0.6667529550950348,0.79065673757475,1.398530574969925,1.6417923286886094,1.37179181867441,1.800470589119243,1.9154086273583744,1.8848040268127875,0.5366294696358409,1.9068919648813107,1.248036761396861,1.984250402936425,1.572628701760891,1.9422330615014403,1.508681735362245,1.6429608243164964,2.674498966457463,1.916168849449491,2.874934690382247,1.5440657515445082,2.805056563151595,1.75467631180328,1.4425480600878018,2.003618028865901,2.161470600407938,2.29626420588977,1.9820161606822921,1.2526358234788404,2.2667424377791576,1.0243476389092052,1.0582348997293707,1.7598721304605078,1.400751091798213,1.2347623552672076,1.833053279807359,1.3151338328158815,1.2518344465778526,1.1905898835348694,1.6798304169313951,1.541679285669602,1.2135816737060665,1.702619909413336,1.4619325657723792,0.6725308940131676,-0.15021006344949228,0.30545994320425507,0.7448721339062558,0.8847369399857143,1.8248785793686615,1.5206719474990642,0.4005390138023017,1.078316863581108,0.7841927160344575,0.7884404287451616,1.4145087534108711,0.3288467748724315,0.3555839479944325,-0.04597078559004686,0.7765647528988779,0.7593389901985539,0.008668198363242396,-0.2614062830539865,0.8692497191061079,1.35610850669633,1.2514917361730795,0.7998214532836982,0.8529910446914037,1.1963292571403485,0.43940257556181095,0.8217421937457061,-0.20830993218413596,1.7737748240412543,1.5384915827216936,0.9072042748168165,0.4285773213579205,0.9333909889351162,1.2453320717152678,0.8279035547056992,1.315417090494691,0.36846942038903663,1.4103448372592915,0.47015492867222974,0.4033050864725283,0.3755625176722788,0.395258018102993,0.6773339793409683,0.3174605213809478,0.9976514617430894,0.1279326711623412,0.3543051861112758,0.4109219620319777,0.8929760342924205,1.3431835142335444,0.2588083059791302,1.5619436623664456,0.5897619271738073,0.9802775731409952,0.45506977233225143,1.709564034331212,0.7847630632045934,0.3997871441383154,-0.06132843131928212,0.7773873183818409,1.1712623662204464,0.5492867931058107,1.1656191724395093,0.223412659230517,0.6818894752752804,0.49244406123995077,0.04780074565672976,-0.13476060441849036,0.16487304894979893,0.3781569820627606,0.36407292873332153,0.6727227326637166,0.31209585068523893,0.31353906371390394,-0.12198704034790175,0.8084373235638509,-0.060851866158543544,-0.852459362906302,0.3903039334002205,0.013205119378369545,0.30523520586194763,-0.5926441250283574,-0.5238996274574106,0.29384036926490076,-0.15311737644179857,0.6953043875288358,0.2189209098584115,0.0855951602251821,0.31550789647423017,0.2689344342359732,0.7578550365333268,1.0760519261900754,-0.2848778083493926,0.6924768701505872,1.1114663655417871,0.8623024321057642,1.1048929486343582,0.4695112319810164,0.5359982833097092,1.2175748023165625,0.2988155381861475,1.0382283382552373,0.81855331215462,0.7466172271663822,0.6593664739176575,0.7203836827661139,0.9264823904229047,0.938399325110483,1.4964542904326095,0.9061840142806545,1.06670150617515,0.8477951534631529,0.5565596409352338,0.7208642191764625,0.8113576241319151,1.2365127689275255,0.5579997740668414,1.199747547534912,1.2389985782961617,0.33046982945671743,0.167957806360846,1.1182917419257024,0.7775679726337916,0.6462568457582734,0.4888161720141966,0.45821154050861423,1.0609689391596344,0.534412077703621,0.1174610105856555,0.36493463407339277,0.9740811844949349,1.0439003799348257,0.8155970794113045,0.838338455155279,0.87668943261599,0.9150262929228461,0.9522077277052858,0.9881728500907343,1.0229350645822706,1.0565133989119317,1.0889267785181573,1.1201940231884464,1.1503338438175774,1.1793648392808223,1.2073054934203924,1.2341741721417065,1.259989120619764,1.2847684606122698,1.3085301878779774,1.3312921696989974,1.3530721425040042,1.3738877095923385,1.3937563389561092,1.4126953611983595,1.4307219675467309,1.4478532079589854,1.464105989320899,1.4794970737328867,1.4940430768850206,1.5077604665174817,1.5206655609661652,1.5327745277911617,1.5441033824859574,1.554667987266157,1.5644840499374482,1.5735671228385968,1.5819326018600464,1.589595725535446,1.5965715742052566,1.6028750692502172,1.6085209723943308,1.6135238850734481,1.6178982478715511,1.6216583400202467,1.6248182789609018,1.6273920199694203,1.629393355839568,1.6308359166259834,1.6317331694439758,1.63209841832537,1.6319448041282385,1.6312853045009774,1.6301327338973692,1.6284997436427489,1.6263988220489978,1.6238422945781963,1.6208423240522052,1.6174109109087453,1.613559893501133,1.6093009484414438,1.6046455909858537,1.5996051754603968,1.5941908957265696,1.5884137856849634,1.5822847198173235,1.5758144137640215,1.569013424936827,1.5618921531660703,1.5544608413807737,1.546729576320672,1.5387082892790431,1.5304067568765163,1.521834601862622,1.5130012939463313,1.5039161506530832,1.4945883382085299,1.48502687244644,1.4752406197417827,1.4652382979668346,1.455028477469682,1.444619582074381,1.4340198901023768,1.423237535412909,1.4122805084631977,1.4011566573869345,1.3898736890895407,1.3784391703611618,1.366860529004441,1.3551450549777542,1.3432999015535074,1.331332086489283,1.3192484932128536,1.3070558720187364,1.2947608412769682,1.2823698886516013,1.2698893723307947,1.2573255222658304,1.24468444141894,1.2319721070196579,1.2191943718291327,1.2063569654110893,1.1934654954100097,1.1805254488344303,1.1675421933466055,1.1545209785564339,1.1414669373193078,1.1283850870383958,1.1152803309701085,1.1021574595321226,1.0890211516139061,1.075875975889744,1.0627263921311965,1.0495767525226256,1.0364313029756431,1.0232941844438983,1.0101694342379233,0.9970609873390686,0.9839726777116198,0.9709082396137774,0.9578713089067605,0.9448654243604437,0.931894028957629,0.9189604711947368,0.9060680063789164,0.8932197979210059,0.8804189186250255,0.867668351972668,0.8549709934039811,0.8423296515920811,0.829747049712978,0.8172258267097732,0.8047685385508316,0.7923776594819287,0.7800555832718601,0.7678046244518555,0.7556270195472621,0.7435249283031453,0.731500434901875,0.719555549173549,0.7076922077984023,0.6959122755010867,0.6842175462365958,0.6726097443689696,0.66109052584045,0.6496614793318258,0.6383241274149896,0.6270799276954335,0.6159302739459349,0.6048764972312597,0.5939198670234305,0.5830615923066489,0.5723028226733504,0.5616446494095726,0.5510881065710578,0.5406341720487831,0.530283768625111,0.5200377650186851,0.5098969769197197,0.49986216801443106,0.489934050999409,0.4801132885849029,0.4704004944878193,0.4607962344140333,0.45130102702938757,0.4419153449200621,0.4326396155422003,0.42347422216022323,0.41441950477474165,0.4054757610385309,0.39664324716267174,0.38792217881041324,0.37931273198097415,0.3708150438812936,0.3624292137872658,0.3541553038930374,0.3459933401497324,0.3379433130926941,0.33000517865804113,0.3221788589871153,0.3144642432210958,0.3068611882826531,0.29936951964810987,0.2919890321077787,0.28471949051481715,0.2775606305235101,0.2705121593160129,0.2635737563185785,0.2567450739059609,0.25002573809518935,0.24341534922922392,0.2369134826481627,0.23051968935084233,0.22423349664438774,0.21805440878421223,0.2119819076020235,0.2060154531242233,0.20015448417893822,0.19439841899253452,0.1887466557760149,0.18319857330044442,0.1777535314622014,0.17241087183776926,0.16716991822835325,0.1620299771937539,0.15699033857669065,0.15205027601666643,0.14720904745428243,0.14246589562463896,0.13782004854232355,0.13327071997525763,0.12881710990922102,0.12445840500311078,0.12019377903385475,0.11602239333257103,0.11194339721089364,0.10795592837848744,0.10405911335078599,0.10025206784780494,0.09653389718351946,0.092903696646772,0.08936055187325564,0.08590353920828875,0.08253172606100634,0.0792441712502523,0.07603992534171766,0.07291803097660932,0.06987752319241736,0.06691742973441706,0.0640367713601222,0.061234562135382475,0.058509809722920636,0.055861515661604244,0.05328867563963513,0.05079027975898498,0.04836531279266865,0.04601275443479835,0.043731579542281906,0.04152075837129132,0.03937925680446597,0.03730603657226084,0.03530005546707571,0.03336026755044941,0.03148562335400129,0.029675070073380994,0.027927551755624336,0.026242009479744866,0.024617381532266336,0.02305260357525185,0.02154660880898973,0.02009832812825607,0.01870669027363192,0.01737062197537398,0.016089048093249403,0.014860891749435723,0.013685074457441715,0.012560516244832343,0.01148613577015567,0.010460850435947577,0.009483576495824764,0.00855322915731449,0.007668722679852635,0.006828970467097406,0.0060328851560598196,0.005279378700890902,0.004567362452291945,0.0038957472328320364,0.0032634434086276087,0.002669360955906086,0.002112377542800914,0.0015913444107127361,0.0011050918888031447,0.0006524345517391339,0.00023217603387593044,-0.0001568864893783939,-0.0005159581414773129,-0.0008462424922868195,-0.0011489380040643482,-0.0014252347609726712,-0.0016763114728064465,-0.001903332739743746,-0.002107446566071758,-0.0022897821134506557,-0.0024514476797889984,-0.0025935288938399026,-0.0027170871150588027,-0.002823158026615147,-0.002912750412690457,-0.002986845107557201,-0.0030463941094467373,-0.003092319846416558,-0.0031255145873387846,-0.003146839986982286,-0.0031571267577987783,-0.003157174458181089,-0.0031477513910544985,-0.003129594603365149,-0.0031034099789621905,-0.0030698724190756366,-0.0030296261007265457,-0.002983284809147335,-0.0029314323362541472,-0.002874622939486926,-0.0028133818557307677,-0.0027482058632131157,-0.002679563888420944,-0.0026078976505345963,-0.00253362234099086,-0.002457127333002518,-0.0023787769169416606,-0.002298911057607711,-0.0022178461697990315,-0.0021358759092890978,-0.002053271975057669,-0.0019702849209579654,-0.0018871449734092494,-0.0018040628528979141,-0.0017212305968996588,-0.0016388223826879766,-0.0015569953473004716,-0.0014758904030713893,-0.0013956330479913959,-0.0013163341684503393,-0.0012380908339082453,-0.001160987082698739,-0.0010850946957248198,-0.0010104739600365065,-0.0009371744203576782,-0.0008652356178231457,-0.0007946878153575199,-0.0007255527100937798,-0.000657844131865204,-0.0005915687272590731,-0.0005267266301416385,-0.0004633121177448629,-0.00040131425311074054,-0.00034071751201736333,-0.0002815063304524301,-0.00022366511012705814,-0.00016717822506961966,-0.0001120300266279628,-5.8204849779031065e-05,-5.687018187927606e-06,4.5539150335116574e-05,9.548933826408756e-05,0.00014417922375287162,0.00019162447512144354,0.00023784074630839314,0.00028284367198239124,0.0003266488633357767,0.0003692719031960223,0.00041072834187616536,0.0004510336930252379,0.0004902034290239499,0.0005282529769488065,0.0005651977148772858,0.0006010529679656429,0.0006358340049814615,0.0006695560346088314,0.0007022342021514305,0.0007338835854966419,0.0007645191927849737,0.0007941559586015501,0.0008228087411907836,0.000850492319273144,0.000877221389373517,0.0009030105632064078,0.0009278743647200827,0.0009518272276523021,0.0009748834928018368,0.0009970574059252613,0.0010183631150653127,0.001038814668561372,0.0010584260127757261,0.0010772109905019533,0.0010951833385206555,0.001112356686064686,0.0011287445526591,0.0011443603467000685,0.0011592173636927328,0.0011733287845459017,0.0011867076744351834,0.0011993669809839957,0.001211319533126698,0.0012225780398580355,0.0012331550891531151,0.0012430631466600062,0.0012523145548470893,0.0012609215318661882,0.001268896170415701,0.001276250437683757,0.001282996173358697,0.0012891450895153866,0.0012947087697625648,0.0012996986687880963,0.0013041261116200076,0.0013080022931717394,0.0013113382779579297,0.0013141449997533527,0.001316433261081329,0.0013182137329295074,0.0013194969548067093,0.001320293334345024,0.0013206131468450621,0.0013204665355033285,0.0013198635115259094,0.0013188139540147858,0.00131732761008152,0.001315414095131473,0.0013130828926364302,0.0013103433545893495,0.0013072047015043609,0.0013036760229852007,0.0012997662777252117,0.0012954842940189337,0.0012908387702736945,0.0012858382750664532,0.001280491247939608,0.0012748059996852135,0.0012687907130839449,0.0012624534431893153,0.0012558021178392664,0.001248844538793037,0.0012415883820153795,0.0012340411985860555,0.0012262104154387998,0.0012181033361002847,0.0012097271412585542,0.0012010888897293626,0.001192195519422512,0.0011830538481376607,0.0011736705743032871,0.0011640522782272456,0.0011542054226083565,0.0011441363538438054,0.001133851302711264,0.0011233563857899753,0.0011126576064839355,0.001101760855988232,0.0010906719145395982,0.001079396452155379,0.001067940029940928,0.0010563081010559472,0.0010445060116808236,0.0010325390025514025,0.0010204122094137347,0.0010081306649567523,0.0009956992995512337,0.0009831229426708887,0.0009704063245408179,0.0009575540768196333,0.0009445707344184484,0.0009314607365809024,0.0009182284282474029,0.0009048780611351503,0.0008914137951023804,0.0008778396995694493,0.0008641597547693891,0.0008503778532258366,0.0008364978011172752,0.00082252331918653,0.0008084580445029133,0.0007943055316559366,0.0007800692546311438,0.0007657526076059185,0.0007513589069390036,0.000736891392364214,0.0007223532283546774,0.000707747505430234,0.000693077241805895,0.0006783453851539889,0.0006635548134568126,0.000648708337394055,0.0006338087011386051,0.0006188585841755412,0.0006038606024958426,0.0005888173103585359,0.0005737312013707196,0.0005586047103065539,0.0005434402145283457,0.0005282400356350081,0.0005130064412242064,0.0004977416454039485,0.0004824478114073827,0.00046712705255913534,0.0004517814338100834,0.00043641297338581353,0.00042102364426455097,0.000405615375598245,0.0003901900547020887,0.0003747495279640134,0.0003592956028342087,0.0003438300490756774,0.00032835460052638155,0.00031287095680454513,0.0002973807843886789,0.00028188571855025657,0.0002663873646611137,0.0002508873001261236,0.0002353870755769094,0.0002198882165203031,0.00020439222492996123,0.0001889005806674504,0.00017341474307386306,0.00015793615244774628,0.00014246623192093466,0.00012700638848173185,0.0001115580150212736,9.612249181145671e-05,8.070118809655469e-05,6.52945215051659e-05,4.9902110959010315e-05,3.45229286722315e-05,1.9155453117036814e-05,3.7978207387823204e-06,-1.1552021248917299e-05,-2.689616331963407e-05,-4.2236581805354945e-05,-5.757498644243242e-05,-7.291266933862062e-05
16.83989918443666,16.240324373895646,13.947083328583403,11.020170299071538,9.442704361926076,9.095813745602754,6.2177119159271115,3.163432718206309,4.956802100585378,3.194979435100379,0.585169984826166,2.0129539374798924,1.6825149378870492,-0.019773629016185623,-0.9798163785766292,-0.6894442440537887,-0.2030700112594559,-0.9493672186324602,-1.9388860563279877,0.9759442565000995,2.142970043325988,0.08490325268576271,0.154991507490422,-1.3405756833078613,-2.652859802818739,-0.6098438769056429,0.7643788572707422,0.5332761316443566,0.22750920522753404,1.2849048110481363,1.542062852742788,1.3693660644419197,1.8480124557570434,1.5123859345193296,2.910267440555799,5.198904315189225,4.079153227856068,3.264596158180609,3.951236552871819,4.133020647413616,2.0558474071659703,0.7159815951246173,0.6789626710443599,-0.3469087464496283,0.32408488555938675,0.7044162533690042,0.15931069641510476,4.146217604785875,5.381344897560211,3.1345804991171917,4.272399930467259,5.986168535881461,5.353603771453095,3.8561090180966175,6.133046105740959,7.04899620526669,6.519748370343109,7.923676398959401,7.1251763863483575,8.437129963499387,11.883172443416356,9.515258607889223,7.962185312110591,9.258937424589362,10.08393163480423,9.377363491496226,9.459737593607315,9.557929672655519,7.2492783813728465,8.82273030341753,10.718903660799924,8.903440207321637,8.672302890518154,9.072735505861942,9.933169946439534,11.510015713688972,9.72111930401195,8.58356922687176,9.389355363369873,7.235032165937582,6.169057444946702,6.020222759921694,5.0983371198874465,6.068372506064975,6.615930272654282,4.55356429201845,1.0852462319589904,0.4375913478884286,1.2575639077896312,1.7994279405737643,3.705936118926161,7.1617720879334,5.485835430682187,-1.3066859234180583,2.7075374963029617,5.274235792017748,2.338662720927232,2.898073465933521,2.8256385034165987,2.37398358635528,3.165546196883952,3.973398345362739,2.8415467841917916,3.2521692551499655,6.047550637735981,3.5367113260758742,0.90367110954071,1.4701447363299849,2.524216493182962,1.1653108518555655,-0.37152785113062237,-0.16522023953484677,0.6148016042906193,0.825840632111067,3.1624800076492647,6.362210526887679,3.879685755498599,4.329531767464346,5.841633037861357,3.8974361088130536,6.8832941648418,8.619764102289082,7.01864968776033,7.014336833697712,8.283093074896897,8.85927850643884,9.149078566970275,10.26973737952244,7.020199812374813,5.432075722458421,8.373033834996477,6.9451173320049975,3.1071800816341693,2.1037808239286733,4.17056685540274,3.1139250082865146,4.946479490721572,8.313300488520326,7.953451833471604,9.06839886978446,10.183885931478699,9.752170117609467,9.081159364311702,9.038269909847372,9.171337006237536,9.692257501676295,10.434448323317838,7.2108176165907025,7.342451194416071,12.707807195508394,12.642740485274771,9.032726240372767,7.280877533341936,9.498863662356143,12.251356127188615,11.973203700382783,9.130748069971332,6.660239394635255,6.541139810606182,8.527080709966526,9.481311971309651,7.952019143958523,8.189718372073457,9.30710762180047,9.48042163797004,8.498382027670345,7.649160133541045,8.218179866352784,8.83162364930331,8.439891833772663,11.30136728641628,13.99535488146239,13.084495765346901,10.38277245840709,11.030826328781131,13.702561866486803,14.636457653771458,13.07483611747034,13.35254751764819,12.221738170166873,9.882367997040092,11.409212592638823,11.861787774034838,8.273302065034613,5.323203037640724,8.338947690432292,6.810407040449263,8.266025489586696,11.1087584774491,2.448164620945022,4.192324375325825,8.056813068214069,5.771670940031072,7.168683030985903,6.366743179119794,5.177310423574795,6.688820705881312,8.667504859994551,9.51777664473775,9.93732287796513,9.612721027315274,7.73317207841319,8.529379961862332,8.59093455369839,8.23569636139473,11.283539193487854,7.241469824006572,6.552956300969413,11.229886358404656,8.61044102035703,6.393212785539163,5.578367998651061,4.489192482259,4.087399235467728,5.542220339712344,5.373351334875906,3.7016834956816638,4.172704727486689,5.373491920948368,6.021797818985078,5.47752550607197,4.582755198879568,5.757081214763502,5.644462647179125,4.92120664668596,5.455758471272702,3.22532753524456,4.542083644830882,6.982539545447366,5.264564950176009,4.898326237126184,7.0020214845134205,8.924683241658158,9.367455174085194,10.350938062663317,9.975382630422473,9.855564932486459,10.83373805378426,9.894976359313887,7.344482525230433,5.534028062410584,5.11280806368859,5.153356912246068,7.074644026858778,5.654891240654706,3.87129428867172,8.23907324280276,9.062266147186392,7.5475591478345905,8.454371859533012,11.259103122780175,10.160868217793336,10.573014697317149,13.101332945665717,14.2618906101643,14.443678832692513,16.569500805503026,15.342797924918386,12.383086590467201,16.75617072989803,16.131063481869433,13.312579532079326,13.348024628900475,13.390660220697782,10.45867562025228,10.568854992685715,12.985479015845613,13.080005045069015,13.738842750426898,15.042675396333152,16.731730771754883,17.020783501235883,13.48874227833403,10.556188899216295,10.81197773695726,13.638724316043408,14.835424915701424,8.394677966910308,4.554197604606429,7.938965190664931,11.827526084665806,10.023327196043283,7.54557352882216,3.573869475320066,-0.5112535923282167,2.2520341687505834,3.797674596434149,3.8799218033966554,6.1254050108259435,9.977464477699641,9.803878327016946,6.465038430125105,5.379746322513938,6.330023108014075,2.5511974579494563,3.308504637204919,5.415092253201692,5.225123207510478,6.070970309411678,5.36483983004814,3.490678156121703,1.6971161964446537,0.8212244521669163,1.2703857547272719,1.2888358807853137,1.3236303041815063,2.8643048386222745,5.10712123967005,4.017811191301007,1.649630280841393,0.6293810571173708,-0.139583803038704,-2.6852471349519647,-0.2016670522232289,2.6674178842426954,1.9202388834825115,0.8114966143537004,-2.276361864278897,-0.05683684032499059,3.7332785046005483,0.8275895007865302,-3.7268833674625057,-0.4478169642256944,3.772698058969013,3.2543674761693637,2.8575460982158347,5.388450226918849,7.636572245521052,6.843979682014606,5.81029545307797,8.736508978491656,8.30706856966276,5.369568637003795,4.821285377407435,6.13255353284103,3.506861660018785,5.193168893805023,8.010136166816437,7.225886782977341,5.969322053792553,5.113300087709604,3.8252340603062294,3.0175317530183747,3.114197244445677,2.632434995028916,3.3769247397262916,5.243776614315266,7.1305652606314425,7.27367094847591,4.616443449436929,5.335386104611416,6.651923668451104,5.1290330962447115,3.561319096057332,4.384743284925776,2.8180428026610116,3.0343610888814965,5.4302299732760275,2.9872639899101614,3.6011396298260934,6.209952518933733,9.92519880193504,13.008032205662289,11.154847163646082,9.770349796895857,10.665128899998308,9.717887524880211,7.535660176486886,10.916703532506062,7.524568927215455,4.450235802441284,5.533584214740927,6.346915650647816,9.104803992556299,7.303499734262459,7.250287615332127,9.993113266074715,9.152187216771495,9.079225346047906,12.077480703248739,12.089365586046029,8.816812568739124,7.4574805557526815,4.988324444830823,5.591559618438168,8.448912678957186,10.807234181333342,11.056745417651882,7.2842608375565305,7.364252476422507,9.73430199276163,10.859944410223306,11.666918857151586,10.870941403240295,8.98136708821005,7.806988341249735,6.206035169974712,4.856011703644526,10.237155825916034,8.133171731719244,5.89081190867546,7.378800687338753,4.901103508401093,4.921780289517756,4.992842118390854,5.048135528043531,4.056052450653283,0.8758534542084817,-0.03548401375087451,1.6033582270416673,4.524870583144775,6.2763626367184315,5.8685224236854765,5.495631102332709,4.718363287063539,4.518474585686818,6.687351481831229,9.865073854934735,9.710580778980898,7.403318153946202,7.646107373593054,8.489913622601762,7.380171535885665,6.943039997023334,6.146535061731811,4.085136935175001,3.8238452273939174,5.910508261010364,6.643218116885919,5.532651734050546,4.110481480961539,6.390190696250443,6.942635354374033,2.165575087645607,3.3800476427085187,2.9662336160554332,0.3841472505486081,1.0358190939904262,2.9009774096733736,0.5017087557463356,4.694877232292015,2.882268764221294,0.7438670491461608,4.271056863638023,4.259788339569923,1.3136283692089137,-0.2211197647507106,0.22755509683543096,1.0865247006342997,1.8300850869640044,2.817297812489869,2.686887336806649,1.895937212779586,1.6555590448974726,2.133407216805381,1.491276571592607,-1.5651539836482016,-0.4588678003278801,1.5070403120430456,1.3140870203382065,1.1719382547902342,2.020728564222054,3.0961856419824016,3.4591102215346154,1.4582665939105937,1.6595817901692271,6.860855254136027,6.344200228522595,5.733831320736272,3.2331861365769328,1.6795518061175017,2.8253762689249697,1.157116085673124,2.0318330032488348,3.162789824702145,2.976139774899252,3.244044063209685,4.531205105294134,4.753826457254149,5.390306046288401,5.047947574213481,3.019662113971549,2.0581991008973546,4.021166066796923,4.97253020093865,2.909729970160697,2.063113500299096,3.2287024543417147,3.9713781522455065,4.582889266879761,6.693118839600061,5.587039785504658,5.75403108866135,7.793944807246248,6.965018654501932,4.367042298650176,6.130810570787162,5.007601263741208,6.003513334604349,7.652050024863456,5.623066514717948,4.407706281661035,3.4160575533803694,2.292522081635525,0.5270823312688435,1.3151038386512255,2.6927113647894885,-0.42512524597708534,1.0275340404047029,2.7117262401653193,2.5201166847504055,1.1380034910733343,-0.10246489002588532,0.032593276929333115,1.0394508785368544,3.756665954385369,3.057861137384009,0.36441869454097287,1.5690645812189246,4.730479306182701,2.751917195899864,2.5997424553530095,2.56704020573909,0.1604268024213411,-0.7275868805498931,1.4352805226451437,1.2582218778114793,3.2123073486323506,0.8698948147657575,-0.18872359504842962,0.3158713582057544,-1.68513530207656,-0.8651118067433572,-1.69950320966268,0.6836661092789882,0.8762982632463263,-0.45032848226009037,-0.03802188686950103,-1.48472538867793,-3.1459504087399637,-2.2604639330007217,0.7954554728943322,0.5458506941581618,-3.1756956686198805,-2.0254692334978017,3.7056627837438327,-1.9579612336549985,2.594758201588661,3.76510109338642,0.0012527037520158046,0.7081239924078773,0.7827829013729684,3.7299327999008938,2.1267867445918682,1.6685383760842,2.8096279485092737,2.3642977952384854,1.6570438749303094,1.8321250934071713,0.09456068883400803,1.506059169288278,1.8599574513602875,-0.16402464232510283,-0.5082377876386772,1.3141986997210324,2.213388309046877,3.7696004138373382,2.062280191642344,-0.17998815265104895,0.3690051120380531,1.6322732564859734,1.9587023173024818,3.4270670838859587,2.6291731556240165,2.027980574353762,2.9446034158701195,3.5047515004357024,1.7409031526809144,-0.09760574308285186,0.8845566171156634,-1.1770426214554846,-1.303727271124444,2.1487788874089233,1.7745330467507756,-0.3222149442767659,1.3441627595232148,0.8538101327288246,4.534795820189174,4.833566066919502,5.168032728908486,4.373190919022932,6.022804764576108,9.616114029781215,5.296583950789682,7.088019378313334,8.066012963483786,7.784580720896315,8.601570866357747,8.867781276669689,9.11522234738311,10.784961204458,9.38685068342636,10.206896105776991,15.856632860173022,18.29317636927584,18.041969327504887,20.910221398790384,25.240296692865797,26.170882912035665,25.08175410176227,27.439595752920127,28.1462715122708,29.631962595115965,31.565800038849034,31.53549101922988,32.115555961688074,33.097919364667064,34.11031794474201,36.202482179007916,38.09296237571709,37.53717045724704,38.505053110898984,41.21423393431877,41.080025545740455,41.302831656819876,36.82230968370891,34.425463986495856,37.288211258662955,35.97416006364551,32.49430293137107,33.79944813028817,35.68463896066521,35.977752256888664,32.59937368722444,32.30730456044438,36.43539273007093,35.955422272020655,35.8294690288277,36.73792800138966,32.32713299047015,32.601751525383406,30.14194839101208,28.37450376440728,26.55352635139394,27.242814403159514,26.538634218663788,26.157671735866074,28.451070688081245,26.914991724106812,27.09826598747736,25.15384790679093,24.92774340003757,25.16744512763512,23.138509663476725,22.585861181899304,23.54665787151339,20.77936913890619,17.513653442248653,18.027445970369172,16.829118393152612,18.28861284336358,16.395315571637127,15.916320960683606,18.198464185322962,16.96119845764906,15.143854320300193,16.379974486982235,14.916869688265706,13.473345598755259,12.867327495118388,12.367270312547248,11.670735365516975,10.907320085291587,10.020982308326893,8.85082038190933,8.010895030133725,7.830231912325075,5.921272634765899,4.219547620325102,6.181704863806658,5.863604584544362,3.9493717645607376,4.396415711627412,6.885015211625841,8.121449587358484,4.657364904766723,4.60293913249086,6.259633953122261,4.650315618255206,6.639127829692427,4.159153033189568,2.2391456180115483,3.891166442273345,2.0594355640037634,2.578828169693111,3.99012133949725,-0.9308312000136993,-0.6751744122972241,0.786219626292791,1.7045619396449183,-1.4844882847867211,-1.2415732995355029,2.8699571713302134,3.756370187505354,3.743060939657653,2.9993878658648327,0.9146492154455927,-0.7927249821421469,0.99837465445421,4.511451829173552,3.61237464807067,1.2927431879300002,2.061979429923781,1.5779427259495833,-0.07365133297997772,1.7637745027592473,1.7996241396741652,0.6879119035972963,-0.19566837210101085,3.4899396259863806,1.9382416581488542,2.2942201864631215,2.542914852228364,2.0673753212281554,3.248789432688568,5.384818207770024,7.761189969707402,7.644833675128666,7.96213185024601,8.789673776319546,11.80481698136498,11.854778954274423,11.85461657963026,11.29445879872435,10.103245623246266,8.758957683486756,9.298015761521299,11.613163005716842,11.366123568233093,9.614250322725525,9.375466295299987,8.501281197121557,7.462863225636966,7.829463224258689,7.089734366284631,6.60378900300401,6.600818366576334,8.46003744284451,11.563925938429179,9.84372980379078,6.568614975575599,8.853357978322492,9.759786681662206,8.503597698795545,7.661662204054323,7.8596786464105435,7.042711163748152,6.33343541267061,3.415622536916544,3.8829856738341277,2.831923166084323,3.693183553966776,5.190026080917505,3.1218509784756634,2.1512171388654906,3.4350984253291017,6.576391337549808,3.441328213341194,4.836387314909302,5.119987478296139,4.596683530514156,8.821426515092696,6.717910912377192,4.094046629164154,4.500082988349561,3.5413226143620022,3.128151910138115,3.6457188873724817,2.894942729319837,2.01963776247527,3.099561627355456,6.586969321107063,6.916903616857894,4.843101697398652,4.053260014766636,5.812680737861228,5.103737163458618,1.2546882375361292,2.685894446478301,2.513608485185273,3.893206315124303,3.0029518299951405,0.698446180661449,-0.33157989949580724,-0.43126317858070706,2.1533158364591714,5.043756689431746,4.198328630688422,1.8251478183142353,2.581121494467766,1.1523925586364498,2.17398670883631,0.20402523096919367,0.17395072674116818,-2.9555889002783147,-3.9428788693836623,-0.4679891043828661,-1.2329841859892667,-2.4453867083087744,0.40283859539340483,2.0437502246177814,0.4087474588934583,1.9212642854840851,0.7990766917941414,-0.1421391362733857,1.4299860225112866,-0.5648053772730464,1.1992043177507412,0.026376047845701578,-1.0841967006300592,0.14425899940329145,1.5133375995885672,-0.5822268144196414,1.5139268889648747,1.3441519334989493,-0.06076477056285512,0.8007887479315059,0.5152028937362161,2.04560749348002,2.079802732427197,3.577591765109844,4.517057567376412,1.074280804191119,1.4611082903752504,3.493604262619101,3.776071336892528,2.96402027589869,4.499796181530655,5.566191857326203,1.86980336778106,1.8964315430374086,4.9111433836789615,4.552388269005746,5.311062596969236,5.386405816141291,4.88100767406587,7.598263043708471,4.095564112668512,8.11441485754716,10.460985593435964,6.351327415782066,7.951075334871462,6.66429756374805,6.186260250817156,6.909280880007202,9.104857224823832,7.725547158860309,8.43582170772413,13.136967530717982,12.566635189656381,11.673228327188212,13.434690344923979,10.485457617776092,9.924107022891405,10.979402377152041,10.794565733545312,16.06915349633664,13.164128461038445,10.645957187341423,11.603260680242045,10.778803167250658,10.955356260473195,13.072825503901072,13.883676381146302,14.016532736507315,14.584483578648985,15.156152403254964,15.466115837404232,19.346727312873156,21.245420501935882,18.966255560162494,18.65197460061239,17.73178634557854,17.81409687090695,17.01939544020229,17.007750834487524,18.91402261331507,19.73311502218081,20.406280512834826,23.00340115551245,21.36477323958661,21.721590412293324,24.986379633609886,24.83219425580785,24.682512378614604,23.37298002869443,23.466840862116612,21.527427750387005,23.95925774176476,22.58591311457883,21.37901452271683,22.948974306787477,19.5191177085606,18.799523046002378,18.51784481016705,18.551393815281813,20.655988545273544,21.612256419945425,19.701219522017368,18.2771094429055,21.194949260935402,21.4655829806278,22.66509906903991,19.193619491201844,18.594696562821355,19.33818072907235,19.86584440378408,16.00233160212383,16.141132008924558,18.306593083786083,19.235920779616947,16.365080204994058,16.61935339255922,15.823465318523915,17.281875625289388,19.740875869004185,18.700997820988448,20.409200721834395,18.485824510393513,17.65728618615998,17.55579313637344,17.099805865357666,18.091419596466267,15.438959532525587,16.957060102376147,17.004330021040573,14.486098719944948,14.166122885160519,14.991293740476578,12.463036005179902,14.23941962794322,14.509122441995203,14.104802790216354,14.54313856066841,14.02012751999547,12.787582630918507,14.0526377197707,12.49706522670482,13.178612749110243,10.0865146717789,11.822308749141598,10.364332264087011,8.37451506727308,6.20359822878379,8.260549520314157,4.137868808043152,7.311020219985551,4.843632753572194,5.725665241538252,3.3054134345994157,4.238423487467287,2.3484235973591012,4.585484311087214,1.4621149054653415,1.5470680952432758,2.7289817028654397,1.036721667553934,3.613075774773222,5.475404460221853,3.4649508549314874,0.7698508529400669,2.3317190056967547,3.910071398993864,2.869801082717345,3.561152278246027,-0.6706664804119669,-1.4069301696605976,-0.42305995833697807,1.7775706047368658,-1.729611454248925,0.05226846704505306,-0.4785002008102879,0.7993639108884736,1.4219723474498096,-0.3421720683322178,-0.19234009336071267,-0.38904787633242677,2.19393960580112,0.4162596651624426,0.7091131151830723,-1.9092326219407028,-2.0325097066426565,-0.28662744287555597,0.9468487177227303,2.1015417080009797,1.0908106942480913,0.09876658572386532,2.0768541669820593,0.7001205076215911,2.1886564148684897,0.04148328999929163,1.6680227060498964,0.4467208901108961,1.6724667735645085,0.8589297606988566,2.4270056510555946,2.4931162813300602,2.122688372470236,1.8291159254094396,2.06664966240578,0.7966507185088858,2.1247366139003248,0.6189576504248748,2.2180914565158787,1.1246485088673808,3.8329786619735273,2.9430835133323967,2.176790449019279,1.195318650644822,4.20825744346854,3.8134101445465944,3.7951946403435954,4.133493523873597,5.153953168787723,1.7324209514031281,0.7659229318607004,0.49840882518384433,0.6507874983196302,0.8760356394676023,3.7207150768273323,1.5289949728691,3.2187745867421995,-0.7145933620225833,1.284271600400018,2.432591739106556,-0.6689269225151406,0.9453505948825409,1.5712660883362446,1.3099285943321775,2.793147675823093,1.9109419932850642,3.240433199363622,0.7638025700630351,3.3804979030473987,2.207053711593062,4.76216481545751,3.592998714083592,3.6404297060882413,1.9552560471948937,3.3794285831855007,1.5779723051366261,2.4989166269243412,3.6462905604867046,3.2722918131827328,3.2538278107501526,2.332429675135046,2.5029393601271295,1.8567562034609182,2.5693399615221892,4.490161435489711,4.016588508475621,3.4233537268806344,4.7354791524385575,2.9879657525948744,4.91454448999707,4.912077742363266,3.3101361361915167,4.9168512081392635,3.9914497449049406,2.8649201264629767,3.4580177896972657,2.4814148771873192,5.133881330242048,4.164372999255505,2.7201301333429626,4.312375719479206,5.248459791962176,4.1072926227972175,3.8614912345345545,2.3686209694638194,2.621729571811443,2.3838383038245468,1.0394281265149061,3.323916652158772,4.374012282644344,2.4811014321946345,6.211899667475279,3.777806144932498,3.6724154447441038,4.744119132588793,4.71633892448196,2.485866423354679,5.211867638434512,2.2254291067290524,3.6526807893719138,2.0920577228051798,2.7106743877733095,1.8964397335491867,3.6602177606040414,4.24511104929627,1.7467456176734402,3.703526600287546,3.6841323945161832,1.5589988398840262,1.5070636047683195,2.4191477465682283,3.4525974405312354,0.7030825945994081,1.0068275810253908,1.863142639253681,1.423941057459814,2.756312329106919,2.934547953701326,2.725871284024521,2.548246956551509,2.5827161173968705,2.2280625777722207,0.6793650566331735,0.8020511712229279,2.3699194425278165,2.293181885547739,1.4480384374703306,2.0776474243290295,2.4964103134863933,2.340398896766601,3.984713647016946,4.533306121404166,2.741830359483032,2.2269628966965342,3.2088193253591157,2.312849487745268,2.3411233886459115,1.6316910261763269,0.8699379797691051,-0.05867709212469663,0.8893244014832931,-0.2404116194683752,0.08317327368257565,1.2075461396734113,0.27949043517418204,1.32527558008465,3.198014228074385,2.7960917274336623,1.0018256017687008,2.939003431990585,1.7083719273433928,0.9161401496552344,3.28260695573735,1.4444682055134876,-0.7427695341970377,1.1165612917908447,1.3247365442289265,0.7804827778769834,1.3993110829898967,0.6421426280242883,0.40851233310721113,1.119576758252947,1.21294139723409,2.084494102568499,2.00291008106592,2.1143362549149742,0.8198021585131414,1.2457094292774684,0.8242762730353945,1.6876414253404448,0.09483562916213373,1.597705620815276,-0.08732057404077409,1.6230367171233127,1.6152806875606132,1.3143207402908104,1.9070442662196,0.38478188419563253,1.020327645409992,0.6246835703879867,-0.1666702729636711,-0.15889718975356004,0.519858376859645,1.6466964767213312,1.0636127375737203,1.9923023295208395,1.3101609998990114,-0.04106938970917895,1.0994080670440098,0.4936937836794755,-0.08297411884026928,0.20904977971090943,-0.02807607196584172,1.0780093906443824,0.16295791528276027,2.235376464155536,1.4718865095400417,1.1181095443167806,1.1817366163260203,0.7760265937259021,1.2267092348018878,1.125543578146761,1.0502733419285732,1.8084394950422507,2.2635597690309623,-0.9764864079645577,1.4243982444536556,0.5433103589576831,1.433428273924335,1.0869790404893251,1.218700857949301,-0.5597413032141674,1.3527964705517377,1.2200460316996953,0.08121364574250833,1.0593372432977475,1.2615550886586675,1.3586802669425424,1.5404008591815028,-0.1149080556712363,1.8302593066724313,-0.11094468513230993,0.37122486694622125,-0.2634463678564174,-0.1647232335012916,-0.05461070264678369,0.4650432172814476,-0.12235808600425457,-0.09595399590523357,-0.12904772354045235,1.051301756048474,1.1378518088690726,0.13786622656027703,1.1312634110970237,0.16544527117527252,1.9665855750210142,-0.8090653265633136,0.9593957357030405,0.8021588104763993,1.9064267899266554,0.5373901569061843,0.6579168159293545,0.8872772056620306,0.3827360837441063,0.8844209730915793,0.975805000436651,0.22218035690144688,1.5135919436448262,0.5767698202717213,-0.4066153090735156,0.3218207640881303,1.3577618059538281,1.1331265969254503,0.3879316209841335,1.3530456047553514,1.6181934372431215,0.22831532624864792,2.048747741093365,1.3774900921346074,1.0404880570228556,0.8937469901127031,1.767385606065318,1.0376040731360945,2.4926812402634937,1.3107884307506765,1.0856622093551778,0.45991291112295585,0.2010363216156179,1.6012474186847214,0.9438195096875575,0.6714724581652831,1.716290657300533,1.6719261211171954,1.3277094029474483,1.1191119411770671,2.1595301512842298,0.47356181388659024,2.334866078121564,1.2374313304382838,1.0115875817095912,0.17098381086196923,1.8643168082607815,2.37620101074711,1.734506283964663,1.7407228614057146,1.0913984813346076,1.4552715648769095,1.744244486518454,0.946803337522482,1.1682400650013562,1.8718634891604324,1.0231414320334409,1.7723559815927388,2.6154846191020056,1.2524765113822411,2.1442287448584523,2.6246317499461895,0.15157629195456934,1.7873077321279993,1.6729822441900808,0.8907882328015262,1.5446577097388285,1.9497271265082645,1.544736600951012,2.7561732483183334,1.2864792295830796,1.0141675970932056,1.9087928394899905,1.0898193171426271,1.6777793147751936,2.348510489086948,1.4319793573194772,0.07057590791796997,2.258298262496993,0.8607647138360903,0.8446026977813688,1.253000538223631,1.7420424401694916,0.5020303177981589,1.9608071098149935,1.7373892581890473,1.4746577549022106,1.071375681381177,0.9108106712937172,1.065164577342074,1.5613167429343662,2.003485577325563,2.9304558314417477,1.2522507643564609,1.8644737864337628,0.9928063078125149,1.9755508595571882,0.5639279642719544,2.315813830794845,2.0848991257313116,1.4106004498769664,1.9139381994437485,2.167901776312142,0.4972351517108322,1.9243825805666859,1.6914804983075271,0.7651181203350461,1.1445154133131723,1.5329671270133858,1.201341444118782,0.8606042028535796,0.7078394379582278,2.503497034392069,1.3670622982739076,0.46120265841977925,1.9312132755916593,1.3274567082789588,1.4474266695061146,0.18924082402451603,1.435250548044138,1.161732674924849,0.8828133207710778,1.8341646586095521,1.4176536889571025,0.49582914419722357,2.0862536530339,0.3384592464925902,0.7175142459968242,1.3891247565069307,1.740226364454486,1.8898101814210975,0.7469672426219915,1.2521375764202105,1.8356102270583108,2.018936930947966,0.8548124294163983,0.9298591793772459,0.8703380715501225,1.082134842633593,0.8856248883859905,0.8058687075338469,1.6541815930536359,0.59322381959106,-0.22451448653643524,1.4370520175451702,0.17653302264739068,1.0503246359351692,1.3949514259238072,1.7001284688891474,0.38897371674849524,1.3153567519432912,1.374280998632912,1.6539260189721858,1.1015334325120136,1.5757636082053637,1.3759124860042675,1.4253870238213722,1.1914363576518099,1.134141664789837,2.0083876227708117,1.4526914556280133,0.7672332419760153,1.5941309339590646,1.7063427085117837,1.9856255638686093,1.9748843989186113,1.4743557621327739,1.7011003453138756,1.4430405092354022,1.3970339914358547,1.666737701555924,2.1225129688590627,1.3986903773217492,0.26026130941119163,1.5320238314560797,2.7288356456242013,2.042594400978288,2.368917566471218,1.1051008735929884,1.658426694383678,1.792204893522527,2.174394904343192,2.035604754152132,2.607065955819337,0.948680320363362,1.3481326012210957,2.1254503677281207,2.3422897012574424,1.546556394343014,1.4812567895918143,1.753651072757691,1.0493588853507845,2.5753104997904472,1.3169757411529588,2.0585283243226513,1.0535994588289022,1.187600772738051,1.4010890524282615,1.5570109496483404,1.56819777218098,0.7089213306770965,1.2206735853640112,1.4958806449375004,1.145035665215289,1.7370991359476875,1.0150483848961187,1.608823456737241,0.9750606905165604,0.11086066564269359,0.7681456413618548,1.2144323482561354,-0.2550163593454613,1.2233548692406657,0.9431232880222069,0.22574574363727962,0.4202344541097922,0.9284656895959529,-0.06632369555057949,0.4740835289271672,1.4023660042854544,0.2702475056463527,1.0701598282958003,1.1415443993083727,0.803885949997607,0.586177993396177,2.249673712514774,0.25867875249787176,1.1928645155785524,1.3610951118863568,0.16592540445691384,0.9904036657484312,0.3804886130525311,1.6382461949423224,0.6429613313417804,1.3242746896047457,0.08244416710084579,1.754971944055228,-0.008204657404689897,0.40706774165090565,1.078235676939812,-0.1451167146203698,0.7694559241894012,1.2387711910766406,0.2377978519206181,0.20441996925552353,1.7459113065672263,0.9630339186671222,1.3470106537932907,1.6342663283942862,1.8124463273427445,0.7444800670309064,0.2623490973647886,1.1584154480016196,0.035540313647912214,0.6737145186519911,-0.6650097300835682,1.1076116091333006,-0.04298120217868018,1.7189923340283713,-0.08830046036871231,1.0275059059775913,0.6822376145681801,0.9208274564944627,1.1489068545755572,0.7162428054412544,1.123025240757615,1.1179305394262542,0.07942908883461541,1.3651571954608812,1.250734212955079,-0.5840000604939632,2.018222484508726,1.6705873753109604,0.24580046813935041,1.191123802869754,1.5987521416849972,1.3253664405220889,1.0486828805744608,0.6660973429578121,0.7539435159067711,1.0121788690075846,0.6564582757000021,-0.2963902816499058,0.7829479529723944,0.49638588468877565,0.32341793670116203,1.171125991728104,0.13560633496064156,0.198295825090268,0.2688320289880153,0.9198564152045492,0.5078286703412687,0.24723107883312423,-0.41691385009437454,1.0090785537304896,0.17071154868085614,0.6591307635357566,1.5897184890803828,1.1322612089148265,0.3203033348254394,0.5422780813883037,0.07528669145182221,0.13214602899063266,0.36516899079498444,0.30824499852678855,1.182097772657869,-0.19109426236173022,0.38401519134629325,0.653541268378774,0.042837384328151984,0.661321754544872,0.23541221625555409,1.5613812768826296,0.35431798677484494,1.160259116119219,0.034038091565435025,0.38587018937448647,1.0437725393981054,0.48330232536909534,0.6183138983714667,1.2888996211564177,1.0192996294217096,-0.09988035118345895,0.8564980407921325,0.5572207773191735,0.5799821118757214,1.4355917245480327,0.5927421185887729,0.8576624655198657,0.6129835880993255,1.6895412175204,0.1338997834438942,1.1388265876528845,1.5773567293620072,0.5575300957892182,1.384114169102304,1.50845134977601,0.851530830568322,1.835381635233773,-0.23319261272007452,0.8845296709021113,1.0974846477319025,0.9121087151970082,0.819911250576582,0.8365671702791246,0.8588800967165744,0.880836796183246,0.9020043743478254,0.922366127634632,0.9419333956595892,0.9607198099880634,0.9787389079918967,0.9960041309709027,1.0125288223510438,1.0283262259578692,1.0434094843643038,1.0577916373105722,1.0714856201963698,1.0845042626419854,1.0968602871191706,1.1085663076490277,1.1196348285668023,1.1300782433507948,1.139908833516074,1.1491387675695819,1.1577801000271961,1.1658447704911623,1.1733446027854484,1.1802913041496481,1.1866964644888753,1.19257155567891,1.1979279309258004,1.202776824178443,1.2071293495928899,1.2109965010474752,1.2143891517077918,1.2173180536394739,1.2197938374692967,1.2218270120922057,1.2234279644238768,1.2246069591968762,1.2253741388011008,1.2257395231657142,1.2257130096824653,1.2253043731688535,1.224523265871369,1.2233792175056806,1.2218816353353077,1.2200398042856477,1.217862887093986,1.2153599244936686,1.212539835431869,1.2094114173194725,1.2059833463135874,1.2022641776298428,1.1982623458857233,1.1939861654723813,1.1894438309545308,1.1846434174981937,1.1795928813249361,1.1743000601920812,1.1687726738976494,1.1630183248095705,1.1570444984187134,1.1508585639138573,1.1444677747792866,1.137879269413304,1.1311000717677189,1.124137092006265,1.116997127182799,1.1096868619372344,1.1022128692100068,1.0945816109727389,1.0867994389756745,1.0788725955113136,1.0708072141918592,1.0626093207422969,1.0542848338071167,1.0458395657696542,1.0372792235848465,1.0286094096236411,1.0198356225291718,1.0109632580835637,1.001997610085482,0.9929438712368892,0.9838071340402621,0.9745923917035384,0.9653045390539319,0.9559483734593073,0.9465285957572291,0.9370498111903203,0.9275165303484982,0.917933170116612,0.9083040546279904,0.8986334162224807,0.8889253964093768,0.8791840468347232,0.8694133302520299,0.8596171214962283,0.8497992084611496,0.8399632930787106,0.8301129923009967,0.8202518390837668,0.8103832833715501,0.800510693083595,0.7906373551008983,0.7807664762532909,0.770901184306922,0.7610445289508903,0.7511994827840454,0.7413689423009373,0.7315557288758896,0.7217625897465041,0.7119921989950058,0.7022471585272001,0.6925299990498957,0.682843181044916,0.6731890957411224,0.6635700660830253,0.6539883476963837,0.6444461298497117,0.6349455364129994,0.6254886268113751,0.6160773969752995,0.6067137802866114,0.5973996485191719,0.5881368127756446,0.57892702441859,0.5697719759969004,0.5606733021665491,0.5516325806063946,0.5426513329279601,0.5337310255795273,0.524873070743979,0.5160788272312402,0.5073496013637282,0.4986866478560046,0.49009117068743535,0.48156432396882565,0.47310721280172174,0.46472089413123285,0.45640637759152014,0.4481646263448624,0.43999655791282066,0.43190304500063803,0.42388491631402303,0.41594295736831555,0.4080779112902633,0.4002904796121243,0.3925813230584936,0.3849510623246033,0.37740027884774463,0.36992951557010656,0.36253927769365646,0.35523003342740367,0.34800221472647763,0.3408562180229069,0.33379240494855367,0.32681110304946515,0.3199126064927782,0.31309717676447235,0.3063650433591647,0.299716404461833,0.293151427621126,0.2866702504141472,0.28027298110271204,0.27395969928170416,0.2677304565187342,0.26158527698567013,0.2555241580809593,0.24954707104467388,0.2436539615644051,0.23784475037291486,0.23211933383765881,0.22647758454144196,0.22091935185545708,0.2154444625027736,0.2100527211146641,0.20474391077783594,0.1995177935737047,0.19437411110925495,0.1893125850397155,0.18433291758282166,0.1794347920248356,0.1746178732187218,0.16988180807413755,0.1652262260386692,0.16065073957196319,0.15615494461087565,0.15173842102757362,0.14740073307848434,0.14314142984636646,0.13896004567368436,0.1348561005890474,0.13082910072472487,0.1268785387276239,0.12300389416185453,0.11920463390350733,0.11548021252821172,0.11183007269119116,0.10825364549975802,0.10475035087819151,0.10131959792528278,0.09796078526471774,0.0946733013883545,0.09145652499159951,0.08830982530253095,0.085232562403462,0.08222408754562593,0.07928374345692646,0.07641086464286673,0.07360477768060036,0.0708648015062181,0.06819024769538373,0.06558042073697834,0.06303461830088963,0.06055213149869587,0.058132245138608596,0.05577423797348047,0.053477382943071916,0.05124094740943974,0.049064193386811894,0.04694637776515265,0.04488675252798657,0.04288456496408344,0.04093905787328822,0.03904946976723522,0.03721503506352519,0.035434984274900216,0.033708544192677437,0.03203493806455526,0.030413385767417367,0.028843103974679707,0.027323306318351115,0.025853203545807446,0.024432003672245628,0.02305891212733968,0.021733131897462954,0.02045386366302182,0.01922030593124191,0.018031655163667892,0.016887105900138977,0.015785850877193752,0.014727081142893894,0.013709986166873023,0.012733753945553872,0.011797571104636972,0.010900622996189213,0.01004209379260601,0.009221166576082851,0.00843702342473307,0.007688845494442376,0.006975813097085393,0.0062971057758431925,0.005651902376087037,0.00503938111359048,0.004458719638478215,0.003909095097469617,0.0033896841911769116,0.0028996632293569746,0.0024382081825820023,0.0020044947318069717,0.001597698313901219,0.0012169941649631255,0.0008615417039550266,0.0005304883017061002,0.00022297279986105423,-6.187121164202836e-05,-0.0003249123505497664,-0.00056701862177988,-0.0007890548138220765,-0.0009918801014237033,-0.0011763458476821143,-0.0013432935960508985,-0.001493553244472423,-0.001627941392143839,-0.0017472598520953397,-0.001852294320542569,-0.001943813195794064,-0.002022566538698811,-0.002089285166107402,-0.002144679871491917,-0.0021894407643685554,-0.0022242367217586434,-0.0022497149453784004,-0.002266500616940448,-0.002275196645825872,-0.0022763835029877555,-0.0022706191350607696,-0.002258438952310371,-0.0022403558861583406,-0.0022168605092929283,-0.0021884212151803695,-0.0021554844502134074,-0.002118474995370434,-0.0020777962924398707,-0.0020338308103191594,-0.0019869404476935415,-0.0019374669685703338,-0.0018857324661780694,-0.0018320398527293946,-0.0017766733719213335,-0.001719899130137037,-0.0016619656445868713,-0.001603104405717204,-0.0015435304503625957,-0.0014834429446182185,-0.0014230257735903251,-0.0013624481361489416,-0.0013018651432616934,-0.0012414184177487186,-0.0011812366938670493,-0.0011214364157012824,-0.0010621223333373564,-0.0010033880944888551,-0.0009453168318032112,-0.000887981744483568,-0.0008314466728620573,-0.0007757666663223972,-0.0007209885428096641,-0.0006671514403251422,-0.000614287358700949,-0.0005624216931892079,-0.000511573757307815,-0.0004617572964775718,-0.0004129809918254068,-0.0003652489527325997,-0.0003185612000038418,-0.00027291413834973355,-0.00022830101886484044,-0.00018471239093287295,-0.0001421365437863642,-0.00010056174829742304,-5.9976261240990425e-05,-2.0368329103348515e-05,1.827380725671901e-05,5.59619091973218e-05,9.270773614389327e-05,0.00012852304195121178,0.00016341957126542184,0.00019740905554499477,0.00023050321010487096,0.00026271373030795075,0.0002940522886092367,0.0003245305309178548,0.0003541600739254136,0.0003829525019227731,0.00041091936378734317,0.0004380721703682866,0.00046442239096222693,0.000489981451210042,0.0005147607301978496,0.0005387715580127406,0.0005620252129006076,0.0005845329195608429,0.0006063058460767934,0.0006273551024946755,0.0006476917378677172,0.0006673267387782289,0.0006862710265522765,0.0007045354560659689,0.0007221308133580351,0.000739067813924521,0.0007553571011840177,0.0007710092444881411,0.0007860347378141341,0.0008004439980595635,0.0008142473633370173,0.0008274550917803936,0.0008400773602943445,0.0008521242630195047,0.0008636058101387789,0.0008745319262857265,0.000884912449919284,0.0008947571320163661,0.0009040756348213108,0.0009128775312206017,0.0009211723036059993,0.0009289693431924206,0.0009362779488242268,0.0009431073265204759,0.0009494665885654285,0.0009553647528832698,0.0009608107423559886,0.0009658133844254735,0.0009703814102408614,0.0009745234545448511,0.000978248054877895,0.0009815636512371384,0.0009844785860764205,0.000987001103453622,0.000989139348973822,0.0009909013696187685,0.0009922951132921298,0.0009933284287058086,0.0009940090652662548,0.0009943446731881522,0.0009943428030965151,0.000994010905913001,0.0009933563331401274,0.0009923863370886465,0.0009911080703659536,0.0009895285866150516,0.0009876548401166474,0.0009854936861870556,0.0009830518812918854,0.0009803360833302577,0.0009773528516348051,0.000974108647653793,0.0009706098349511194,0.0009668626796610624,0.0009628733508861842,0.0009586479210952348,0.0009541923666347429,0.0009495125676153293,0.0009446143088780445,0.0009395032803354297,0.0009341850771420468,0.0009286652006039731,0.0009229490586903921,0.0009170419663746543,0.0009109491463732411,0.000904675729657356,0.0008982267561918889,0.0008916071754470067,0.0008848218470234315,0.0008778755412208739,0.0008707729400612152,0.0008635186374590376,0.000856117140472179,0.0008485728694154204,0.0008408901593952578,0.0008330732600256852,0.0008251263371903406,0.0008170534732130363,0.0008088586682220011,0.0008005458403204102,0.0007921188270074708,0.0007835813855194829,0.0007749371939098637,0.0007661898516744259,0.0007573428810587757,0.0007483997272856868,0.0007393637596919689,0.0007302382729790224,0.0007210264880654904,0.0007117315526556922,0.0007023565424333356,0.0006929044617436375,0.0006833782449575665,0.0006737807567560594,0.0006641147938353242,0.0006543830853047439,0.0006445882941648051,0.0006347330177050026,0.0006248197886975504,0.0006148510765910942,0.0006048292882496753,0.0005947567689190691,0.0005846358037047139,0.0005744686179696146,0.0005642573785280547,0.0005540041948393082,0.0005437111198034472,0.0005333801507276803,0.0005230132306337509,0.0005126122492811191,0.0005021790440196128,0.0004917154010399827,0.0004812230560560238,0.00047070369589619077,0.0004601589590720323,0.0004495904369150594,0.0004389996747704572,0.0004283881729065797,0.00041775738770866155,0.0004071087325883127,0.0003964435792909171,0.00038576325863459715,0.00037506906181761224,0.0003643622412141667,0.00035364401190918215,0.00034291555232357496,0.00033217800574902867,0.000321432481030115,0.00031068005370116225,0.00029992176700943673,0.0002891586331656981,0.0002783916343673809,0.00026762172382177596,0.000256849827167116,0.000246076842927323,0.00023530364416046723,0.00022453107891351465,0.00021375997232553345,0.00020299112662769403,0.00019222532267804127,0.00018146332104151952,0.00017070586306999758,0.00015995367158438967,0.00014920745223889753,0.0001384678946578788,0.00012773567362955873,0.00011701145001552504,0.00010629587188759615,9.558957577837646e-05,8.489318736337736e-05,7.420732254104223e-05,6.353258879698842e-05,5.286958617034543e-05,4.221828584149989e-05,3.1578135747167835e-05,2.0948166024936654e-05,1.0327094116746593e-05,-2.8656967288043234e-07,-1.089441724388962e-05,-2.149803742668155e-05,-3.209891150390831e-05,-4.26983073680276e-05,-5.329717561153302e-05
27.47763355921404,27.659293422824135,26.79010825351463,23.989457303217932,21.10230308235566,18.93124730396596,15.123860273982018,10.848279252868906,9.544063328548646,7.780836422084803,5.749498355602896,4.830401298144807,3.1864285820837495,0.8392887403467739,-0.6416415557509936,-0.2822615977291889,-1.4304858092316408,-3.987326405449494,-4.217123724920498,0.9752574035048838,2.56151977940749,-0.4592291100016155,1.277596481962064,1.813955012413203,0.4339312755511173,1.430765157616861,5.332132536615063,3.512449870129558,-1.7643405502813039,1.7390918875710213,2.7383057120650847,1.5289984378267718,4.205024043932326,5.6844551065585165,6.041918957160874,6.323477905624486,6.26080156779858,7.28837875140357,7.782042852923951,5.9099239032866535,3.9353659989651533,4.722908934502584,5.965583321843042,2.9323470350148,0.7630679960194584,1.3880801422169498,3.189438526067306,4.601871401066205,6.697863049421812,6.777070144717527,2.707935311844494,5.217482040955474,8.937091461565842,7.727941544724217,8.435889543551411,9.967033637592635,10.838677217491863,11.809455685002376,13.747561463478405,14.60211841251612,14.648237786487016,17.106158774081905,17.67738130619955,15.333117958591174,13.186425242395217,13.941422588563341,14.10911287502995,11.594296413712186,9.147902476709646,10.765243942317738,13.309247520135159,13.4923871830797,14.179357252832233,14.414477166678807,14.27520703381333,14.975419096200994,15.369120887035933,14.74281355915798,13.6256725097453,13.197262286694922,13.13671882924234,14.793892088928601,17.771255215341284,17.09944149977241,14.20410198763841,11.45168191284938,10.162055264686387,11.989750648981271,12.718812256922547,9.657086791661754,6.786186774312455,9.383683232936392,12.076450716195268,8.585723185944516,4.900799802645338,4.338432481467407,4.184671963907249,1.209394241211612,1.3684490072540711,2.59162382324962,3.0696314065374963,5.28688538716915,4.150101334327246,1.201858546317908,0.657709539250277,1.350638349672181,1.6176572686736108,1.1187764991550466,0.12228244943923983,-1.855796884810161,-1.796198656876527,0.13804634062773857,0.008656542768903819,-0.6026911330975508,1.271788627955857,4.713839744217239,4.5799252450774475,2.969427610418279,2.6637967332226253,3.7346433423438157,3.538612079942368,2.410984910027082,4.454438462277039,10.729595902616666,10.93483629918228,8.204267627620084,8.065734563061142,9.557884182866246,8.237551234385137,5.698678884179458,4.971671877398876,5.126851381512779,2.9944867972928932,0.1265267003250301,-0.14065680512794643,1.8721428451997326,3.420305483076845,4.778558897588709,7.276867352196859,8.529130179381582,8.714126355030317,9.482863006023535,11.017840528454371,9.924165792004601,8.978331283322404,10.599894902889332,12.541665606479,11.28563830159419,10.705164063446318,11.881417545714271,9.48889508546688,7.6376387066312645,8.685919464713834,11.04675618661338,11.54668001423056,9.83485282072786,8.342295676162166,8.642667827261448,8.77019897558614,8.500145790461602,8.464392482161998,8.339805321103427,6.787502660950167,8.161656220604527,8.86477688396917,4.345639367218837,4.616066816456623,8.386856552597123,11.797211196667035,14.057194347413997,15.87839430277063,16.74253955651261,16.66651326457645,17.051962533643973,18.94720028421534,17.095361950344113,14.013567887769796,17.0437658442587,16.95173029122043,14.526793566000379,12.954770685770654,11.86904601580568,12.52025116105824,13.266377379421101,11.423239383792634,6.981028001840514,5.4052747157824115,8.144542536295603,10.125909558530225,6.660913512401294,7.203913380857784,9.054360254194535,8.703171787471547,8.824919515468764,6.192074493274049,6.229084432545733,8.195113222609734,5.141987704102121,10.407971886428868,14.714080729641296,12.10194582877432,11.983741741048902,9.562352262710192,9.492198077566627,11.93184930381608,9.934772571374424,10.722157926347336,10.08257723386373,7.809728239961032,10.472026920700955,10.947947064922346,11.30352244941787,10.99229796321697,6.52543455249679,6.582549095455079,5.072688970089985,4.003533708644795,10.409068488437697,9.67636646533947,6.606379148845463,6.1195028815961905,5.436975630749998,3.973943442921609,5.133039613996971,9.373110421373894,11.642381511958888,7.025185993784817,8.312093603615722,12.560274938196471,10.658992048219147,9.771492544754778,8.330798363600024,8.970247846215216,13.122616977542748,14.151161802532329,11.725045256996964,11.901490385070588,13.709032534945663,9.040097466228076,8.272461130120291,7.203149062096145,4.62857561882106,7.40673890930168,5.9084539624993795,7.7683900471702145,13.156066915443716,12.403418093392247,10.775847471168618,9.84887732748939,9.995941461143616,12.106952178219217,15.606977035210207,16.618409038072286,17.991056624250405,21.288837897473513,20.398484103771466,19.65777416497781,20.328313088077948,20.918896297092374,20.619652632428938,18.7081722215122,17.824225746989327,18.761695790221438,18.40601588452273,14.342812999536818,12.539670272119793,15.582577607970393,19.301053932258128,19.061054600176135,18.98042512665552,21.163276210365893,21.825410987872147,16.958509385661046,14.220447878147638,12.53350554077133,12.798902898020287,17.06550326400111,12.904507540117265,7.462066093097519,9.011525264844977,14.222898131524289,12.727012297835927,6.924957618065491,3.8507572441097864,4.854900920526461,5.033971756797314,6.038080208945303,7.437563280377617,9.915611374599848,12.850848721673856,9.385448364787862,6.777548858920113,8.225473367378754,8.929558535873184,5.351309621159089,4.219503936255023,6.259134079361274,6.5666521876649995,4.264388678690466,8.00390915314074,7.169017554811035,1.1015858747621223,-0.9096762339398765,1.0613919434869103,1.8178522174630416,0.6297462727382026,0.34890272165262104,2.3435685706020877,3.1687583692178123,1.0783389718365015,-0.7391917364243454,-0.47320463062521867,-2.1964250842348747,-1.9700381414647836,-0.18601764879304028,-0.44463093760168704,-2.7813241617603808,-1.3253501084483332,1.3764023960457052,2.6029853807740437,1.759183159023678,-0.49808398574793955,2.3088438000916085,3.9198383324567203,2.913394243251787,5.021997471616828,4.587142454414334,5.152166388026444,9.697112553089255,13.016904086116256,9.440520771097226,11.275883961425052,8.651348636753482,4.718217867897465,8.71837003241285,5.392706473533281,3.77418088531158,6.018610192060805,6.443981350832132,3.764459916034184,4.06683042658392,3.0661119082333244,1.6241125308322353,2.454263692775612,2.338600145672217,2.2691173332045764,6.163469644882525,8.841593958148223,5.926466084877461,7.207625894193143,9.36401695944653,7.1793794965077495,4.5238175309389135,5.465188276614299,0.5622542567454047,1.864866315212339,4.080712153732179,1.408324014097957,2.404265956594145,3.2738445764542803,3.5760039237974297,7.502195045577196,14.120394510053188,15.339459482921711,12.885262319402159,12.534027844674483,11.797819439142131,9.280496104806048,12.135293105291566,9.999331494924036,6.68600064575071,7.425803187697511,9.627524773496702,10.09966955158211,10.406844223259895,8.96259246815066,9.219580460346833,13.23429427846304,11.119432458061851,11.29183039487043,10.43944053673522,7.906464202319285,9.524650494466641,9.669204756625504,8.244811360247013,9.330897362206088,10.917838701927622,9.364906870121786,11.79968281259005,14.068618608955376,12.426063108091626,10.985677716854298,12.122169962773796,6.680705259187562,5.358254447841205,7.578045026628843,9.353819094337496,11.078651488044216,9.259568746162358,8.379792588302962,7.951169296401758,8.332651248008915,9.977550377120224,7.119695362591301,7.858331365991717,5.419350786140058,1.6638991422721574,5.340206372625971,6.191314260768536,3.70971473983991,3.161031448067206,5.1431630433314695,6.754801324441587,8.424349489952647,9.607675883251886,7.650174372478887,6.071798411880991,8.464888386000666,9.989777236262626,8.074497252915762,8.481552383481358,9.082759732874592,6.695492198480451,5.243567081907827,3.9532912495916435,5.246832860016184,6.353305477117601,4.957815792492738,4.022569471783413,5.093389848911784,4.556920168043689,4.86602630853713,6.064760217495746,5.828337906201796,5.932011400555211,1.6521918115911376,-0.22824061629398784,1.8956156804520106,4.05511716168246,5.602787089876756,4.4245345524711865,4.086626963342724,1.4873625439141733,0.07716313038326916,4.530571503961255,1.1623281920495856,2.303042409617774,1.7965678843082742,-0.8034640545090497,2.370298446004199,5.311130720323945,1.9397370651149686,-0.2196020939142045,2.291292400752127,5.518065259596597,4.857862428816702,0.24072725202199763,1.006248485473293,1.437313201202528,0.04611745264833189,1.348153047955293,2.8376715562812933,5.615064548687542,4.666587570280399,4.425089842941134,7.302362992985536,7.442498008908842,5.470175969281627,5.239874571706878,4.565726728487789,5.287926839659576,5.83053115337168,1.4623219514817265,4.63030358904382,5.271775685036346,3.08099540321939,1.5977393997071658,1.8548260147015299,5.73865008878704,5.792161452846813,5.03072147327407,5.018274921620787,4.15232319527297,4.33427343978974,8.489214026122568,7.4207118957018565,5.149435191817702,5.250677780533124,5.886769145779681,5.433661293296609,4.519258765146105,5.8584406576804895,6.437203779389165,5.684171306042231,5.530590281408536,5.515617337089907,4.413393903191377,2.6465593934126446,5.77776742855167,7.843121071781525,4.268005035061151,4.063801781193206,7.088878209461768,4.227540754176516,0.7166342032596731,0.33560546094190613,0.2761328051030887,0.08603461678126223,1.3146551283073222,3.0655377821585716,2.463099912785083,0.4452961457383253,-0.8502121084894725,-1.0544402417485799,1.110235142304532,2.338256961002571,4.270235012842363,3.6626235890576027,0.44698641713989673,2.4882364676927864,7.7446704556844,2.601159554290689,3.796150822376376,3.6937014102531975,-2.122649489507239,-1.2403225263599325,-0.6731089370925929,2.1169701332003115,1.0712205157019525,-0.6718475802570083,-2.3658138962180146,-1.5641172450875729,6.249284989597754,0.4359098934371559,1.2706040052262324,1.3314364764196398,-1.7261310904627862,-0.02013576120180005,1.6476866668078856,-0.42454588886039346,-0.7129466324328178,1.1110018997123916,0.9324648543683907,-0.44157876792792194,-0.6826046497299103,-2.4150259964924317,-2.430546619165625,1.4170808261512775,1.3689153434269201,0.530700853515782,2.0750146364746342,1.2722732747582768,3.095896073008362,1.3991850211386918,1.0791429713483467,3.330257987481218,4.098788044997264,1.2187471339874492,-1.3852139583052576,2.2280349256752743,0.5391884383529941,1.4247539976296366,4.3360070338943615,4.450052913186028,4.582485337473827,5.182747661377789,4.327907292989266,2.944945672905078,3.7329995706511454,4.521820695633437,3.5878766925522996,3.8075493047072086,5.513884955672438,4.446484864048784,4.2297763572047415,2.5862698139542317,2.1828721627897494,4.568203940764533,5.84831954867559,5.669739239093815,1.8083772110076097,0.8794415300253604,1.4247758231056196,1.9793876917623265,3.2720712161258234,1.417423501044368,-3.533313168028826,3.0384251299611833,6.542191885713237,5.343472903271277,5.325331457459924,6.8384206207883835,7.258966663700562,6.369078961861533,5.526183547852156,6.955381598595295,5.9487293048021,4.56323577492617,5.0559827647362,5.798187315864652,6.835199265127358,8.733241892958631,9.649419143929094,12.507801862723113,13.45194235095778,12.840662655564074,14.80945584155927,18.440896209426228,19.962331969327124,19.74612901858427,19.965920789536995,21.684193720380563,22.23064416678085,20.983062019108615,20.426229573577302,22.143987086687275,24.715717205910096,24.897924387755666,26.35653444528748,26.26888427599522,25.89220316124647,29.676405743801865,32.48284206548283,27.948860177032884,25.908216013723973,29.551474239379104,25.470625149656144,23.963954913190605,24.635350178899103,22.61878553133397,21.732681333700157,23.02818273810533,23.21042442260773,22.964397160885028,22.285453175104067,22.222348152710197,22.049970806510373,20.20922325207664,18.85291946248344,20.99104912425821,22.31743792926136,16.87454228274828,12.77103950276171,13.29010473160929,15.246161834494728,16.901021042923276,16.97736752862852,15.844369148241412,16.94571598643779,18.310606797362425,16.215247917932516,16.245536236817088,15.83563362272298,15.508933718240769,12.760630340210128,10.826943586609104,11.72619677153989,7.763577360785575,11.5178922529783,10.462600890704834,10.97918158429411,8.718886988439976,8.292014070074401,11.910116248459417,11.209672871468456,7.243299791275263,8.985669844555787,11.875993717874394,9.719692136728554,6.507975654641541,5.411802388323736,4.096758709937831,5.796057403591362,9.851858597622254,9.505980043887803,6.896417708277909,4.854281840459635,2.9705086606145414,2.7549181808400363,2.5352622450889157,2.5131327538533696,2.5231779947246196,3.720175398512083,4.119803022613041,1.1914739039707456,1.81927351910997,5.089740838689863,4.8181133819107345,4.939928451967717,8.088781952275781,5.507156011007282,1.3626418107377276,2.9201200223892556,3.9970834853072574,2.3213030671377055,2.3408251147245664,-0.7874419525310259,0.5861468670957493,2.5398942733486365,2.4722323018880843,0.445227988291208,2.3626229255996805,4.834823701394839,3.9408035615267636,5.064161733207584,5.471309549568332,4.640877075605545,4.619975274497392,1.578395309396683,5.216628565052474,4.862729744936928,1.666713480077874,1.5810231144492946,1.959591083166174,0.3390889210538717,0.2011342560412004,2.9778451704290774,-0.8880401564074418,1.5025760204034668,5.8036220146747155,4.431416126680801,0.5710749044590102,1.9639278318111337,2.4848492573064505,4.331589309684091,7.794060955135137,7.202643035286428,11.400469960014334,10.554466922837605,8.26240514519668,10.462447859491476,12.789656885944169,9.794254131344474,8.784028582891324,11.898555357733812,13.141117190711498,12.51151662290215,12.699679392990447,10.85933614085343,8.286184009837598,8.805338002668691,7.037810730953538,12.640014316390648,9.109485665178909,7.03836491170307,9.065666279399693,7.9793290691186485,10.820404468112201,11.702757807105854,10.796527748846984,11.185914285807485,7.978981076900368,11.990760877290995,9.016876464559346,7.986738479708947,8.24058429877482,6.9136334092743255,4.3091342598224855,3.097644177983966,4.188428556503368,5.153289099455151,7.74261595925816,6.875011663627333,2.0612410519536297,0.9729569480018654,0.6627323795694338,2.6422467224700767,8.171531337025954,5.640622202147142,5.064432409278197,6.05388278658279,7.675704202656334,10.362654752737171,10.381537174649793,9.49543002542157,6.252139827832934,3.1602875848084295,3.070046408433768,4.195968977578673,7.349897703170427,7.707932389039797,4.436345443871005,8.083854794617764,6.850362006630576,7.899818129843197,5.416925482277975,5.030172213069363,2.3689614570029107,4.387830123190838,4.284173770567804,4.281632636473205,4.361536959516343,2.6301555149869955,2.389801563896526,1.6189355651780488,-0.7592190776217649,-0.11208853691209697,1.9667732772601312,3.172570888743735,3.4013142887724825,-0.025876985395825614,0.9713936071152602,-0.43718270304179896,-1.130437731572897,-2.9698649816999705,-1.7101962770299224,-2.072503668413333,-2.9574687406001203,-0.8399102753991201,-0.12577011942732952,-2.548130241691183,-1.4973589637281748,1.1869818694127616,1.4029550998182003,2.116738685251107,3.310257513492047,1.2700627254905612,-0.09229486882907167,2.3822940072011534,1.1212500908429774,1.3753581389419196,2.04286373371815,3.571572866731117,4.530263004941503,3.752176590183808,2.935118599547309,5.466468830216172,3.182520360081753,2.6332498024194138,4.205120268659016,5.69737536862408,8.215837881469724,5.648007262707779,3.611301579859173,6.061883452832376,7.073407816187,8.022324408450004,7.545763413152372,4.160248742841986,5.446329434396944,7.450801667264045,5.646608537195334,8.073892101892966,10.142788971586015,8.858954968646117,10.503923807415731,8.268163863216614,5.56949841800963,8.968633227720375,10.22451567882456,12.357200659371983,7.657677093554298,12.711305228437595,8.999196498444803,12.45778333249325,12.06945673223754,14.614702156677708,13.871684521932252,12.487463767023428,12.319059381305124,13.33579429288568,13.174531701872525,11.65786345526351,12.957318070883616,12.086769092178201,13.378753317642463,16.708958192562477,14.167608398568632,14.000383489363912,14.115254082358888,12.389366641020274,14.338965338382422,15.995857073387242,12.97326820951696,15.354821459887944,18.393083552788426,16.380292532587987,18.891704623878923,19.425609081192647,18.14319610192183,16.984462534647605,16.87621981988218,19.95310240672245,19.123180556643774,16.869107496748256,15.523693233226481,19.442207022858156,20.42504596458548,20.300986560785645,22.100463427581644,21.794827119747765,23.30848994685573,26.147527078057124,26.527545043060968,22.204308889635854,21.6656366768583,22.657583989467753,18.59740785892143,21.67409156654287,23.856645830789887,23.474491800367332,23.777214253940997,20.014334587570374,18.630135003188116,22.905504588011922,22.47325927718316,23.080653633261704,21.542566924607172,21.199205701356618,21.947109808609525,22.88429402232623,22.245672779224606,21.82676613774936,18.507381482559197,20.733058878917518,19.644221795255703,18.295781372793442,19.415254210202704,17.82210453946857,18.309427463549923,18.594358051242523,19.477403563836845,19.318670233265493,17.925314345674337,21.034391378388534,20.565785826748822,19.511462602188317,22.818126991202007,21.142443266638622,19.71101970859661,19.706364582539663,19.809122610563918,18.803635274597696,18.447783335422855,18.895624872676308,19.051368709107408,17.703499121652953,14.93169721258164,15.159911112640202,15.663588924249666,15.585090075636742,17.651428190387946,17.918442237877684,15.985243348118786,16.722730410061217,16.973755059833593,15.750448267151057,16.266050144196925,15.918888339437899,14.77684453879806,14.327110359750122,11.59892916473882,7.690024328810068,6.541379785867093,9.791030702763692,9.337051875418865,7.372408478070611,7.364661919220339,3.3210457216911777,6.897169136683829,6.3597250676693875,5.161349331917734,2.056923204475993,2.9227874051941853,6.307615211901748,4.669869649211819,3.469233814101017,3.867172563121528,3.9395485992615136,6.577440303244941,5.815327761450419,4.875739718918624,4.896670647751307,5.601929962163695,4.806024828891509,1.8866942763523866,1.3739900847834292,-1.3737585663570826,0.4068982145994937,0.21065560898472313,0.759320573846594,0.04182040649573082,1.5434507365138188,0.9057877068784137,-0.9186490902619653,0.17472893845899762,2.2361066392369366,2.0609386161850693,1.1152725115246085,-0.8943962405700177,-2.013189749092305,-3.3930022743724066,-0.0644312906932214,1.2193335859631702,3.2199959556091926,3.0852151068710896,3.8104283266875996,2.0516560895700877,2.725050324924439,3.139676575350279,5.446335950786079,0.9939798819681869,1.2167948507025699,3.2622240753348137,3.751679158390175,3.6810525773435643,3.856844344658157,4.316999417191823,4.972631311430689,2.981404625832738,1.405219301436432,1.4741878717649115,0.9183311770849514,1.413775867275831,4.63002618593066,2.5161577684677923,2.0082452990221213,2.9055223897999554,2.286916055698839,-0.2802131410453512,2.2577317053773527,4.152470392074406,3.400565019677117,1.0395013458352196,2.6450033135327544,0.06446224227221364,2.2739007788527488,2.6557441515178652,2.3626199978396585,5.411230396847259,2.8108309022451294,-0.20382908861961369,1.0213720991108062,-0.01605805273544547,0.8893651304546211,-1.5559579903876397,1.5378750539982775,4.12740200990379,5.300569161239139,4.656613883080581,1.617923655213076,0.9612250913696698,0.21254273919396383,1.8552374759884742,3.2330217203013376,4.316682900469459,4.196698062933876,4.579144408404829,3.164788659328849,1.9074793556288796,4.653001976608266,4.274119349884927,3.692971279182757,5.481874142767026,6.267800932027512,4.801533904619873,3.646141068372742,4.638066415805156,5.219741123650124,2.8549276919434305,3.0966214971842874,3.341048831550836,5.645354867012486,8.123050408230313,6.309307072283218,4.099342050663836,3.532567460574626,4.900470204596331,4.433104947287461,4.005484359253103,5.314214906069253,5.691766910575836,6.5782456622383165,3.902189719235878,3.3896833686420678,7.761866659655141,5.064189605239449,5.452208864047577,4.234251584407048,4.859727133096214,4.240080586280897,6.76005365329479,2.68784098860408,3.3655501448884593,2.5387002712778326,6.764394653003251,6.572239983535098,6.0056057076388925,3.767437028871484,2.3098240580418405,4.6889519881995625,3.3040538771149954,4.149882333194398,2.7468854352199514,2.9706133860481714,3.767966211503108,4.304593640347605,4.804403081188525,2.9155874008451406,4.212669552102625,3.3111267860312523,4.123860248840515,1.322834476330172,2.216610271601894,1.816079848442314,1.8702638610865279,3.5797513856771275,-0.858195104685251,2.963037091062631,2.845332841990114,2.2097783810191913,3.197247254194963,3.0111433041626583,3.4762079444678875,3.6516793578542774,3.8932736509291317,4.009099143256833,0.01896420452720804,2.960285446098908,2.6646384129802527,4.609808070948475,-0.4681963933786335,3.943977495636119,3.722754475727072,2.7375856236293714,3.886714978763706,3.7692224884327743,4.428386319666089,4.474821298703745,3.636878625353461,2.474192621276785,2.348963772767661,1.3928930511227122,1.7644451087577693,0.27696116778389523,0.28054069671884463,1.4513176822827347,0.8544489102904151,2.26184761322142,1.4744033785402735,1.5087648448705124,1.1541635112076847,1.8671433477412052,1.215072794205156,3.5659640245175694,3.755648304956452,4.152762941687769,1.9643390303516526,1.7511822757260802,-0.5840744212668483,0.44614734388784427,2.179285273666636,2.049807665579891,1.7061260806545988,3.0649929393900948,2.2545710141341146,3.390785221906924,2.9906222659904245,1.2969291062911736,0.3234569446690614,3.7030822195019084,1.032594300688885,1.166823569657197,1.8427261590665296,0.6667801796209858,1.9295761065801855,0.424618777236617,1.9349758242063615,3.3701491638155403,2.849769303072435,1.0625124324779733,2.500414442907953,0.929253794768016,0.5541244943208028,1.6398280965052265,3.268686242449121,1.7376963126179135,0.43331764088179625,0.28464244398202254,1.8552843797029084,0.009562033419314275,-0.6815564147490534,-0.23484082274777052,0.920454854159118,0.6908028625851159,0.9492280914731168,0.378249379240458,-0.12742580991522345,0.9833277970583651,0.7510013587525464,-1.1734251729727134,1.2701925073534142,1.2268491892986049,0.8535787199814706,0.8887899459058985,-0.28169321064928,0.6750966384032324,1.2062196357339587,1.338920793026972,0.23998662732097387,0.008637603793800963,0.42083671733581696,1.23959225005936,1.9555277984383679,0.9757097060813749,0.14235426752836133,-0.8964446347047783,0.899542487779712,1.9004490177128162,0.8495924519728533,-0.6589561184271417,2.1387809287776065,1.1369909865876764,1.6858854040474114,1.7963046889629766,1.2191099325050345,1.0802993753152919,1.7329524349527219,0.631283674852483,1.1268616111311758,1.3079032563473163,0.12050514904510123,1.6377320807673073,1.6333782011234348,-0.001712333151800749,0.41978274282286065,-0.6304362373614936,1.7990520872438935,1.0767285415628578,1.6300184727624014,1.7326300793210976,1.8900676613640712,-0.232328838816926,1.2767367529613978,-0.4481094523434024,1.5079251545289765,0.5665803681460204,0.45042285864974474,1.0551607190164702,1.3484319288206166,0.8826827117298706,0.41432338996685303,-0.01764302907668025,2.086845990870927,1.3081449087945032,-0.04296905137312024,2.517071730830196,2.0288879135650575,0.7052648202770513,3.5410462873431925,0.9872680972157468,2.364548808124937,1.443290204769653,0.713048193303564,1.6422985184619137,4.142647346838686,1.576422421520732,3.8576936250409943,1.0029705626610053,1.2160259426426592,1.0610678587903806,1.1353929673878866,0.5713930334559336,1.0120721962688037,0.7176678143284931,0.9528955995197919,1.0022923589528716,1.2317928147022883,1.5135342863671468,0.3475760284726874,0.5710361651868681,2.3959412331859085,-0.5061028201841538,0.39626618255508106,1.1873557979524492,3.566677400351722,1.6267476164549066,2.7281414931514973,1.3711510167070173,2.5810923146353844,1.4312855277261178,2.3979054580928505,1.544284967845897,2.210299342879196,0.9760733484470023,1.137551841274103,0.7377193753994078,1.1605638090756543,1.9485888569593044,1.3691287450920413,1.7581057614924447,1.493876749648848,0.6026407844656774,2.0997630512251106,2.169073335589758,1.631638762073976,1.0721141899447844,0.762784015012528,1.3762468569308908,1.7459975603443354,1.0772273044409673,1.8387303042580356,0.7532984698445375,0.814315263215974,2.6819197473275693,1.9173052860269735,1.554992611688533,1.9889917058738433,1.8080832076337146,0.8565483505767162,2.52777860010076,2.06679650049972,1.182735671414548,1.2246297333260827,3.4284598202774106,1.0809653056651314,1.8953683743367264,2.867659352554938,1.7944341509713126,0.7896254296044845,2.4340998731311743,0.4987646756442814,2.7874628840182822,1.3224060255247991,1.322552174860732,0.5153736787794969,1.7101832669158625,1.912193580746191,1.7415310311582743,1.218941344656514,1.9144330740804207,1.8360944843597053,1.6760499038635999,2.390102981746338,1.723745309908736,2.041608866241347,1.8744097458106808,1.859095528975729,0.4087824318965545,1.776552305136363,0.6586250809388048,2.109504510474153,0.9477323649878144,1.5746215060441386,0.9424414265084238,1.2436958367838997,1.8287710434594828,1.8906435607856338,0.9775524764832113,2.0714372507323446,1.5904478782817932,1.2139264685140887,0.6383658506733099,2.1233538253841857,0.9013708906653619,0.5842384576887412,2.5103098299107955,0.6269241532432517,0.0735361062581319,1.2916938106944258,2.4764091260544774,1.4162034567433963,0.33781893730872525,0.9782095052576665,0.9555355767665787,1.2236546442634335,1.8768278521811155,1.5389869379192191,3.2909115957256745,1.0770097534009935,0.9364880514028187,2.209628004177155,1.932271487843252,-0.07836777212958168,2.3726550797425148,1.0535087887983536,1.4681292276132467,1.8763077237141559,1.8609632043970805,0.5018596546885874,2.1261592499838002,0.7684826115854548,0.12100477464537107,1.68622250532826,0.27347154695610243,3.049970927597947,1.4444752925068087,2.5517126452688856,2.383704393606763,1.6386823223957663,1.4155318172523152,2.6637888872778674,0.6547324114951607,0.6135174979092426,0.8641532539932655,-0.3870880905374179,1.2699955087398465,2.124123264601856,1.491274089485671,0.7738829822444657,1.7314900477306878,1.5907221054008005,2.4224440828121985,1.4990817225709137,0.9153757411031052,2.169078026948057,1.4314671410233473,1.270462204927128,1.7665211070226405,2.7084336703943563,0.42932013839840266,1.2534732740749064,2.582212164719465,1.2718957503076922,2.4363824074182503,1.6894540914947243,1.286112607115797,0.9737988599344476,1.9677346938864844,0.7759999793073007,2.296704296985183,0.8883491483993566,0.36488777069099143,1.2760711942460148,2.089947226927002,1.294457195229029,2.0370995591820247,1.9290147697313955,1.4778388932044777,1.8643454678218632,1.6975801313349166,1.8007568836439987,1.3600999613856288,0.6741953290795095,0.9402761235853703,0.39096054617903064,1.8437246447827604,2.356545832031202,1.3377126154835537,1.4133248515171246,0.44689948380721134,0.43028926745535045,0.7662870831608792,1.3628623127837614,0.6022159815258306,0.23273321292180071,0.8454084758023406,0.7958465062525306,0.4278836147516927,1.7279646747732649,1.4614384781833678,0.3980405459072962,1.6367584957683903,0.026450206078834526,1.0631444119825346,1.3124194065252368,-0.04430380434775216,1.2068835233297932,1.0874028554566735,0.957605667248572,0.40336059812977965,1.2973308542394761,1.5859272362686703,0.33550594129820865,0.5261040380896702,1.5322745530646635,0.3941435801517663,0.9765326472099787,0.4980211009601554,0.8920243110756587,0.8662381455233685,1.554461974986392,0.35537049551129485,0.5115274841487008,1.4145483486718184,0.20334573268849,1.5392320406957651,1.1818873478956675,2.02292669519602,0.6362827390807411,1.804824625024878,1.2096510338748203,1.02115070342046,0.9106220557851543,1.1759922867088903,0.3349818205718371,0.5185178275580711,0.2181326842218141,0.49563306829253406,0.5412550485281145,0.6842918035468415,1.6432023361373922,1.215825616059476,1.6264301972876716,0.24262939136451678,1.5474576423554822,1.0290095659857457,1.1359909666185786,1.2397321337291487,1.7180749314255763,1.2789506689347299,0.5230784170253706,-0.12062826320368458,0.8252041437523872,0.40142118807210636,2.1581590326041464,0.17574426788957176,0.2604182237925574,0.8356593036670574,0.08553357708615295,0.8308047992217666,0.6930046152518798,-0.22359214948153117,0.87373530598461,0.304160153341515,-0.15372908730216572,-0.24239056474294784,0.6781568001348415,0.3716300066212188,1.7196048729088602,-0.6170211494399496,1.6037134434193945,0.2426508137066321,-0.21876824370042236,-0.3380443415509262,0.48017899264550756,0.16182321589610638,0.34163866327713777,-0.5857566781661472,-0.46330417409444635,1.1936000527920783,0.1057838726327418,-0.23586633189620443,1.2885708073359314,0.6715842630066504,2.552238806670914,0.10860251491777717,1.26683013843342,0.8754740305694213,1.9856640089363395,0.6071441529627464,1.0636088821464114,0.18194927157850316,0.9336762317017264,1.1157296174707767,0.8159999656197101,1.299314804580547,0.21629717444704966,-0.09209283352737607,1.7091863474733486,0.6520794710701807,1.6029112698060999,0.3660109047299329,1.6430166798824644,0.29578224051135926,1.143724467830907,1.8487675758431692,1.3864915174491443,0.43122751025816797,1.3281983950102472,0.9957623452990578,1.4053570070012142,0.5646252181650198,0.9010848212613496,-0.2848854891931314,0.5177833895618846,0.539448391944461,0.43759519240330746,0.8989042432904171,1.2322397529417213,0.3593808788650694,-0.07908803154538191,1.515291631262187,1.33729464372243,1.3596421029083672,1.395226786128207,1.430541531564245,1.464601735324722,1.4973629733397065,1.528841710235442,1.55905998294776,1.5880396755282522,1.6158025161223595,1.6423700740716658,1.6677637571376653,1.6920048088447874,1.7151143059410874,1.7371131559742157,1.7580220949798804,1.7778616852829732,1.7966523134056178,1.8144141880841875,1.8311673383893794,1.846931611950767,1.861726673280943,1.8755720021995348,1.8884868923534572,1.9004904498325477,1.9116015918776288,1.9218390456803736,1.9312213472723574,1.9397668405009671,1.9474936760915984,1.954419810792901,1.96056300660422,1.9659408300825607,1.9705706517290782,1.9744696454509398,1.9776547880981088,1.980142859073796,1.981950440015341,1.9830939145458633,1.983589468093614,1.9834530877771517,1.982700562356003,1.9813474822445887,1.979409239586916,1.9769010283926622,1.9738378447301006,1.9702344869776898,1.9661055561298344,1.9614654561578408,1.9563283944219751,1.9507083821362716,1.9446192348817153,1.938074573168139,1.9310878230434714,1.923672216748118,1.9158407934134534,1.9076063998039121,1.8989816910994382,1.8899791317196577,1.8806109961860802,1.870889370022157,1.860826150690345,1.8504330485641294,1.8397215879344362,1.8287031080483889,1.8173887641810342,1.8057895287368542,1.7939161923817455,1.7817793652022846,1.769389477893812,1.7567567829732997,1.7438913560189366,1.7308030969330748,1.717501731229051,1.7039968113400636,1.6902977179491945,1.6764136613393834,1.6623536827642642,1.6481266558355987,1.6337412879298672,1.6192061216106612,1.6045295360673908,1.5897197485685428,1.5747848159296058,1.5597326359944095,1.544570949128003,1.5293073397225516,1.513949237712838,1.4985039201028503,1.4829785125015764,1.4673799906676113,1.45171518206155,1.4359907674059418,1.4202132822517246,1.4043891185506272,1.388524526233029,1.3726256147903673,1.3566983548615799,1.3407485798229022,1.3247819873806197,1.308804141166151,1.292820472332723,1.2768362811532956,1.2608567386186014,1.244886888035639,1.2289316466257691,1.212995807121617,1.1970840393625526,1.1812008918885812,1.1653507935307648,1.1495380550002796,1.1337668704730977,1.1180413191712564,1.1023653669399227,1.08674286782008,1.0711775656163827,1.055673095458646,1.0402329853590135,1.0248606577623622,1.009559431090226,0.9943325212781264,0.9791830433052287,0.9641140127176886,0.9491283471434162,0.9342288677990513,0.9194183009881858,0.9046992795914566,0.8900743445476582,0.875545946326044,0.8611164463882819,0.8467881186412587,0.8325631508805618,0.8184436462227627,0.80443162452781,0.7905290238113043,0.776737701645688,0.7630594365505221,0.7494959293714505,0.7360488046479094,0.722719611970037,0.7095098273226217,0.6964208544187631,0.683454026020117,0.6706106052465675,0.6578917868724847,0.6452986986112723,0.6328324023871819,0.6204938955945654,0.6082841123443945,0.5962039246985018,0.5842541438900088,0.5724355215316468,0.5607487508108324,0.549194467671386,0.5377732519820047,0.5264856286919457,0.5153320689727838,0.504312991347776,0.49342876280678816,0.48267969990848947,0.4720660698685055,0.46158809163466863,0.45124593694805704,0.4410397313911876,0.43096955542177007,0.421035445393672,0.41123739456367225,0.4015753540852547,0.3920492339877928,0.38265890414345627,0.37340419521939516,0.3642848996166794,0.3553007723958803,0.3464515321888957,0.3377368620978718,0.329156410579289,0.3207097923159967,0.31239658907549206,0.3042163505538742,0.2961685952079183,0.288252811072768,0.28046845656627006,0.2728149612811439,0.26529172676305457,0.2578981272757819,0.25063351055428207,0.2434971985434249,0.2364884881247935,0.22960665183023998,0.22285093854253724,0.21622057418392338,0.20971476239128783,0.20333268517953407,0.19707350359175457,0.19093635833775302,0.18492037042000398,0.17902464174716393,0.17324825573547464,0.16759027789885472,0.1620497564261445,0.15662572274749387,0.15131719208778982,0.14612316400922687,0.1410426229423951,0.13607453870554487,0.13121786701242577,0.12647154996960985,0.12183451656153643,0.11730568312555256,0.11288395381552796,0.10856822105421493,0.10435736597628598,0.10025025885949113,0.09624575954552661,0.09234271785141068,0.0885399739695476,0.08483635885784402,0.08123069462044619,0.077721794878018,0.07430846512807143,0.07098950309574725,0.06776369907527346,0.0646298362619877,0.06158669107441206,0.05863303346854032,0.05576762724126816,0.05298923032637681,0.05029659508051232,0.04768846856154774,0.045163592797338836,0.04272070504669223,0.04035853805209122,0.03807582028366774,0.035871276176012046,0.03374362635548955,0.03169158786164594,0.029713874359346804,0.027809196344437126,0.02597626134132902,0.02421377409365455,0.022520436747415218,0.02089494902679867,0.019336008404311045,0.01784231026272387,0.01641254805133663,0.015045413434849664,0.013739596436495916,0.01249378557526093,0.011306667995883757,0.010176929594083006,0.009103255134847998,0.00808432836538664,0.007118832122957386,0.0062054484359368445,0.005342858621135704,0.004529743374577677,0.003764782857617277,0.0030466123873811313,0.002373830009561928,0.001745003608734308,0.0011586775683571915,0.0006133789964923864,0.00010762353008608727,-0.00036007926649794797,-0.0007912208941984744,-0.0011872892894171372,-0.0015497645552482453,-0.0018801150407039557,-0.002179793752359771,-0.002450235083584218,-0.002692851847994504,-0.002909032601790429,-0.0031001392417788765,-0.003267504865332782,-0.0034124318783579355,-0.003536190338534695,-0.0036400165201353474,-0.003725111689105276,-0.003792641075504477,-0.0038437330308607187,-0.003879478359065658,-0.003900929811150533,-0.003909101730640074,-0.003904969841810768,-0.0038894711684616112,-0.003863504075694024,-0.0038279284223659005,-0.0037835658187059806,-0.0037311999785156758,-0.0036715771582276346,-0.0036054066753745673,-0.0035333614988513062,-0.003456078904148896,-0.0033741611864552823,-0.0032881764255403567,-0.0031986592970820737,-0.0031061119236124313,-0.00301100476036531,-0.002913777512274507,-0.0028148400755281244,-0.0027145734996434356,-0.0026133309672768945,-0.0025114387867102295,-0.002409197394284135,-0.0023068823633121127,-0.0022047454161207014,-0.0021030154368855136,-0.002001899482818814,-0.0019015837914917455,-0.0018022347816195605,-0.0017040000459456195,-0.001607009335655718,-0.0015113755320026456,-0.001417195606618904,-0.0013245515686985954,-0.0012335113971726486,-0.0011441299580479125,-0.001056449905091128,-0.0009705025655630806,-0.0008863088075354852,-0.0008038798914622447,-0.000723218303276596,-0.0006443185703783882,-0.0005671680605683349,-0.0004917477626218414,-0.0004180386086982679,-0.0003460214816737306,-0.00027567722275811946,-0.00020698663848683907,-0.00013993050782623584,-7.448958944955564e-05,-1.0644627534972528e-05,5.16236409016102e-05,0.0001123344798674708,0.00017150714825397984,0.00022916089358382408,0.00028531494604244756,0.00033998851296423993,0.0003932007729776643,0.0004449708704914457,0.0004953179109765671,0.0005442609551682409,0.0005918190138931578,0.0006380110436925435,0.0006828559417630942,0.0007263725416368771,0.0007685796082927965,0.0008094958345754577,0.0008491398361361036,0.0008875301477946351,0.0009246852195037292,0.0009606234122561119,0.0009953629945034237,0.0010289221388593006,0.001061318918347709,0.0010925713028786532,0.0011226971562923183,0.001151714233460055,0.0011796401765327147,0.001206492512894286,0.0012322886516944465,0.001257045881404295,0.0012807813673152424,0.0013035121488105261,0.0013252551372620047,0.0013460271135858903,0.0013658447262532292,0.001384724489470912,0.001402682780396347,0.0014197358377732172,0.001435899759941961,0.0014511905030776262,0.0014656238801098453,0.0014792155582785682,0.0014919810586224713,0.0015039357538757514,0.0015150948678428477,0.0015254734733520792,0.0015350864920282703,0.0015439486926442925,0.0015520746900410387,0.0015594789452411106,0.0015661757636866724,0.0015721792951826075,0.001577503532645963,0.001582162311651203,0.0015861693104302077,0.0015895380483375021,0.0015922818865892197,0.0015944140270693907,0.0015959475124436295,0.0015968952258180735,0.0015972698905120097,0.0015970840703420919,0.0015963501693381232,0.001595080431913587,0.0015932869426951157,0.0015909816266361787,0.001588176249642359,0.0015848824182871368,0.0015811115802666365,0.001576875024740687,0.0015721838829012569,0.0015670491279156096,0.001561481575949486,0.0015554918863376344,0.0015490905624364615,0.0015422879517377197,0.001535094247119062,0.0015275194868440423,0.0015195735554716094,0.0015112661849929765,0.0015026069551158372,0.001493605294173861,0.0014842704804909346,0.0014746116430632839,0.001464637762639498,0.0014543576723458074,0.0014437800588229521,0.0014329134633062068,0.0014217662825917188,0.0014103467704575934,0.0013986630383460152,0.0013867230567843336,0.0013745346562377136,0.0013621055287007522,0.0013494432286069724,0.0013365551739656922,0.0013234486478967966,0.0013101307998244494,0.0012966086465002746,0.0012828890738223464,0.0012689788379152134,0.001254884566494141,0.0012406127602293537,0.0012261697942239635,0.001211561919207682,0.001196795263242123,0.0011818758328576706,0.0011668095152703728,0.0011516020792345927,0.0011362591768051544,0.0011207863447584288,0.001105189006354479,0.0010894724724170857,0.001073641943607484,0.001057702511504388,0.001041659160593511,0.001025516769120216,0.0010092801113064098,0.000992953859055845,0.0009765425831478325,0.0009600507550562298,0.0009434827483705277,0.0009268428408422125,0.0009101352156353215,0.00089336396360018,0.0008765330843534258,0.0008596464883243726,0.0008427079985739994,0.0008257213521591922,0.0008086902018948905,0.0007916181181730764,0.0007745085903270166,0.0007573650286776257,0.0007401907659545515,0.0007229890593993815,0.0007057630919593549,0.0006885159746179426,0.0006712507475317153,0.0006539703818493336,0.0006366777816442237,0.0006193757852788195,0.0006020671674509259,0.0005847546407284909,0.0005674408572549083,0.0005501284107953808,0.0005328198384990657,0.0005155176226043778,0.000498224192144292,0.0004809419242537416,0.00046367314650019864,0.00044642013830475946,0.0004291851324200735,0.00041197031686301955,0.000394777836847382,0.00037760979609124945,0.0003604682589202213,0.00034335525174533643,0.00032627276499574975,0.00030922275465350424,0.0002922071441293639,0.00027522782568389914,0.00025828666230331976,0.0002413854893479339,0.00022452611637113762,0.0002077103288815607,0.00019093988987783916,0.00017421654166760447,0.00015754200751594283,0.00014091799312332398,0.00012434618816037357,0.0001078268877012789,9.135915564861818e-05,7.494098832871998e-05,5.856947763227538e-05,4.224097347282907e-05,2.595124596105336e-05,9.695647067431423e-06,-6.5307279424331455e-06,-2.27328800956883e-05,-3.891574539061082e-05,-5.50840347255388e-05,-7.124207394149096e-05,-8.73936430121347e-05,-0.00010354181733696066,-0.00011968880664703363
24.594095683397825,24.415795358551122,21.630558980544834,18.62177398237435,18.046110546088414,15.62621599546469,12.34730909185754,10.220302834780682,9.259069194095389,6.845490592241788,4.622312783565576,4.401043044894664,3.287804890044413,0.8461798888195062,-0.9551603857244118,-0.5027080193688107,-1.6692127316508731,-3.2402305445951924,-1.9513741972078833,0.9470966947089323,2.2962199101299348,1.7586273716009373,1.8628260161866592,1.5823299293079458,0.781796808930892,0.4019339994762845,0.8850356812477571,1.1673229963087124,1.0526622618908732,1.472513672634534,1.4093321909605265,1.0531226808664087,1.527453097838702,3.102863948301433,3.5593255175739387,2.8377269701426258,3.30888875518599,3.5525238603755724,3.4323720421037933,3.62232284799461,3.5016793007944216,1.9306400571111908,1.0653628960411083,3.7223752766632288,3.7853127058173186,2.685539810292994,3.6746723031925512,3.815513373204965,4.399991818114074,5.522495770950059,5.55805257318093,5.887975635119119,6.4982836218187,7.355219218911259,9.347021532512315,10.100790017199756,9.666047509255918,9.799774330977641,9.497170052901026,10.206222572224988,11.80234803565088,11.105755270429142,8.555945136466278,8.158182763952652,10.90799732006218,9.60090494911924,7.782725880430121,8.53211629727275,9.74319180973066,10.691689489129203,9.272302952005361,6.668451552368197,8.769333746293228,10.406987899183036,9.752440757318766,9.772708016517868,10.011403518446969,8.865197988830232,6.913836103423421,7.163758428806091,9.723455621424023,10.939180072519093,9.894976169737902,12.146048095479955,10.838663495773517,6.813790950478506,7.604780768089427,7.57268032962736,6.061629517354504,5.2348592531391205,5.5641936026880785,5.611971244939809,5.026589872726163,4.413172691901309,4.094859983784431,4.11262606103503,3.2947373072943265,1.2873918238476563,1.8165603317258956,1.6181621536886723,-0.19541872540980876,1.1938899940307692,2.2170775853188616,1.3388856437796903,-0.14250939837518217,-1.0045538014164777,-1.0841406569588798,0.14915645877761108,2.4122371049087405,2.6084632279795414,1.4707863770599943,1.219157352093589,2.2674965325068115,1.3351440976856566,0.470968808860448,0.8338246453088232,-0.7483670779753311,1.0643998315566705,4.4432546979437575,4.121704668472603,2.18738242266636,2.9116970833467803,4.995622984285319,4.6862157110518865,5.492371169966759,7.865184505759885,9.1516853725185,7.474476368279056,7.129315914191579,7.446629652708566,6.064642806319171,3.613889423162391,2.2210577300692194,0.9712096159190651,-0.9090527251710228,-0.6773190907350681,0.874588998657714,3.0354841693034587,5.804200932695494,8.279976328810335,8.877781680485441,7.648390705217139,6.701047912411013,7.990211890383534,8.083499737034003,7.197087321552885,9.023773239937327,7.814521872381874,7.475081852953508,9.358527694423287,7.03942974408551,6.936900870412501,8.260946792621553,8.073257106552433,8.969639234293936,9.903443735921769,9.325761973766248,7.255982659656752,5.462883221284756,4.602691532618223,5.067108554149058,6.68991242281902,7.930796296202857,6.883791041790573,5.000653784773704,4.934618012746341,5.681995326517722,7.141379548279701,9.705260416399142,12.185438478542665,10.98117669075748,10.151832005389679,10.277329124324751,8.46310442957656,9.675372084020864,12.288792669846885,13.047349532175986,11.612871466937577,10.009185477044525,10.449875704904343,11.481227928724593,10.330190944224796,11.13185448884633,10.847540177166934,8.28475991682933,7.090807245565657,4.80140260700739,3.9675855599235774,5.392531413412144,5.560445353249634,5.774745893147724,6.186629311085198,6.102869920847979,5.291667198809023,4.210001749335447,5.552280405440342,7.156037020543181,4.591348838147496,6.826851956466044,8.451970588795348,6.400976898559293,7.326159782109926,7.563767456639198,8.296177777816638,9.422503684779258,8.037291857358468,8.425517720635526,8.570581188930873,7.123361802763611,6.580441370594599,6.244919543236506,4.316135547832232,3.108662362033101,5.916930930314493,7.1750813589414975,5.404960682017645,4.045285333325637,5.63016915537105,5.359497070505654,3.654772090408187,3.0004849720578477,4.053367317893844,4.936275918588308,6.439669698538751,7.455752693984323,7.106403590165655,8.637767904873726,8.79165694916469,7.357000310943249,7.217026015354804,8.618486742469031,8.486357106903824,7.927922873146713,8.938042199237088,9.829138368390772,10.221861309081874,9.454633404370725,8.64163285106929,9.521975865369768,7.128051725082514,4.215027076132628,3.6233339649213576,3.1866901491597446,2.396649938287851,1.9050456433894851,2.7210091405709136,5.7826271935589375,10.554841762729211,9.500335929413723,6.1243332233664205,7.732776439151394,8.544754731555713,10.424192907869951,13.262969022472248,14.408160282633844,13.85009208104816,15.51170555709291,14.08663138310476,11.129826805250332,15.874836528220158,14.562955608566426,12.499747534888684,13.281912034803554,11.841230593765204,12.28410495106823,10.385026482196281,9.286649396722623,12.588230869623999,11.250599412837346,9.623071049007649,11.00173801946994,12.553113966533374,10.406113776083885,9.062942094320533,8.152328405737535,7.764488104940938,9.663585966616893,10.206681496814781,10.640664778194491,10.818198798529124,9.520534348712545,8.210317622193998,4.995213391619018,4.131689319539419,5.6667399127347835,2.378255260910464,0.836239144909996,2.208412392907576,4.53676332757891,6.675352804664499,7.55081202700967,6.556934615862247,5.159595956919702,4.906579959873625,4.881497655175281,3.42192686777355,2.4676788211870644,3.8264843186163944,5.67320038133812,4.2522026909491615,1.5296681195388828,1.287202801476269,2.6555338119135286,0.9019847769701528,3.222834135337507,3.3778367980083885,-1.1659162205266966,-0.9927258451230045,2.454598034121773,2.8509311363463894,0.8064516696043711,-0.22070101736244396,-1.9772216408325676,-0.883691892300817,1.5480175174823216,1.2544088841283383,-1.5623906515526187,-0.8484474335666619,2.1166305328415547,3.2049160053379637,1.4243457877379342,0.18141593367795394,1.1892019442036599,3.547803228000703,3.967365461553186,1.6554704900022443,2.658383843783895,4.201875282318383,3.976802189812588,4.729380417004563,8.53218039742137,6.804634884620555,4.522877439097556,4.768448655728548,4.6256352591333325,4.921887559586821,5.2092647798006055,5.371368619047189,5.729788536923138,6.00064470588768,4.891939049639859,3.227517618377533,3.325427633260233,3.527275563008743,-0.011001401511862241,0.6100028161175715,2.247274967636031,4.246571275032466,8.320224884005484,8.602870761690951,6.440751929920793,4.413814163521465,3.4940924369938102,3.4512287053328237,3.9923645741235987,3.9948073194534572,3.165148486143039,3.4819518757807373,5.402662809378967,2.891989443348052,3.31765453055084,7.814165202619961,11.483496521141547,13.133250207691503,11.937848124558286,10.235895391018175,8.656584311468805,8.230168178436656,10.718283696133767,6.647398288725185,5.434053992139525,7.398478701004819,6.118956407167957,9.570865089189965,6.963651937956797,4.721973148203801,6.192542323770567,6.363246912706018,9.537952747710165,9.435930298596645,5.322774764976998,3.8173518872454224,6.457411150861731,3.971558593144323,6.702474312702066,7.186563596925225,5.342005965300245,10.301823968657686,8.186954662689686,8.244188565093623,9.726907171746575,9.197268009575623,8.775655171879066,6.527825367385958,7.090579349133463,8.191964775971087,8.276825472690007,9.544215870666335,8.704847288437463,3.7783290159005674,4.377775331842827,8.688260586437991,6.384970996768857,5.653162711874074,8.487478449326431,6.57073174810057,3.3709525835806744,5.829436875639544,3.3580612617429324,4.344714980005961,5.39457208898807,4.392103087777514,4.530188580536105,4.17968724784032,5.063996379748687,6.341571442099735,6.445464562301936,6.095470397669374,6.880767726593604,6.317292530419991,5.486348754760229,5.4918837564655405,5.101784773440386,3.7380522639313085,4.575432758038346,3.7249517089302344,5.196804034108709,6.183252149673308,0.9189163504813678,3.7764778365017264,4.972245645500038,3.164850214937246,3.0872623053633106,4.942117888185578,5.14158631749217,1.678585964877925,0.17191969754514957,2.0755647753839526,4.002617093436356,4.20069382356337,2.7501754092378974,4.582455057458844,3.7287792158317643,-0.1334269270642494,0.709180633924916,0.8044503987081839,1.878972251354412,0.9577673919720837,-0.42404184886834173,1.1179099276895954,1.1970877775007693,-1.3428797811519644,0.7342442928833748,3.370246223940228,2.4883574754277333,2.245329681542785,1.4290177432717996,4.125005829255315,5.061028844138946,1.6064533601453945,-0.5852053866832421,1.8039658724089804,2.740659393070473,3.777535268131601,3.6920763144034936,2.725845781490648,4.163527887680743,5.841961119692144,7.262747952187453,5.024597209226727,3.0276391077358653,3.751013371946783,2.121918505358451,1.9643727047281345,2.221931308136959,3.292342572462985,5.004567911297727,5.023597461732436,3.1485761338394695,3.6517623490032065,5.175989164922214,5.571273112009578,5.623695876907618,5.42896993678761,3.123242997466832,5.290782339052953,4.328232859016907,2.5350099218451874,3.7877379318572935,2.900815698075121,1.9012270999654675,4.124183265976171,6.089556999666911,6.946798328897671,7.636280744838473,6.02043514944819,2.5927036439484255,4.139099749001332,5.560871100998952,4.953417754454563,6.092284471466144,7.1589298254306755,3.4244419074695998,3.4499471553116337,1.6773394865065256,0.3445940165782986,1.9634894042546307,0.2239353773189805,3.261825353925019,4.4256686966296,3.6945591586039654,0.8547494742807089,-0.98231267886365,2.488912088047641,1.6690656622245115,1.5637396331574678,1.9298071617116648,2.323427141050388,2.969123749871642,3.243337438437038,4.422380186268015,3.4537062266769567,3.8744910304258156,3.20210381470298,2.373255450263173,4.807749749369691,4.234167142428873,3.4731285946973003,-1.805654775813423,-1.7086257628576504,0.6677699638391914,-1.8318563109904744,0.7877413962334003,-0.2130665943595318,1.7676121753830785,2.154792390160196,-0.14823995771530463,-0.5645540718786606,0.5422610713761742,0.81268092273109,-2.3453325490924044,-0.6594070562502452,0.7299805934409278,-0.8215156121277118,-0.896016416265752,-2.254284331622216,0.0820017067476897,1.8199143292503095,0.9454568221546538,-0.17008328643407822,-0.655693221158856,-1.0451741966667782,0.6201717395394439,1.6632191469470854,1.2762578062294097,1.4241603395505535,2.1414403547300935,1.5696364636559679,0.022131546494165377,-0.35340212277191085,0.5956210577062961,0.6160284697083398,0.16277731826437503,0.12136673898896788,0.9622262711411622,4.071862101999159,6.806140674181336,6.482689497728984,4.270148585663549,3.994292312502978,4.446653903094102,4.691898507073688,8.417920809881252,6.750328650813515,7.781281761750279,6.0716586819603435,2.3053535300059593,2.010101370018049,2.369826000435978,0.5617066339232224,-0.48362926751110535,0.18870717658046487,-1.5449120939402405,-1.686166915894887,1.0900603950871073,1.3730948902572777,0.9198945685014905,2.511343072646298,2.6345617464976385,4.188109671008306,6.837940683206341,6.304360007949185,4.829492254659726,7.235570044903056,6.9446179977636575,5.820066258769202,5.778200724298131,5.365586249737817,6.0940275911713115,8.203417347029244,8.360557906730264,8.082409530757445,8.224218997053754,9.966763281180192,10.62848333119814,12.174883307476648,15.6200197743334,18.362347492660376,19.809078206269305,18.65376825828423,20.078527919124497,20.943444109457687,20.52504461319262,20.10205238551856,21.42801132716727,23.970818797415234,23.020055803753394,22.103795829637534,25.598468210814872,28.413550609762297,29.265006166219564,30.097799084821133,29.273211444482172,27.080867040900216,28.517875756123885,28.451461951614704,26.313544402671823,24.641233131244917,23.98426980527313,23.97894148013461,23.26427939481198,22.12109705836218,23.85306331943002,24.07176717783193,23.161866537140327,23.26900322187595,22.723295500138533,22.547791442033713,22.654117167603204,21.63269903234402,21.904191839232226,19.617946958442815,19.231754731840965,17.4813881586378,16.458911039478153,17.378303151477837,16.91762343640835,15.60850575836713,16.274238783830015,15.865245848890936,15.956521416126407,14.770336193619812,14.932157535989631,14.584785305196363,12.991409715687325,11.999417521478676,11.621294275101832,11.72044596000552,11.407591850634617,10.457146338451594,11.774595672206942,13.30882105103035,12.09882090479482,10.499327195772707,10.19914660408864,9.245910443528373,8.507561507962805,9.385977213547164,10.434157172555388,9.840720175850947,8.848391636897645,5.695745594461982,5.96144309309625,8.049187332387874,6.21937036890472,6.893089020702291,5.6620327456178074,5.158722831710861,3.580133125837733,5.038611714841977,5.171103495522686,3.2582601362082073,5.058332885773098,6.714216221953507,4.080596108839586,5.149670046131519,4.621307244610648,5.990756038762811,7.4824818302402605,5.088680134510241,4.873323062541772,5.339224989873401,3.517306494164359,3.6733203828234764,5.987142646684788,5.098762434641401,-1.1855414199250163,1.3395267404758897,3.2804583922250004,-0.28692528826456964,-0.11529466356330431,3.259632207209279,4.659621316507014,3.6001944343364016,2.9415078745070673,4.4112102665907855,0.5288505807739625,1.055096730887385,2.077154663814781,3.5937597619456483,2.6822604812039685,2.7373266954815563,2.671602863959947,2.5430578791191465,3.729545620184979,3.1825281105150225,3.9361086020750236,3.571539686780966,3.5594778598131143,4.264072911541348,5.340795077169162,5.21257022018051,4.846940369198478,4.9172880960422845,6.422495976118171,9.690639208338155,10.7604551911611,9.201686213357391,9.797574464214222,8.33044568550622,10.984571660735241,9.492593701686303,9.214379804890825,10.14010707621452,10.423922647350764,9.414827372310299,8.751646502164647,9.249718018378132,9.180891478421813,8.910368786279548,7.749731543080543,8.128968662041984,7.096568037267389,6.539578761682151,5.893724755664266,7.939364295399514,7.254431971998315,8.863425303337465,9.394753435366397,6.037218914801485,5.508370907477001,6.76263541691219,8.730267973913953,6.950562739666111,7.063521010138857,7.893194899917319,5.611017409031945,5.990471529443482,5.5737469674016324,3.71873717581218,3.5976661048936194,3.632726815412923,3.8765746548546076,3.555540144539691,1.5535156739914555,1.8237292146787922,2.5969964733444613,2.967109048576617,6.003474734342149,3.8547856958658713,7.590448830056118,3.993005413967751,5.582575311313974,4.587590974788441,3.5984838105464974,1.8660241214529378,2.2984830712275084,3.107445845971995,0.4315909077992046,2.1509904510462547,4.827601392516044,2.3110391253189846,2.2444976613674044,5.159567998267107,4.9791983310486785,4.2368710067549955,2.888156497555883,3.6733233382622075,0.6758404584630853,1.652577299321365,2.580953771525401,1.4540146205056317,-0.4558682738243647,-1.4440722003903375,-0.9351203256470058,0.5730837048750459,1.0156594193517208,-1.186983184005328,-0.9674615523006196,0.6225390286510901,1.578767167310616,-0.9573071545680705,-0.3825747088108642,-0.756758586778119,-1.2936613442933549,-0.7012186702703502,-0.6650756143442322,0.5279639444300983,1.6796036878089353,-0.5848138392320834,-1.0557482616311518,-0.2626670865444112,0.6823920643736869,-0.5450386914554883,-1.3082456642246143,0.16611742902239257,-0.5885193763451753,-0.3931877314917074,-0.369786263973765,0.8188967365227313,0.8915463677587354,0.4622639053708326,1.45197426631006,4.633317409191534,3.4028039970422697,1.7374496006514732,2.2867853196682972,1.4875124901535628,1.6682999929267908,2.0578714916966874,4.248262250920163,4.499872807782538,2.3560317414397787,2.1185815853578447,2.1387115612272964,2.4223347999745215,4.48580123037334,5.949067716698664,5.17617026448886,3.1045390597664664,3.441592784608588,5.607487847748189,4.728099307899299,4.748759670839945,6.42443231719426,5.203225904663611,5.5883021594436855,5.432218039360748,5.075628087942164,8.27425588557162,6.5253101007730265,6.16431644573845,5.922857109035476,6.985333487018465,6.7819654755533065,8.32494248681627,9.257526252833486,9.484818493450064,9.128411701976688,10.06859493300783,9.036150713062796,8.834858608676257,9.859744841361362,11.072454622192595,11.00088583837919,10.80925729136942,13.199842102444677,13.229007770945032,12.122218376617127,13.282518463416068,11.853612984168933,11.315143063451046,12.864186384616971,13.11066129638209,12.259608152058831,11.880232253659017,13.10365784324938,12.337527750264144,12.469341892209172,14.592195876665869,14.280324200999985,14.201282657264073,14.966534300884632,15.912455317940953,13.62850267324984,12.416961330225945,16.089239645293446,17.369220319117574,18.171702412189973,17.34031625589222,17.544465510920645,19.175506449642626,19.29337269154172,17.726764249097698,18.609921197640574,17.506067435526916,16.60031220715274,14.661503240682123,14.99535183862281,17.349767544363885,15.345003372462088,15.093131891559835,14.335252456111789,16.933709249150127,16.923971240884782,17.189161958154727,16.50839932915204,15.32525879166792,14.830414962732107,16.02011343661394,17.149143246416315,15.352113600574626,16.994222812922317,15.910058531222262,17.732607582721357,15.578863992722802,15.611108099206945,13.661998320939347,14.373761828074919,14.741377110115423,15.98504094574912,15.089810700073429,14.908326368196981,16.927381709685505,16.183909374130792,17.744076158230655,16.59244323638552,16.865120301556942,17.254215143321744,15.44295324951014,14.850947542687265,13.552441969482174,14.22528616916361,11.825465632787427,12.417179760912063,12.539785462955535,11.814272928102469,12.201902087652684,12.050894582103524,11.673002325903099,12.34387373348784,14.080458542228484,13.441087091046029,13.422046074487184,12.983426995334014,11.469658393070176,11.205422635789603,12.580617009073706,12.431152082258336,10.68845718614898,7.7758122150765985,7.352396873432667,4.991269482558778,3.621047931291173,4.7273564452764845,6.952618204463022,6.757523738328928,4.285044375231109,2.306934947461741,2.3207494193553657,2.6637021690841607,2.8301423525112455,-0.016239099855056338,3.167612473151337,2.630074159088508,2.4602209709408385,3.251308566888497,3.9251446051831067,3.9454980888675664,2.2744896792512463,2.084231098172154,2.507527199394076,3.114530040367299,2.394092599664191,0.9228055815136713,1.4698253687039937,1.1100028318211344,0.1610170636089947,1.3184462157332746,0.7375547030546841,0.7812484101519317,0.9026125912075145,-0.5490578609238241,0.1770516317418469,0.33032675668954425,1.9148834083083557,3.4934006803767943,1.3054373579972207,-0.9265684843958297,-0.2824860318181095,0.39406127600835816,-0.5719375848862001,-0.7361089122526323,0.35441054505918146,1.1090953295835675,1.9890556906015604,2.707019198125124,0.5466360748231409,1.4681309796937967,1.2589074721498719,0.647073310494136,-1.1717650935646589,0.1850408433033408,-0.8758618786916372,0.6090890053598059,-0.15089958227218858,1.207615059617524,2.1450009542647877,1.426069363518934,1.180133287854403,2.093115692560218,1.2365900596781216,0.5960395740474382,-0.37350924612030667,1.2548633683293247,0.2092893803862239,0.92331444591332,1.0204866412505567,0.8878427199380212,1.697331442842085,2.2054656910288486,0.8682210664569538,2.6072101575690567,2.9566248116892098,1.740115843935996,1.3489607268903683,1.4026166907626703,2.6818567488354006,1.4753273092861718,1.384662793356597,2.693840004052504,0.8444588969290976,-0.3310422187954316,-0.8457146203022035,0.8249608312177372,-0.1851133528520279,0.4350892798136954,1.0451962573260687,1.5136241267875619,2.4317049801949224,2.7050255189247707,-1.130182046863581,1.9039493543222932,0.5871320892226493,1.4735381730498887,2.8145136345689252,1.3587951022609275,2.9800426292106295,2.0475216013731767,1.1316994992775165,3.4388620801458387,2.136827580803754,1.4876063990734565,1.8979078157742038,2.592464644605002,2.1698651002946576,1.0115645699659979,2.534235508911422,3.6658417751735044,3.136211597394322,3.401491197006976,2.2567699632687095,3.0695856757562865,4.948992001650879,3.2403399085966953,2.464883189651573,2.947403145870311,3.0381019743977618,4.0770955180678925,4.3704569575062635,4.820954011917877,5.001550496665118,3.3187058387649984,1.3159181496498036,3.4076111122014936,3.244948390014912,4.0562112258456295,3.6844876668607185,4.123515379020034,3.565701093428487,3.9019221981755265,3.033218078295789,4.134461957147579,3.3150207733219474,3.2900349777451936,3.8089311888646193,5.461910232257139,2.698120306512692,3.54835884430355,3.2560237164977934,2.6282026246744863,1.4262981303571962,2.928985481468004,1.6794508916974848,2.2736756919940717,3.3009119193844185,3.0562677067699724,2.1332517358670486,1.9410614696794823,2.256005363940403,2.4878297906284956,2.744248425418732,0.8366490116092677,1.4938689692455114,1.2932868944732547,0.31115208366108504,0.8059341628331254,1.9189304856872695,1.069712861460971,1.4473231223423113,2.7695658109308567,1.6281772098595297,1.3767799214842853,2.352761033780837,2.6683640644297952,2.180629048765269,3.147611990636591,1.6143864980957403,1.073596665214751,1.1990692859551189,1.2953836103952767,1.4655196476128083,2.674365236131564,0.8390022817903287,2.2154406456477886,2.5208259691201818,2.4700148537201585,3.279084352002883,2.142809999990675,1.9608009901725723,1.2390200605221366,2.4555214277374944,2.0049546435991488,1.320817891288499,2.0152590558352586,0.5764329702654436,0.2789627719385521,0.9484816724068708,2.2470791541544486,1.720648926106179,1.4743343504086965,1.4551212685109363,2.500940808998621,0.7263352830702559,1.3792848621818337,1.3489744791401677,0.38846527159694233,0.7227115528532408,0.9349897409184109,0.6535743504757647,-0.043568424829430796,1.3740116741500685,0.7869240292951645,0.5843838421168357,1.6263703955899018,1.9004721671804532,1.6191309873426007,0.1482461380848008,-0.21055328002893248,1.6172500023346288,1.9728226778534008,1.9159439483787537,2.4092706260968555,1.0843436089432998,-0.13377837966712036,1.6180888855975013,0.864294284553182,1.9720515254413726,1.6701312369101515,3.272173235167827,1.7780812074957737,2.5321799006765673,0.986704039934807,1.3021095328238914,1.2050600739690651,0.5818414201672795,2.236418040717467,0.5775364512266492,0.5872919426834073,0.45697774636948907,1.202731395189005,0.8298871536920558,0.9625688390071332,-0.6737661965619282,-0.8204423131791145,0.9037813930270886,0.375469500064753,0.5466106898998646,0.7870555454279895,0.5663250050397153,1.3990754264671352,0.8607846440127958,0.9538788994351961,0.5541821755625875,1.6571854130580732,0.4575372120101804,-0.25669968657038567,0.7106337260498776,0.42686904387670666,0.5820947478602392,0.7348074793886497,0.7901835091406042,1.595110460095384,0.41248387181926205,-0.24154312416777657,0.19257855849951966,-0.533544854001434,0.34673038186998895,1.0853743366701565,1.3553165189386789,1.4788622442050325,-0.6496847113415924,1.0732840901721943,0.002863621037448638,0.262428775513726,1.5397160198399291,1.1993111592463919,1.6666366369842365,0.4814794003968075,1.9939518527224322,1.77978280412961,0.48109185660260323,1.0064626675457902,-0.3833025258157221,0.0702638183699662,1.2611539717086089,1.3555083311035503,0.729763798202157,0.23582863568296375,0.5057700298301029,1.3959822307473218,2.325969789523768,0.806347347142804,1.8416410551549092,0.20910495078430813,1.5526463294739017,0.76450162835377,1.0620948123946903,1.0768054585938103,0.31610404115672,1.4559255872530912,1.2674046774029364,0.7396704364753077,1.277859858204181,-0.37016247651078515,1.7295488180612608,1.512544965111303,1.3176896979808959,0.7665690719016993,2.2142666299651808,1.1315122009106062,1.3584583046482663,0.4212162102416954,1.3762772999322976,1.794331217062549,1.3340649038705266,1.1926706773604678,1.0391958847042986,1.364899973045084,1.4390803105087002,2.2376686502153973,0.28005363262730043,2.399901323365526,1.766800001256712,0.3057240576764855,0.48692053446879413,0.41916335940913996,0.5450581986902989,1.627019636549619,0.7977853838709166,0.6319951494805309,0.9382210575434726,0.13675239314625287,0.930364309467393,-0.06504396951720537,0.9366995142803205,0.8539923995043353,1.220359794605713,0.48409112693300926,1.9816974425214653,1.668670146712003,2.0077483714804316,2.55537530556839,0.48473130266535236,0.5527061777200686,1.0097733764073666,1.225478249580675,2.0276790353973126,1.4769303826699343,1.6433539981854324,1.1224620660376559,2.4905329023717684,1.6024549405788093,1.0844328933169436,-0.03943287401293105,0.6550662329493093,0.5572270895742975,0.9763141570932703,1.7710226881828248,0.5411977402316381,1.1343038224324715,1.391282257533959,1.5543727778035645,2.2230766340954915,1.9065628905766516,0.46454817963351047,2.5509918018829296,0.23272532594006634,2.106342333387232,1.1587867243311223,0.5662264314080971,1.760841234266195,1.1507095986067668,1.4412692805995846,1.9589372304255903,1.9131411183964815,1.7772282492525164,1.4607372952577578,1.4772945805433437,2.0741078261354744,0.5515652999109193,1.7995058985173742,1.1189699404967612,1.6912618466669258,1.9194533514858065,1.740406608664017,2.0175430282091042,1.6803582174258338,2.0023340930950155,1.1825162162174365,1.2486738550311145,1.203231310889663,1.625429319117302,1.3065064805549582,1.5047880254928216,1.2243265926328277,1.264966296174606,1.5182945971233721,1.52022027163801,2.1640967072315433,0.9675599763091611,0.8402137083036791,1.153106290628557,2.012603256900263,0.9527204770848599,1.4389273247221581,1.7130221186071708,0.9959633424800813,2.082283374940907,0.30079717931951677,1.0302767861081747,1.1660461671549172,1.5955251385457316,2.1073289258848433,0.3498252502532466,-0.20151190217086423,12.581848518196892,-1.1065427438959148,2.016314634294986,1.0645743558241705,1.4072269582476125,0.2636657046951427,1.0942581438434331,1.492870943510411,1.8487350419707482,1.1378350734270342,2.0394445191906314,2.239718460656576,1.7413629837714382,1.7447501187229761,1.8580047122850942,1.266506685780314,1.8053359395255768,1.7749614988963458,1.650431829095652,1.7320935271566498,1.537295893721506,1.4753329414769496,1.5046966800147175,1.178906894977274,1.9893685059611528,1.6738966845454684,2.3245849678255297,1.359713859296022,2.227482300647523,1.8749141708413788,1.161264571403116,0.9599562020113979,1.2664628852320945,0.9678026896764891,2.12564565691887,1.2508461494779226,0.7732913678448767,1.544487802709483,2.106024417480967,0.9058697208268711,1.4916166446012085,2.285236234416857,1.2808047944397671,1.3171135187207597,2.246144696374536,1.9266592018456166,2.7080259002959295,1.878963592395543,1.3915208861367319,1.745891495804841,1.5343023827633715,1.7770275139627927,1.6967103928645813,1.2323830476200897,2.2738753713774997,2.4523539565564008,2.6288244931399696,2.5778628299286197,1.9864648256674684,1.1704045389569195,10.40358189786599,9.078659683393994,14.381079558667203,20.91576355641186,2.1479056324521366,1.7681786843611995,1.4125240259028544,1.7591629911666757,0.7105370488685878,1.1786166055778402,1.6346695584555562,1.4541041592132409,0.7910874987808825,1.5200757530246847,1.4145652408701892,1.4933238119744807,1.1538785586931262,1.9881133423845085,1.2371428660503092,1.8905023492129054,1.6235827531592122,1.7053455593542424,1.9912694208892958,1.541836558724242,0.5761917907126168,1.26142632898598,0.7662201494679017,1.3379655653179725,0.8689160343872651,1.8418419247976772,0.818601728839127,0.9763319986357715,1.9450424344320858,-0.13785875581407936,2.2220444216976567,0.8563809344563253,1.431454362951257,0.3287075910716908,1.1184700020174319,-0.2142809978523701,1.1469138195683115,-0.5688808179368756,0.18712092464838292,0.32956096286875436,0.6022495132591779,0.1106052646472655,1.4407273113340864,0.15549085960673992,0.9057455200195648,0.6016106019331744,1.270799089392451,1.2371798358466037,1.3318370675427218,0.26526086235193347,1.0245505857378987,1.0280456584252704,1.0062287244893753,0.8814806711480969,1.0235642582630327,1.6057089544226244,0.8441395787395436,1.4791362707128144,0.7926794485865436,1.5128667838142142,1.3423842627464602,0.17453718913625949,0.2955044965362106,0.850714216035442,1.905375080373691,0.3764298985963137,0.2563189164694961,0.24277409016338147,0.8635635135462678,0.782260386214034,0.8520702371776583,0.9695649494119021,0.49441675403409135,0.46329115526111586,0.7862352225532732,0.2467243237683192,0.3412950808430253,1.0829759809955153,1.1332463287545806,0.9777764137962492,0.36656727642460396,1.300375169224397,0.46236940932018733,1.1847546375950628,-0.5833097478381148,1.275770629399375,0.5702821463437129,0.8142348149665679,0.3163668693248951,1.0485596200112184,0.16210146573246398,0.9778211056129464,0.12410242123615944,1.0730887331465055,0.4277092915558285,-0.061100321423907644,-0.0002737147060258849,0.7844498409046992,-0.6178244097472998,0.7691957038266253,0.3141834609472749,-0.247237900888706,0.6274481730906132,-0.551328548085877,0.17775790498856736,0.7525537761574697,0.38490641300941775,0.0820198383661932,0.4093484638047187,0.3879960686156476,-0.006421012714952212,0.6769666206629381,0.41903961023078296,-0.03327399250477292,0.42356221286726736,0.34018178081637984,0.23507463062131073,0.22829219386835575,0.5711372137803892,0.9531867942960446,0.25893470739893765,1.0903104665458994,0.6659771103257128,0.7752381322609381,1.0249647845937773,0.865779195716895,0.47451970774955043,0.3819970112306521,0.7280534264932612,0.8474718026872097,1.0069463846627968,0.3385859519689802,0.6544508512454001,0.3067792173863495,0.9853421169721628,0.6220928406964958,0.9937607342833417,1.233114605325568,0.7110360885233433,0.5107742299027223,0.409779950644662,0.8712517442963019,1.0648132533985688,0.7879080483208432,0.05603579488564492,-0.051084921919709814,0.7116597371454532,0.5797872924165972,0.27246349323425445,0.318971275680326,0.36467049484900915,1.0680564071343497,0.4591581031604335,0.5588922086521961,0.5908573216990192,0.6181047280313408,0.6442059408540217,0.6694379436352165,0.6938320842863277,0.7174029544741245,0.7401636459707959,0.7621271788081572,0.7833064990016396,0.8037144763539459,0.8233639023371211,0.8422674880516468,0.8604378622615911,0.8778875695043951,0.8946290682735594,0.9106747292740636,0.9260368337478155,0.940727571869246,0.9547590412089164,0.9681432452647414,0.9808920920586388,0.9930173927982366,1.0045308606021592,1.0154441092873014,1.0257686522173515,1.035515901211653,1.0446971655125878,1.0533236508110235,1.0614064583281788,1.0689565839528257,1.0759849174329474,1.082502241620773,1.08851923177005,1.0940464548843067,1.0990943691151358,1.103673323209506,1.1077935560047933,1.1114651959711637,1.11469826079923,1.1175026570330147,1.1198881797468516,1.1218645122645228,1.1234412259211695,1.124627779865392,1.1254335209016801,1.1258676833714958,1.1259393890727836,1.12565764721694,1.1250313544211963,1.12406929473687,1.1227801397122903,1.121172448488835,1.1192546679295958,1.1170351327805577,1.1145220658620758,1.11172357829102,1.1086476697321928,1.1053022286780276,1.101695032756112,1.0978337490636818,1.0937259345284929,1.089379036294872,1.084800392134639,1.0799972308815313,1.0749766728893064,1.0697457305118405,1.0643113086055962,1.0586802050521555,1.052859111302098,1.0468546129380627,1.0406731902565411,1.034321218868854,1.0278049703189254,1.021130612718764,1.0143042113997183,1.0073317295801871,1.000219029048111,0.9929718708581277,0.9855959160431951,0.9780967263388902,0.9704797649212935,0.9627503971568387,0.9549138913640149,0.9469754195862095,0.9389400583754366,0.9308127895858433,0.9225985011778448,0.9143019880305019,0.9059279527629656,0.8974810065644192,0.88896567003124,0.880386374011664,0.8717474604571862,0.863053183280897,0.8543077092210183,0.845515118710324,0.8366794067508749,0.8278044837931589,0.8188941766197217,0.8099522292323798,0.8009823037436945,0.7919879812708075,0.7829727628327703,0.7739400702496653,0.7648932470442276,0.7558355593451438,0.7467701967918003,0.7377002734399127,0.7286288286682634,0.7195588280854679,0.7104931644371675,0.7014346585129942,0.6923860600531668,0.6833500486545176,0.6743292346752412,0.6653261601384486,0.6563432996341874,0.6473830612198128,0.6384477873182561,0.6295397556139903,0.6206611799467225,0.6118142112019314,0.6030009381990453,0.5942233885757275,0.5854835296698297,0.5767832693966284,0.56812445712319,0.5595088845382179,0.5509382865179759,0.5424143419877225,0.5339386747789376,0.5255128544815193,0.5171383972915464,0.5088167668537551,0.5005493750990411,0.49233758307656217,0.48418270178061107,0.476085992971349,0.4680486699909068,0.4600718985726644,0.45215679764530137,0.44430444013025294,0.43651585373325474,0.42879202172954933,0.4211338837428684,0.413542336517736,0.40601823468523435,0.3985623915222334,0.39117557970394046,0.38385853204920295,0.37661194225927375,0.3694364656493576,0.36233271987345006,0.35530128564181496,0.3483427074315273,0.34145749418962623,0.33464612002893546,0.32790902491649376,0.3212466153547382,0.31465926505498487,0.308147315604117,0.3017110771230591,0.2953508289177762,0.28906682012330975,0.28285927033931557,0.2767283702589509,0.2706742822890362,0.26469714116359455,0.2587970545488929,0.2529741036416624,0.24722834375859293,0.24155980491917717,0.23596849242002804,0.23045438740180657,0.22501744740830532,0.21965760693774428,0.2143747779866203,0.20916885058568369,0.20403969332826932,0.1989871538908119,0.19401105954588616,0.18911121766743122,0.1842874162279884,0.1795394242889472,0.17486699248300397,0.17026985348888957,0.1657477224984234,0.1613002976765756,0.15692726061325857,0.1526282767684961,0.14840299590949257,0.1442510525405396,0.14017206632550483,0.13616564250321517,0.13223137229527993,0.1283688333065811,0.12457758991908463,0.12085719367786396,0.11720718367035943,0.11362708689807732,0.11011641864178046,0.10667468281951642,0.10330137233782466,0.09999596943566758,0.09675794602173937,0.09358676400503896,0.09048187561867849,0.08744272373706963,0.08446874218654443,0.08155935604909814,0.07871398195982238,0.07593202839794344,0.07321289597120995,0.07055597769399924,0.06796065925954053,0.0654263193054021,0.06295232967295306,0.060538055661083945,0.058182856273305106,0.055886084459643826,0.05364708735157819,0.051465206492053994,0.04933977805941936,0.04727013308556138,0.04525559766838683,0.04329549317870374,0.04138913646178821,0.039535840033295244,0.03773491226993997,0.03598565759486405,0.03428737665788617,0.032639366509869205,0.031040920773193648,0.029491329806234035,0.027989880863231065,0.026535858249189914,0.025128543470117393,0.023767215378569517,0.022451150313997914,0.021179622239174023,0.01995190287172477,0.018767261811490243,0.01762496666287916,0.016524283153557917,0.01546447524859218,0.01444480526063785,0.01346453395612457,0.012522920656692804,0.011619223337760332,0.010752698722512832,0.009922602371915445,0.009128188771796886,0.008368711415442931,0.007643422883376161,0.006951574919241921,0.006292418502312103,0.005665203916692008,0.005069180817429242,0.004503598292899369,0.003967704924718873,0.00346074884393488,0.0029819777850548235,0.0025306391364665615,0.002105979988357376,0.001707247178075022,0.0013336666935970243,0.000984447621220852,0.0006587858438820149,0.00035586749859817246,7.487220051416443e-05,-0.00018502395838027041,-0.0004246456271914667,-0.000644815623275008,-0.0008463525599893273,-0.0010300686666369074,-0.001196767793686604,-0.001347243593983194,-0.001482277872440818,-0.001602639096091707,-0.0017090810573847648,-0.0018023416826338234,-0.0018831419782827652,-0.001952185107512605,-0.002010155590596696,-0.0020577186210459786,-0.0020955194919736186,-0.002124183125062018,-0.002144313696589961,-0.0021564943532723646,-0.002161287013194624,-0.0021592322451056134,-0.0021508492210671193,-0.002136635736661674,-0.0021170682939271046,-0.0020926022422997903,-0.0020636719721380814,-0.0020306911570173725,-0.00199405304033462,-0.0019541307615895676,-0.0019112777191594432,-0.001865827965502831,-0.0018180966314673697,-0.0017683803762906791,-0.001716957859912327,-0.0016640902354936316,-0.0016100216581662607,-0.001554979808815915,-0.001499176428978899,-0.0014428078661126165,-0.00138605562557359,-0.0013290869288766771,-0.0012720552756775305,-0.0012151010076308921,-0.0011583518730731157,-0.001101923590624665,-0.0010459204112862608,-0.0009904356770675804,-0.0009355523752674344,-0.000881343687979097,-0.0008278735354281253,-0.0007751971121479073,-0.0007233614170729652,-0.0006724057745088885,-0.0006223623473999851,-0.0005732566417862017,-0.0005251080024208932,-0.0004779300987536317,-0.0004317314015338525,-0.0003865156498363831,-0.00034228230853727837,-0.00029902701606943083,-0.0002567420221168959,-0.0002154166162142701,-0.00017504006214608125,-0.00013560160212477967,-9.70904608834644e-05,-5.9495849626500785e-05,-2.2806969923294673e-05,1.2986982596885355e-05,4.789681440797722e-05,8.193333050598994e-05,0.00011510733111208538,0.0001474296081482862,0.0001789109420258228,0.00020956209820610638,0.0002393938245006666,0.0002684168476605464,0.0002966418706193963,0.00032407956936708615,0.00035074059042017325,0.0003766355477239358,0.0004017750202933712,0.0004261695493710249,0.00044982963609641047,0.00047276573880594697,0.0004949882711571263,0.0005165075992579204,0.0005373340400467441,0.0005574778587913443,0.0005769492669855936,0.000595758420246284,0.0006139154168636196,0.0006314302953569495,0.0006483130330252607,0.0006645735438723932,0.0006802216771006897,0.0006952672154625361,0.0007097198736119026,0.0007235892966264146,0.0007368850585862674,0.0007496166613520927,0.0007617935330586079,0.0007734250267503739,0.0007845204194154576,0.0007950889106496106,0.0008051396215194018,0.0008146815936811436,0.0008237237881871806,0.0008322750846332383,0.000840344280248928,0.0008479400891587829,0.0008550711414443413,0.0008617459822630735,0.0008679730715925871,0.0008737607829800709,0.0008791174031728133,0.0008840511313508159,0.0008885700789562634,0.0008926822687840286,0.0008963956349532509,0.0008997180222252155,0.0009026571858612442,0.0009052207909121535,0.0009074164122182538,0.0009092515340967111,0.0009107335499720648,0.0009118697625467576,0.0009126673832611232,0.0009131335324070733,0.0009132752389007237,0.0009130994402539727,0.0009126129827450313,0.0009118226213615799,0.0009107350197723463,0.0009093567503555278,0.0009076942945398514,0.0009057540427477306,0.0009035422946510607,0.0009010652594270141,0.0008983290555590884,0.0008953397116044925,0.0008921031660236167,0.0008886252680611051,0.0008849117776890125,0.0008809683657773348,0.000876800614662443,0.0008724140187155172,0.0008678139844846555,0.0008630058312348865,0.0008579947914029162,0.0008527860112508279,0.0008473845510650335,0.0008417953858099736,0.0008360234057818161,0.0008300734171200475,0.0008239501421485329,0.0008176582202281679,0.0008112022085811077,0.0008045865823760323,0.0007978157356660631,0.0007908939821561489,0.0007838255556578133,0.0007766146108849625,0.0007692652241928499,0.0007617813940328233,0.000754167042117615,0.0007464260137908241,0.0007385620789364111,0.0007305789328881929,0.0007224801970551198,0.0007142694198591926,0.0007059500773607397,0.0006975255741963338,0.0006889992443177562,0.000680374351958335,0.0006716540923719094,0.0006628415928275899,0.0006539399133487223,0.0006449520476508042,0.0006358809241646668,0.0006267294066049089,0.0006175002951067654,0.0006081963271640234,0.0005988201784816738,0.0005893744638569842,0.0005798617381458371,0.0005702844972859111,0.0005606451790640676,0.0005509461644805924,0.0005411897781470998,0.0005313782895939312,0.0005215139142364933,0.0005115988141994876,0.0005016350994537788,0.0004916248288395764,0.0004815700110327725,0.0004714726053975937,0.00046133452332242086,0.0004511576289587538,0.0004409437403012362,0.0004306946301539938,0.00042041202715381587,0.00041009761696386704,0.00039975304298423,0.0003893799077729909,0.0003789797738704692,0.00036855416473713376,0.0003581045659757365,0.00034763242595658994,0.0003371391574660265,0.0003266261384453628,0.0003160947130709246,0.00030554619289091534,0.0002949818577349106,0.000284402956623353,0.00027381070907495086,0.0002632063060730161,0.0002525909111739111,0.00024196566167233868,0.00023133166953925866,0.00022069002255875603,0.00021004178529437922,0.00019938800033969528,0.00018872968919936284,0.00017806785356810906,0.00016740347621180263,0.00015673752207590042,0.00014607093908125535,0.00013540465957362358,0.00012473960114789406,0.00011407666767127012,0.00010341675078961998,9.276073041064592e-05,8.210947635234334e-05,7.146384876932643e-05,6.082469982970906e-05,5.01928745393343e-05,3.956861564802239e-05,2.8951669037269312e-05,1.8341389051101942e-05,7.736843230077284e-06,-2.8630824147057865e-06,-1.3459578354968471e-05,-2.4053806612300832e-05,-3.464679613784938e-05,-4.52393377372573e-05
19.954242512767507,18.440150505253513,16.553803084346413,14.651428100060343,12.990130653278442,10.214618139507422,9.130332739224968,9.887594761837562,9.154179658406065,6.13439143224727,4.179170134150922,5.00856530888916,4.305455673160878,3.741550009215075,3.6138008093797964,1.5250073597967742,0.14002608034496689,-0.35202528698778224,-0.7067311626541084,0.6743314241940084,2.227437289675777,2.310247901227342,1.1133102457283712,-0.05512262213761687,-0.23085293479994107,0.3345888612609542,0.008021772977031105,-1.2772069058660236,-1.8456539350189018,-0.20856997285306988,0.44608529931258545,-0.19476780531107352,-0.12475101030872793,1.3403112990918657,1.8890210215266166,1.4642829001157338,2.2360827879050476,1.1496749462001503,0.20072845176065357,2.031366123800524,3.002033515367202,1.7157602048872604,-0.6393110040258989,-1.6198494910530599,-0.12050048443086325,1.5299027225512987,1.2092846213563462,0.6079169625656959,1.5306648816920756,2.453780172206166,1.4668567596689286,3.6490207949658497,5.727316983469052,4.727556755491946,5.298506290882358,6.831149314310153,8.335487575282173,9.433613204643507,8.837827460628148,9.55510839248376,11.5093338004408,10.185202062422036,10.29809277846374,11.555083748831862,11.031324253749005,11.022909683554303,10.817206298110705,11.354685944443531,14.30048979801336,13.712610682015736,11.814811473971929,12.139172771939172,11.615814763977994,11.039663553137984,11.54112381721535,12.831196053868211,13.462523893751609,11.859087575026024,9.321330833349862,9.352699148159843,10.222536724962993,9.926413640636952,8.548430443946245,8.046099776951564,6.696635575307994,5.433256829435891,6.351901586654435,5.105117458379198,3.5591660204447635,3.8425458870022453,3.8560941834736013,3.192664252588827,2.094034832718421,0.9636969894507956,0.4584679949866768,1.9171413435163913,2.8383005224460476,0.33838771418629676,-0.06561196979146189,0.24429973173880626,-0.2346363270785332,0.9248133592518002,1.5754522460781573,0.8645783251736248,0.24631316123486613,1.4190104102351597,1.5702509984382687,1.0120053586443873,1.9536741865506428,1.9584178422783793,1.6359663148003847,2.094767658966475,2.70938304727963,1.9611849662037457,1.9726589125143619,3.1737547864778435,1.7291329844542815,0.09883322410007622,1.6279048157833813,4.804402431082735,2.731279260426845,2.212293677866569,4.568598803856332,4.6472569614489885,5.0445060422282495,5.881028053130194,5.786934428281029,4.524355056672903,4.3838616314169485,4.7651867701424635,4.297676909904567,3.269613558115111,2.107247763121279,0.6500687716995799,-0.1635574269735116,1.630308821740698,0.7777438014647942,-1.0996880859593148,0.6851902765044429,2.157457517804289,4.136625792119389,5.954261481242611,5.0272271841635074,3.388687394680119,4.087980420273766,5.898687393619639,4.694578247579159,2.724239219676292,1.743275120946123,1.695858605233866,1.904763226276259,3.3507518701771914,4.659393140767179,4.629442562660984,4.508660321487355,3.916479723914904,2.7351510085590007,1.4762880360588042,0.892074461898062,1.8353407665878194,1.8726014234630384,-0.187350224941099,0.389846603603587,0.5384141652332346,0.22202413998979864,2.052572031026955,3.4862831532803966,3.513287645725484,3.2047089510530213,3.865160150859367,4.6644578636919505,5.1302369250977335,5.908692495193577,6.992180109744595,5.5499040788809,5.589691060389782,7.025556121911677,5.685026955711578,6.661835385483471,5.890777119543486,2.8149174636961334,3.420137296777625,4.58642122003846,4.9262974380281435,4.597947993529033,3.650759270677895,2.528251715301053,2.733576755805302,4.336230782615985,5.229348828816512,4.062596255585845,1.6695978621056042,1.577215345985394,5.626488704671829,5.56687452593701,3.0280473407635213,3.474642060946337,6.712144125554005,5.513171194550125,4.705149826996603,6.421017505247619,4.799418028251637,4.0531827852774995,4.6823436133862515,5.3491023544772816,5.461632061902833,3.755375761917662,4.311143366253646,6.566830592745646,5.136144495692577,3.6135959160695847,2.9872193511594105,3.627617296260155,5.877590434276158,6.536207395897122,3.8305147396787333,1.5470981654777916,3.9066860565059756,5.546083301421163,4.953412757587785,3.7771360832305163,3.60794466584224,3.942138646061551,5.047593731467032,5.630539727610994,4.577778445051763,3.9700808578564875,3.717959913954928,3.1465704982531975,2.9216738133145554,4.6588293310294375,5.484613076824303,4.907650170789111,4.982890868146569,6.59548512866678,6.56387098804953,5.257602765805473,4.864807123105038,5.557069668014492,5.276574887353945,3.7237159407520153,2.7075280383047584,3.246701779455634,2.14465649680119,3.1281815595962144,6.0911498628641425,6.231450102091344,5.006003566774439,5.214840054124238,5.3452447201262885,3.811717775454099,4.783306015397557,6.232980414621466,6.261335981178945,6.415958066622011,8.823624511603498,7.781736294477128,6.298753081546806,7.520768038286633,8.065461835060887,8.350959946797616,9.490485918831837,9.162814219215022,5.72228599390337,5.6839470389775215,6.885321826336735,6.791436700891381,6.625557065113867,8.152726206785701,7.849931331211337,6.760443008109689,6.975657242909904,6.615106572027969,5.001936115564263,5.560303515702401,8.10270209607296,7.974583608651244,5.242834542017363,4.182653575574193,4.259821139831956,3.0872424911760845,3.1075648916504406,1.8388137125435833,1.3147610846999669,3.105006591801498,3.828740750507336,3.1526696361162294,1.4204703765997237,1.8926899018500762,5.531748779009263,4.184466800012842,2.2026070512777096,3.36972541366481,5.471635848555593,4.465019900280936,1.7596835660081638,1.4236050038243775,2.8614016001453706,2.385558030666971,2.933650237679217,2.380937030385212,1.3662877644666764,2.138434838761782,2.9338424490733814,3.284232145720466,2.0228388575129657,-0.9223762526627297,-2.35199836678197,1.6597758592359924,1.8115696851151597,-0.7286944789917698,0.43832039083292784,-0.0033734986676563494,-0.49390949239500515,-0.038850589352705356,0.12013059920627711,-0.5937211611628186,0.3439436194105383,1.452963707073593,1.823948097251332,1.6352131596034383,0.8646661458481049,2.34699515004138,5.013598384851036,4.980077929807862,1.9700981072232935,2.767137194526299,4.365702324870199,4.274948792194891,4.095004354260368,5.464540042503586,5.43131461362708,4.94530795756657,5.148241364485784,5.177624204236508,4.605932372861673,5.791896131454564,6.232825602780849,4.801518611666438,4.755568502232791,6.113737572043362,5.292797897010814,4.487505560814668,5.602699125667186,5.062076568311284,5.527860695844879,4.546184941970694,4.316349912214946,6.990750239907129,5.712045019320101,5.364225653464018,5.763625503441517,6.117293946667019,7.317338377942463,6.146002299090469,5.34341422238731,4.518598529884116,4.72982833686865,7.759100672003342,5.159652325342677,6.422524486812392,9.174500017873129,7.572451469764189,8.350734607134427,9.236654876840532,8.35705302347833,7.082512764462422,6.867479286189791,6.602523775790132,6.325952329348638,5.10625226746356,4.2534874265753615,5.502281679374391,6.7078334243742574,6.387266779391439,5.2312891758340925,5.129093734508842,6.194329840202499,6.352474978074042,9.138686189630448,8.509537117459558,4.312500148483764,3.910641301093392,4.486056924147704,4.950029987160576,4.756445550102626,4.520961859582371,5.1085958174230655,5.299006207336163,5.749292708423468,5.632515163245785,5.399809011309458,6.061085984338092,5.1814940904808395,5.1140225286532655,5.1218467471996405,4.817903645952697,5.84656271802919,6.910756207177485,5.6139589853801795,4.2452836612787905,3.4757697723530896,2.7917945663204478,5.476121662071137,4.432699702050286,3.113389378747115,3.4782906874746686,2.3268282633789,2.2779454367454264,3.8335809106457646,4.971899966997626,3.2196820063136897,1.1426768791823179,4.220849202114266,3.5637105964933085,3.3180342245088923,4.106941768932643,3.3425560455762025,4.20729364901058,2.7997695700196914,2.7883310446737823,2.11390803687857,0.8896409250663169,4.61853193682515,4.466913288904152,2.0433774783867875,0.9077494658213823,1.8478813511686667,3.1824784150986716,2.4976102554466024,2.544446249455973,3.3925759347655458,4.788041231288389,5.675095389601665,3.039128876790869,1.7782818365728872,1.8932942064077452,1.2978390955368013,0.6570542676219588,1.58798165341625,1.0555940261704677,-0.3839494762254958,0.12928215121519315,2.2320486657509946,2.9522536105404242,2.5779931766306845,1.283166482500178,0.21844851187472614,0.7604967861790328,1.8958015686650924,1.3202036324726123,1.7598780338172446,1.6959740621289257,0.7659213484276961,0.09811615101119742,-0.2052294304461384,-0.16217308147253107,1.418488577379037,1.0270938318492426,-1.0280260101066574,-1.0900290010559956,0.20139767725123647,0.6527751441176406,0.1911689323000587,0.4043805932617488,1.444481678880834,1.3907287591910062,-0.10251798045635496,0.5024022874669072,0.8650691300266544,0.042675589439227224,0.20987677961664986,1.7356027125480296,2.1723160940777007,-0.18911722319751334,-0.8382881468807568,0.7461395806534483,1.080017352021457,0.7261935555374066,-0.3407098468451295,2.2651533994422266,1.84494664269846,-0.3420371124801136,3.091149983305172,2.7813981304636854,2.8348965366964194,2.5976412604710504,1.542123438093654,1.6741591414184995,2.3075782041035495,0.09861751895260795,1.293815261684415,3.011657840342991,2.228389101950313,0.2916820357220331,0.033950618972369284,3.708873448284919,4.604430874660238,2.845394870399616,2.1415284024392918,2.516192785988153,2.0583619150712593,2.6232142660788895,2.137461312689936,1.4715398521994416,1.8892885677657318,2.560948583283846,1.9334637145788633,0.05292913271006228,-0.12260339750105231,1.2136117311308112,2.257908741908068,1.4676080648973766,0.5148431367958892,3.514587823712418,1.5902693094114966,1.2001532933870749,1.3910368102463053,-0.42590334260631835,0.42756881930182544,0.3751463777461481,-1.3966297278648767,-0.15583895696511263,1.622421807645992,1.1388689935527054,0.023021356331071274,-1.4461578822509864,0.10587555195940013,0.026702711015559544,0.23842856216481323,0.8280140270153424,0.5253033041139474,2.636770147877371,2.3201455844111933,0.21933591325364432,0.10693982888079745,-0.08395205280498885,-0.12251963440803593,2.6845519090770154,1.4190979027094386,1.3936052585621042,1.7101725632039688,0.1608701876719465,0.11299416206361457,2.2513453832020787,1.141828252235939,1.640965841663899,0.2415726137078309,0.011536108680672896,0.11057123531639945,-1.0679645206801638,-0.0734321905199522,1.6260250428249492,2.533425612032829,2.8721247012424556,2.265349067421596,0.995382797513173,0.32741990817510214,0.059277607542753685,-1.187923706334118,-0.8114657409429356,-0.9466250351232475,-0.37408635396940326,1.023363092605905,1.0057925813480324,1.2386362769002517,1.6163321495768628,0.4772877723907527,-1.753938320231498,-1.8008284130763172,-1.2176274562377216,-1.0435479231711042,2.349171437102086,-1.2280124905810794,0.616618174168309,2.818036877265854,0.27029293069949745,-0.8430748892525344,1.3045385729086547,0.3912482839670588,-0.009780870919144036,-1.1002253543102256,-1.5324756432640925,-0.8154787054202188,-1.117620682612369,-0.5809429735132312,3.6588107087432036,2.619436337904972,2.6374245901985773,3.6634931748288864,3.6680738927270227,5.066147739021687,7.515035429924865,7.23794462620566,8.485334434395327,10.052707182543088,10.487120746649282,11.809539468146511,12.986666385849162,12.638462634961343,13.540314077411267,16.078933436280863,17.726725439995562,20.316841500103067,21.233731304306843,23.056514139485444,25.37196708125373,25.121479157387796,26.218635344794848,27.404136028156245,30.041512222242773,32.70025533617758,32.637170669463444,34.35780903087476,36.61195014320299,35.439256768068105,38.21221271292643,37.441359764746096,41.114042529898995,44.52088556202739,43.054407496728686,41.767522908136584,41.96659055127253,40.8995848774523,42.97209943234839,42.82711991190911,42.83119949221657,43.49605918578152,41.835857128244754,40.14895731071931,40.52406377901406,39.84083115388563,40.0264258728252,43.87074232283453,42.86432396444468,40.97302115040941,40.54024342361254,40.24463182533884,39.63124790339566,39.138551280736465,38.35261114258071,35.03231380521436,35.240618898099854,32.93736365098363,32.39881853712848,31.658147708716967,30.49936657023744,31.806890192394633,31.377972392831737,32.14600272451855,28.807459643643256,28.567607454293807,29.165276915749644,28.679750032091988,27.748045148686742,26.674078377690762,24.747511347471857,21.60654427875562,21.59488028861034,23.174140255324858,22.060703639887492,21.726196609310023,19.051972128440184,17.83692249341209,18.15816685492848,14.673053292890359,15.173754731538395,14.534626465698466,13.099687800164588,13.01077763119008,11.864842187637578,10.721594951979341,10.73443718504734,9.801581087232591,8.631326896810833,8.769284662915197,6.173020358655435,5.281330769666113,7.055320413888978,6.845161884648633,5.860981903721836,4.757181410713088,4.0076798020973,4.685364504490622,4.68862303202269,2.989115135364557,2.182187840465758,3.841001595067496,1.836049392364032,1.573559925433642,3.171858871718541,3.7126811751330138,2.959096911624158,2.7030454147771934,3.7727206050800532,2.305886445216288,-0.2817393778403243,1.3185049282332102,-0.606993887051658,-0.3461289911901986,1.4128828677181104,2.5753647452037853,1.6288539109779663,1.0224962639340447,2.2545403232832086,0.15077967200244302,2.5165914078494893,2.019962476785281,-0.4602134444664898,0.5867625387437556,0.9837276662410659,-0.01630509957567483,0.168076763522663,2.106506154029603,3.570581285662115,2.899466079455408,2.8037230251677556,3.5589777991733627,4.442442711536785,2.935858525018432,1.97314451321256,4.282409109252512,2.534265431770052,2.118472899671417,4.060777006561352,4.251882750994241,6.322973241071793,6.285846394082569,4.592088313377019,3.6344160655179962,7.3788189629376575,8.37536188236055,7.0618042751297025,6.609608368333113,7.698383876237756,7.69856626816545,6.200194735787022,5.642886558338773,6.0987657192560505,5.885500071279466,4.429277365085682,3.5661663545979536,3.8292873527651636,5.652822327638205,5.862035628011142,6.81402087138008,7.657558100756603,8.538741130874826,7.135736985322751,8.080416667798374,10.485332841472996,8.157953132960529,11.79960398362283,15.469795833479566,17.6697493683713,15.898669567002742,10.348234006338146,10.186040304334028,12.952457260920482,9.96779040156423,4.037970177189209,2.2627492841282333,3.9142738137448987,4.557810969018703,4.248556760720419,3.660145464542893,3.5338989196047805,6.465386645884735,3.3080208275503082,4.508718861604962,6.317650988078412,2.9729020351907707,4.400605515803591,5.592171745097346,4.233346535691908,2.9700497015372207,2.3653759262167,3.4148841959187735,3.5110448813876474,3.3902916349262,4.72213270890461,2.783680997132649,3.4471722122227106,3.3896818763093393,3.5331582136854536,0.7589607307689334,2.3373951138654547,0.5277806452594405,1.18648227193313,3.377353901763115,3.2807349196804694,1.7411489431931955,0.246307738298583,0.6235835414105964,1.2918402635302755,0.0944717825983048,-0.7170165803638611,-0.47385266807856397,0.005590675586688576,1.322348374077535,1.8174150670775475,0.7204571370355097,0.3625201791895165,-0.2682152735020509,-1.549688109098497,-0.02743709939056771,-0.6306221488660526,-1.2561458103072596,-1.5139476062277595,-0.880012972907366,-1.6172996632320178,-0.4797540324117904,0.9884103724842248,0.0947913945768164,-0.19300955974432554,0.2946963087745189,0.489287942603994,-0.29238821595816944,-1.926326349714742,-1.7359512185049084,1.4378449161973208,1.0060180335223379,-0.23119380462134131,0.13370139139342996,-0.5993002689330922,-0.9468073037285478,-0.43814812812604487,0.8847239387900174,0.21235808454673588,2.380139833980394,2.141103006120886,2.1043602835468675,0.6149250136330409,0.876681793278749,0.3241212369926245,-1.5279438627599689,1.0195949083711469,1.996717414622566,2.796684668271439,2.8419628041887393,1.6043493426160467,4.863518106512771,5.397662655864252,5.92038561020243,5.258524522925882,4.690195041918116,4.314587728663156,6.383602636563239,6.227935774280525,7.071165812898187,7.582824169846447,5.557563625751584,7.184781076004185,7.628375423715113,6.955473613282692,7.64718803232239,9.515517213722717,9.16620587389562,9.017116307974504,8.148310822206838,7.478687491050209,12.651768207920071,8.879525046097797,11.522213725796973,10.804377409357045,11.601604859825756,13.32248852055531,12.487680221612408,12.69157618835402,14.773886949126847,12.999034897885679,14.2650011318606,14.030510687636024,11.780379704593173,12.845751654413732,13.549239167655571,14.824735938934197,14.95354641731609,14.47928741216785,15.916460467969927,15.86142908459459,14.835527704447657,16.33004462812798,16.843590891431745,16.154652606135016,17.489223965279734,17.820673034723995,18.85039347515334,19.476493473779897,18.20820909351852,18.60827176408793,18.755600669581213,18.876177342248752,19.665997918272865,18.72013501535895,18.6163863353938,19.447089334227087,20.979292740835774,20.43791382288623,19.12060639757641,16.949640768586505,18.11992937050465,21.109219857017507,17.925836683100016,19.96625526897705,19.42759316318819,19.14171628385867,19.888791829010444,19.47616098581429,19.63909569181959,19.449657929147122,19.414432252140955,18.780113574866903,18.417952365064764,17.443963447814497,19.583916276127383,17.671320868188673,18.153302227151443,15.415566963060058,15.678048386253693,16.168506024303895,16.008542441469558,17.019145181838667,16.547621599777784,16.712822757895225,16.552848552318466,17.042137539923772,17.29877286253705,17.487863545661156,17.417033974765303,17.291840746493165,16.604810761683723,15.336002761327677,16.290852243903487,13.107373740695465,13.07082746835593,14.32099503787785,12.741370132077947,11.582113702844879,13.236329763868127,13.712325028047616,11.97438327820484,11.527512633936709,10.024928635565885,11.018847745859034,11.287315503214927,9.815956910553894,9.48784152077559,9.012759096590287,8.382877602314636,10.00891268497378,6.552250540023863,7.069204340545298,5.477002742088928,5.052447057542793,4.794124551118188,7.01434268490658,4.737566644712189,3.3784128924440324,5.75884604906679,4.02861970434455,4.9524313301647,3.3847301928182105,3.4251432860091597,2.9960511712186246,3.0821814795228306,3.4205198431739916,3.9213151360109464,1.6978798546642224,2.3703315235548246,3.245722922120251,2.0044433847573373,1.4290700316419702,-0.10826638448639869,1.0056993897594566,0.9939901493303864,-1.2114785891269264,-0.9670909689118616,-0.6358872305059435,-1.101421111479226,-0.4885120267743446,0.17394826078171377,0.9139881078344274,-0.03183753503762432,0.004361640564127356,1.583664734792393,-0.386123688769203,0.6362541442373413,-0.30674998365881834,-0.23034731742095005,-0.3754540730000713,0.3750175230755701,1.521383448577808,0.9595284914329909,0.5826059641868824,-0.3316636558253663,-1.1881161018729927,0.770449257299731,-1.0955447354834007,0.558653909189303,0.6888614934193242,0.13112802809118307,-0.38465194030447947,2.0640888511022126,0.8894997203057642,0.8803777281105454,1.9410899147302985,-0.0007423731277356183,1.1921730376424478,2.831414216168298,1.9434944150943068,1.9271495043141726,2.0864191144502797,3.261338166808457,3.461725919951135,4.606046936189671,4.247408986350365,4.854400948037664,4.23212860809943,4.472486208373169,5.214715589944433,3.622151774579862,3.4535577293714255,2.4245289449380607,3.0863691847070243,1.9458873407463955,1.8937115765655221,1.5982561159677857,0.5622245441666678,1.5545861556906573,2.3378252034942193,-0.2099125938329962,2.613263976055123,-0.007689052219916448,1.0018020145587911,0.9421715414329128,2.030510287404553,1.581412579368049,0.7582884591354002,2.2495874832289644,1.6651611098813248,1.2801285167022058,-0.8284045908788187,1.401378057914343,1.0247854321335694,3.9849895198725562,1.7519261227621996,2.0189803509655917,1.6264792781251458,2.2259070025476433,1.3678105702436483,3.6725457645938206,4.345947968526019,1.310923730916528,1.215339493195387,1.6912229426532974,1.6722984223908384,2.88159674701123,2.2135963177941846,3.368897074031537,2.2516052033820415,3.1714051698961327,3.1205526235962964,1.564294840724017,3.2093338635905297,1.823254146436824,2.185831595031658,1.2244401994196323,2.039061152937478,2.530288929798047,3.6484614526518726,4.718321298347121,3.386143882010913,1.4849106899068545,3.1030044810123627,4.0375786177668544,3.1233838085593675,2.2645825894663005,1.2050741227022854,2.9317230422658724,1.9138462542262857,2.837526728902361,1.974555863392311,2.766845010299619,2.535303127506424,2.9390346969916266,3.1284616962272906,1.0350269269461023,1.5380183370188547,2.280357498841056,3.5931372177251433,3.3295371681157064,1.4463209546944427,2.6352448301463625,2.1339862282079025,3.9146812424309303,2.1169843686913055,1.7394669477249067,2.5639413805418485,1.4934280851235258,0.6397179750102566,1.4710242387160122,2.059685977345424,0.9924693299593201,0.5246735548452506,1.7564540732508078,1.4274239565930174,0.8194553169519736,-0.14081211510404046,2.970575762172615,1.2743899352922483,2.045499604449759,1.332402077264291,1.3458640490902098,2.336942914561149,2.4409503892907196,3.4657977476788204,1.8314794550887399,0.7794083925111295,2.715860844214461,3.7087035926981713,2.1900991083483348,1.858513506793912,2.175176661704697,2.007530113926535,4.8205798840531315,4.344849980401861,3.4069027475913316,2.8425621807162145,1.6951485772472097,3.161660844441883,2.4954102810779943,1.5488289635172805,2.1562365359632736,2.225187045842034,1.0180850939990194,0.703867346358507,4.502160064301933,2.460027793316229,1.6184387424418105,3.3653915143647453,2.472650724243678,1.1800897815574558,2.337712158578455,2.183758209081873,2.486276097505254,0.8323674198126696,2.3983440335945545,3.495374890938919,0.6548359184549071,2.6722857376477407,0.9738371037577735,0.2146598168084637,0.7613646194786696,1.0850696792702763,1.9670279752439512,1.9481893384027131,2.5501476291208576,1.0180148845359014,1.2560215391142862,2.1536350471029806,2.3059425491585444,1.551851161003711,1.172536139348992,2.289779275172961,2.1311132797982424,1.236791888010771,2.109501482813414,2.699766153119654,1.2521924184943458,2.2832447438577645,1.102745318032035,2.684158984815639,0.8828169328105844,1.4981266202889287,0.538258539799628,1.3808440936492588,1.2935597963341081,2.054541924168447,1.7008072393448685,0.5251553796565389,1.4084595432846072,-1.1378758130701954,17.983887854962575,19.266733511020817,-1.1735625746658371,1.6471592564001867,1.1111110524703776,1.8237789280373846,1.669083639900677,1.213517173614619,1.8782161232158785,1.3850295468385667,0.22169071420925945,1.8657398854578275,2.0039915905371686,0.1990307416738375,1.3079519383905307,1.3688952925333666,1.1045405800752235,0.44115020377127223,0.7478041439109546,1.7042360231920526,0.8992675242975565,1.0041023616353613,0.3545559760927972,1.3774776436938225,0.1097858799091398,1.6913119652936786,0.2946706777245254,1.486534853486674,1.2887317183433282,2.1303835764550314,0.747222710530977,0.8381006970779907,1.9202284128806184,0.32720001272967636,1.1714867176939094,1.6412280510829333,0.9304533116359011,1.0311194904143406,0.8947934707860838,0.8317303874991353,-0.7544919602716078,1.1640251273624074,1.0775596459320695,1.873018808061829,0.6773152117842471,0.837911804939381,-0.13275050502047492,-0.4031276534674575,1.9218251891398666,1.1790284863730705,1.3035394114767058,0.9996754262866148,1.0980241564741178,0.5879637161217772,1.331918984509798,0.7595450067313152,0.8084274503028155,0.3658360498527031,1.128832024108,0.8179789050656439,0.6953630915756293,1.0997844627017557,0.986238506682426,0.9554954430861713,0.19294300760375904,0.9801793201127111,1.547769461176756,2.192356599376737,0.4558306357235722,1.1585198201077986,2.1228580697275135,1.3444549976963671,1.5016897802328302,1.2718771585727566,1.62477023086322,0.9953929641572188,1.5956322611753109,0.3489342207529731,1.2012247931488957,1.139777397390489,0.9740012576755745,0.41212063925355835,0.5936989738896727,1.1407100830452634,0.63547395073563,1.2082459327448305,1.1130033977255493,0.382532187255876,1.2775156756565735,0.007760581563474034,0.6685448398550449,0.531179404653102,0.42129645228759927,1.455219481702919,1.8490300979072387,1.4081270821640146,1.5491379737048803,0.8700790259290798,1.5358150922048424,1.5909106459238558,1.3283240193474057,1.7702309149425872,0.5379318107913065,1.1556963683039925,1.395516820830224,1.2802550371265227,1.3538489487902439,2.214054108416697,-0.01690278382476862,0.489846901708745,1.527176478599202,0.8543135815610725,-0.2257139534049344,0.5795549128446993,1.2497592047541417,0.9438973248471143,1.1621578888061848,0.6668792287151604,0.9497124571706763,-0.0037910808464332035,1.391918338794497,0.4236691642793744,1.6637663891725225,0.5877971301987515,1.3218877358996082,2.1518973146405216,1.6748382544632676,1.0377219652804257,-0.06530591106517392,0.3340853441610818,0.3955150906071836,0.8899002619344003,1.1784249336490547,0.8731123256658577,1.026312230730845,0.9231815137027581,1.2288131550707675,1.6731842287970125,0.749287433032606,0.5832749360614571,1.2875849945688458,1.0687529443636947,0.8556650667151899,0.6251620953434696,1.0662505109215914,1.1273056280907667,1.0112001829433126,0.5739935969366883,0.8092802856231103,1.8679040578390271,0.7037825245495242,1.1056834212084965,0.6780406116220661,-0.0063016590287006125,1.583352196545377,0.9214234139572852,2.0041226212661485,0.7631004178652319,1.0185722662121535,0.39485358907558066,0.4839988125914658,2.161086157638863,0.9715200296070918,0.023219876565832465,0.05970418578532133,0.1323184380632938,1.4641839260982437,0.68272452640268,0.5152365581820675,1.3217257755432144,0.6553760579491552,1.8910207040818818,0.8941679196199459,0.45587427460662866,0.1444637057231013,0.8131626766949722,0.36479823799773214,0.5351326920425699,1.2205346890381037,0.44096329504002085,-0.18624286150127034,0.46022208892466665,0.5520007900524888,0.6631692349804723,0.4045751358985683,0.3137781748128816,1.4766492267923468,0.9309729691463247,1.4273158376468906,1.1368336219903483,0.8539005055184248,0.5046177765173354,1.0517687667893618,0.47538491136162975,1.1371961484828432,0.8042325092440876,0.44978649951781335,1.7487782760763366,0.511273138091326,0.45009957655574695,1.4266742118772449,1.5188366541214293,-0.061208547526522494,1.0963042682731476,0.47149964519195464,1.0359513733501196,1.8485420793847993,0.8485234727394584,1.090404341186968,0.4461944557630453,1.1174666193321627,1.864454097341394,0.27797170853031616,1.5890528199342384,0.8092617003566716,1.1961894524937726,1.4895991104444626,1.07721425153062,0.290350375647364,1.2855715932301166,2.0853057857281385,1.159442787942563,3.065530154610798,0.32719312909117093,1.4881200484577448,1.5806085310299807,1.7417648536884087,3.7713652707508345,1.9173345897755496,1.2475873992652815,1.6389808907892132,1.814992690850005,2.072950893766091,1.7810719316437087,1.6887365800751581,2.0073653840552517,1.7346412319121782,1.1859080966380056,1.227577130055522,1.4804443599036574,1.5790290645766767,1.8072835104107163,1.0960561681436616,1.9516271515155381,0.8539073698119068,1.3971359215550194,1.0695871592320145,0.6171227284776819,1.638528514891874,0.9543673046424033,0.9912350452395877,1.0682732888302553,1.6369820394629073,1.1467306859359248,0.7252312725633203,1.563779103009324,1.2106163536055554,1.4494148080996183,0.9508633792383971,0.958108148364829,0.6876561170553561,1.4557484974109798,1.7002723601962089,1.6873864964456402,0.08942990894129998,1.4860051875249685,0.9327700583591536,0.9659633825750689,1.0707079383417977,-0.13087255517024055,1.3437218721707325,1.0845278483784853,0.8728708151535898,0.27917961373950106,1.1011369119720502,0.9449876285165715,0.385082841761232,0.34206317029995326,0.9849803728072004,0.8520058179163357,1.0716771392880275,0.6507524435488374,1.6332984230896574,1.5102067326919553,0.2162527596812538,0.8499070757506235,0.6360554836533652,0.9340193548385116,0.0718394795713948,1.3693263453648115,0.6919075361241749,0.2558358085756822,1.159124447483748,0.5686830056693282,1.2455066134003516,0.3562566953947055,1.2327099082648925,0.6439006397213518,-0.525681218355146,1.5380768116725392,1.3241772078283418,1.6736120404220856,0.7400058080759777,0.832112274729127,0.7121524993997372,1.0619965820401944,-0.2530986459390192,1.472817014488868,0.1878599261692102,1.1819736972437909,1.2833995702664556,0.9898094023208444,1.4028654769601587,1.952707838253673,1.696772837738024,0.6509860497087914,0.5562045957032353,1.314517526788876,1.0288986574435057,1.2977306825340236,0.9721694789495814,1.761823590742324,1.6180216643322183,1.924424208836399,0.8745422643187055,1.971887098017305,0.9399291487493713,0.6220250564587957,0.7261878154608628,0.33825895589075117,1.299348985862764,0.7766553776512808,-0.5544524911868507,0.06671610563128638,0.3431553189540182,0.266103063557523,-1.6544344695506084,1.7987584711241311,0.8496245453048914,0.23280741234341917,2.2565847942728965,0.36352603871057454,0.6854025762699507,0.2936549334445431,0.961282158122911,0.9520331047962713,1.3901039385963543,0.9130102217917226,1.0685924279945587,0.8539554658832174,0.7839305586330729,0.5919462561331841,0.8721201930875964,1.3103873240034716,2.1282579060379305,1.0574215849626674,0.30809247862958955,1.3494291105620286,0.45408776476435264,1.3110043830835991,1.003220296375872,0.02622558745329684,0.4746918908751354,0.41311276850976153,1.5769488368069338,1.3463464161444847,0.8170659880531455,0.9781431603541648,2.047781874231788,1.1386595257599197,1.7536472454431475,0.24728583828093065,0.9853063483365929,1.8942017235033575,1.1607931059903924,1.4126949628384295,1.513632332264649,1.735333918284681,1.9426741208713736,0.9648349514984895,2.0808864567423484,0.45130584759058934,1.191267259052836,0.29839488476778797,0.6484332216106452,1.04593971726905,0.2786093621618875,1.0118330794063866,1.1864405498116923,0.8713240780707849,1.178118579419504,1.202167740451216,1.2088018548010089,1.2136805903635368,1.2179752739383227,1.2217775516306233,1.225103130640008,1.2279633044538798,1.2303687672120418,1.2323300902579035,1.2338577218980902,1.2349619872061055,1.2356530878697924,1.235941102080659,1.2358359844649272,1.2353475660545996,1.234485554298118,1.233259533109134,1.2316789629526852,1.2297531809679754,1.227491401126315,1.224902714423763,1.2219960891073072,1.2187803709335583,1.2152642834594758,1.2114564283640163,1.2073652857997672,1.2029992147734845,1.1983664535554226,1.1934751201158917,1.1883332125884465,1.182948609759194,1.177329071580914,1.1714822397115654,1.1654156380762402,1.1591366734517408,1.1526526360734124,1.1459707002628647,1.1390979250765554,1.1320412549738137,1.1248075205041346,1.1174034390128043,1.109835615364375,1.1021105426830786,1.0942346031094985,1.0862140685730708,1.0780551015798778,1.0697637560145665,1.0613459779562788,1.0528076065077698,1.044154374637202,1.0353919100319615,1.0265257359639008,1.0175612721656648,1.008503835717363,0.999358641942905,0.9901308053157436,0.9808253403735705,0.9714471626407999,0.9620010895594078,0.9524918414267631,0.9429240423399676,0.9333022211470734,0.9236308124035304,0.9139141573346308,0.9041565048024438,0.8943620122777247,0.8845347468154614,0.8746786860344002,0.8647977190997551,0.8548956477089291,0.84497618707951,0.8350429669394543,0.8250995325192605,0.8151493455449952,0.8051957852328258,0.7952421492839505,0.7852916548800408,0.7753474396783986,0.7654125628071142,0.7554900058596559,0.7455826738881228,0.7356933963955896,0.725824928326972,0.715979951057875,0.7061610733814234,0.6963708324926756,0.686611694970594,0.6768860577570877,0.6671962491328145,0.6575445296898295,0.6479330933005087,0.6383640680828648,0.6288395173615129,0.6193614406247718,0.6099317744769905,0.6005523935862698,0.5912251116276082,0.5819516822207049,0.572733799862732,0.5635731008555922,0.5544711642277775,0.5454295126505997,0.5364496133481396,0.527532879001626,0.5186806686472778,0.5098942885679492,0.50117499317858,0.49252398590448365,0.4839424200535518,0.4754313996812982,0.4669919804488245,0.4586251704741926,0.4503319311762084,0.4421131781110432,0.4339697818018067,0.4259025685602751,0.4179123213011735,0.40999978034898277,0.40216564423701584,0.3944105704985361,0.3867351764502871,0.3791400399679503,0.371625700253702,0.36419265859572647,0.3568413791196008,0.3495722895316078,0.3423857818539773,0.33528221315154383,0.32826190625078766,0.3213251504497521,0.3144722022202302,0.3077032859015958,0.3010185943859369,0.2944182897950043,0.28790250414874663,0.28147134002523444,0.2751248712123129,0.2688631433505293,0.26268617456830157,0.25659395610736624,0.25058645294097914,0.24466360438293577,0.23882532468834938,0.23307150364584572,0.22740200716171444,0.22181667783505077,0.21631533552471183,0.2108977779080874,0.20556378103083262,0.20031309984892687,0.19514546876189343,0.19006060213803266,0.18505819483115715,0.18013792268902762,0.1752994430536603,0.17054239525322146,0.16586640108593542,0.16127106529580715,0.1567559760402446,0.1523207053496094,0.14796480957875247,0.14368782985025064,0.13948929249028197,0.13536870945617352,0.13132557875619,0.1273593848618475,0.12346959911207023,0.11965568010973016,0.11591707411085395,0.11225321540590016,0.10866352669350476,0.1051474194470643,0.10170429427350314,0.09833354126510585,0.09503454034353354,0.09180666159724638,0.08864926561113862,0.08556170378949446,0.08254331867166798,0.07959344424094184,0.07671140622605321,0.07389652239641009,0.07114810285037265,0.06846545029637241,0.06584786032820489,0.0632946216929895,0.060805016553075575,0.05837832074121252,0.05601380400955236,0.053710730272513274,0.05146835784302084,0.04928593966289441,0.047162723527094386,0.04509795230205782,0.04309086413792329,0.041140692675043056,0.03924666724444137,0.03740801306318531,0.035623951423588096,0.033893699877182826,0.03221647241312553,0.030591479631198126,0.029017928909524926,0.027495024567031123,0.02602196802078538,0.02459795793836861,0.023222190385041586,0.021893858966308244,0.02061215496536306,0.01937626747599097,0.018185383530749277,0.017038688224516818,0.015935364833580934,0.014874594930347484,0.013855558493730769,0.012877434015024392,0.01193939860004889,0.011040628066808722,0.010180297039340758,0.009357579037526875,0.008571646563240165,0.00782167118248367,0.0071068236042037825,0.006426273755238299,0.005779190851740168,0.005164743466991695,0.004582099596433409,0.004030426718998115,0.0035088918553753956,0.0030166616232918386,0.0025529022895227627,0.002116779819061776,0.0017074599216471142,0.001324108095104748,0.000965889666701969,0.0006319698311187949,0.0003215042208069008,3.36422116902213e-05,-0.0002324700032261262,-0.0004776865638689287,-0.0007028593086317869,-0.0009088353468200694,-0.0010964548294225551,-0.0012665489097969385,-0.0014199378865100698,-0.0015574295190958765,-0.0016798175097108015,-0.0017878801419612955,-0.001882379069087392,-0.00196405824459589,-0.00203364298630504,-0.00209183916771849,-0.002139332529480953,-0.00217678810301436,-0.002204849740280679,-0.002224139743134401,-0.002235258585386646,-0.002238784721839693,-0.0022352744781812817,-0.002225262016281704,-0.002209259368498806,-0.002187756537182395,-0.0021612216529547368,-0.00213010118756074,-0.0020948202167119234,-0.002055782728092481,-0.0020133719706336706,-0.0019679508410774815,-0.001919862303765285,-0.00186942984032612,-0.0018169579258540125,-0.001762732528163724,-0.0017070216271122263,-0.0016500757514563702,-0.0015921285305182664,-0.0015333972578162047,-0.0014740834647000156,-0.001414373501972932,-0.001354439126998841,-0.001294438094760153,-0.0012345147512462518,-0.0011748006276093292,-0.0011154150330696666,-0.0010564656463714073,-0.0009980491034866645,-0.0009402515813405898,-0.0008831493762500031,-0.0008268094759102951,-0.0007712901249306015,-0.0007166413824108986,-0.000662905671703129,-0.0006101183212763317,-0.0005583080969131515,-0.00050749772412928,-0.0004577044011000453,-0.00040894030178151297,-0.0003612130689418791,-0.00031452629679051824,-0.00026888000357416786,-0.00022427109374234533,-0.0001806938097672628,-0.00013814017378876997,-9.660041911274675e-05,-5.606341125030667e-05,-1.6517059606258044e-05,2.205073218419784e-05,5.965206199221029e-05,9.629902547203528e-05,0.00013200371242305664,0.000166778202981277,0.00020063456400976065,0.0002335848456880285,0.0002656410781298746,0.00029681526811486947,0.00032711939593355055,0.00035656541209050374,0.0003851652344337708,0.0004129307450000397,0.00043987378731458193,0.0004660061636911905,0.0004913396322479002,0.0005158859045764075,0.0005396566430704297,0.0005626634584245949,0.0005849179073891264,0.0006064314904392631,0.0006272156494731007,0.000647281765822072,0.0006666411580624754,0.000685305080054377,0.0007032847188952474,0.0007205911932715026,0.0007372355515258278,0.0007532287698381879,0.0007685817508047421,0.0007833053217041197,0.0007974102328773824,0.0008109071562216741,0.0008238066838259783,0.0008361193267205635,0.0008478555134274757,0.0008590255889373566,0.0008696398133736238,0.0008797083609124456,0.0008892413187595594,0.0008982486860986683,0.0009067403730398382,0.0009147261998521117,0.0009222158961108562,0.0009292190999303784,0.0009357453570828511,0.0009418041204867222,0.0009474047493824855,0.000952556508792668,0.0009572685689818172,0.0009615500049164893,0.0009654097957536578,0.0009688568246986051,0.0009718998781806931,0.0009745476458249414,0.0009768087199404363,0.0009786915954919095,0.0009802046697302558,0.0009813562419935806,0.0009821545136219356,0.0009826075877583662,0.00098272346932049,0.0009825100650289187,0.0009819751832083057,0.0009811265339862985,0.0009799717291798515,0.0009785182824657568,0.0009767736095511736,0.000974745028287316,0.0009724397588684042,0.0009698649238600865,0.0009670275485689217,0.0009639345612413308,0.0009605927934330794,0.0009570089803787596,0.0009531897609633688,0.0009491416784896956,0.0009448711808488497,0.0009403846209181665,0.0009356882571864844,0.0009307882540383616,0.0009256906821804023,0.0009204015194654858,0.0009149266509780318,0.0009092718698582303,0.0009034428776999448,0.0008974452850907255,0.0008912846123223517,0.0008849662898740007,0.0008784956590375259,0.0008718779725427339,0.0008651183952110841,0.0008582220046662314,0.0008511937921582557,0.0008440386630184094,0.0008367614375401899,0.0008293668515193531,0.0008218595571065634,0.0008142441236600462,0.0008065250382287559,0.0007987067063481845,0.0007907934529782779,0.0007827895230434478,0.0007746990825978628,0.0007665262193370381,0.0007582749434789093,0.0007499491885027965,0.0007415528122578507,0.0007330895975030671,0.0007245632528167789,0.0007159774134208874,0.0007073356420903565,0.0006986414300911292,0.000689898197833827,0.0006811092959253529,0.0006722780059362776,0.0006634075412819129,0.0006545010480749625,0.0006455616062055469,0.00063659222993806,0.0006275958689911931,0.0006185754094474305,0.0006095336745772784,0.0006004734257487598,0.0005913973634790182,0.0005823081281448594,0.0005732083010627775,0.0005641004052279186,0.0005549869063088408,0.0005458702135285876,0.0005367526806594469,0.0005276366068187599,0.0005185242375489452,0.0005094177655848853,0.0005003193319339516,0.0004912310264728603,0.0004821548892266492,0.0004730929109655335,0.0004640470341712444,0.00045501915406021,0.0004460111194362071,0.0004370247335998556,0.00042806175542864366,0.00041912390008747025,0.0004102128400234051,0.00040133020576149647,0.00039247758687110945,0.00038365653281857703,0.0003748685537914298,0.0003661151215226255,0.0003573976703705739,0.00034871759785914946,0.0003400762657292944,0.0003314750009622003,0.0003229150964045857,0.0003143978118487212,0.00030592437479981527,0.0002974959812434008,0.00028911379672535986,0.00028077895697720123,0.0002724925688255553,0.00026425571081745147,0.00025606943424349993,0.0002479347639905427,0.00023985269925219654,0.00023182421452361268,0.0002238502603120196,0.00021593176390410918,0.00020806963024710967,0.00020026474265932848,0.00019251796379649022,0.00018483013616332755,0.00017720208305149754,0.00016963460916485928,0.00016212850150054692,0.00015468453008793404,0.00014730344869917644,0.00013998599573028514,0.00013273289482640394,0.00012554485559235218,0.00011842257441685433,0.00011136673506939587,0.00010437800952445286,9.745705855834785e-05,9.060453245979261e-05,8.382107171200914e-05,7.710730767485074e-05,7.046386321007958e-05,6.389059797129448e-05,5.7386673972814606e-05,5.095062076065915e-05,4.4580399872984344e-05,3.8273468419447454e-05,3.2026842092136576e-05,2.5837157664909682e-05,1.970073478219092e-05,1.3613637321441274e-05,7.571734130351615e-06,1.5707594513969525e-06,-4.393627477838891e-06,-1.0325782767495184e-05,-1.6230019127760897e-05,-2.2110546893827632e-05,-2.7971415875072125e-05,-3.381645663580457e-05,-3.964922311183727e-05,-4.547293443124545e-05,-5.129041707618853e-05,-5.710404744263542e-05,-6.291569422955945e-05,-6.8726660572338e-05
20.61282292245602,16.760560674559542,15.209474343896545,14.498195447034732,10.680673803813477,7.897253047924494,7.525458362179393,7.010013846696324,4.308643337328249,6.224284812677183,6.682129238449193,0.839910903234454,-0.05143588899591123,-0.818674672168413,-3.3362369280253006,-1.8311156135079614,-0.38622768806214935,-0.8138726178546563,-1.284134131335577,0.40946849686827136,1.334329583964177,0.1825077128535213,-0.5075946728547933,0.08739799672821391,0.29996055496076224,-0.6447930133824684,0.33365896132045236,1.409045215736569,1.3648356641045893,1.691165118820777,1.863275677673073,1.943994718551835,2.504145038487991,3.514207443238206,4.223165906113081,4.6912833458783325,5.500794915231722,5.083788813369097,4.8762589394058296,5.877797316891815,4.671857786437954,2.6133779758756646,1.4840528583498553,1.1631113253565672,1.025082412953907,1.4925297088587968,2.3511758779665115,1.7182864046704935,1.1944029054332077,1.5390023717638996,1.6512711483879912,1.258337320661667,2.074023144751891,4.136125360366577,4.461749581842582,5.199592806779151,6.30700637175687,6.597664335584341,9.222276259181967,10.23456618042269,8.87557410948284,10.375047529175959,8.35238147225823,6.872160363668513,10.887212422013363,9.78298236618366,9.427335701348738,11.288600821567343,8.404380080508872,7.184345015482222,8.044697085077132,8.496363591948693,9.51273441318881,10.046568693440122,9.490016715916,9.18316477089138,11.514743219170896,10.375556698554874,6.3353637734946915,8.170953220885849,5.687677637212801,1.6904615557705256,3.9703739606179624,7.529115990986725,8.213542197664765,5.163719269153603,1.6541124866625978,3.9297066345609437,5.448132816180987,1.588774671572537,-1.0076932001220484,1.9953264929254146,5.905083108548752,5.134233519893542,3.4438837166278518,4.678757339059075,5.777205612793296,2.17812861196785,1.0092075712799442,1.9702670623021277,2.952659875998279,4.4957488602121884,3.6583667823647374,2.555437268896412,3.731082799160731,4.120905089154235,3.535017200515881,2.3512808062313297,1.3041246085970215,2.2322861568131884,0.9457553110732988,-1.702204365876014,0.15381659022955319,0.8514734993842694,1.8275427599503473,4.282838771080151,3.130700163234451,2.2125657245272805,3.518067289378223,5.016206588137948,4.328633925131044,4.995761310093485,8.331132644116337,10.88181183652705,9.033423975258415,10.467674603031128,14.42559453109834,10.811543602070742,8.300510098812083,9.267127219125314,9.597440904981568,6.27796003882645,4.4302023089869635,3.757471885368659,1.9958483737636925,1.7808250667164884,2.945709998593429,4.4267773342719465,5.777976725308463,7.376926814175704,8.334399962423504,8.83825519625293,9.912288208425025,10.845369491469341,11.754371476373763,12.535584454901937,12.00247283634917,8.979608174889677,8.735591586169676,12.083517916780465,11.698785827254596,8.903338179929051,7.720349577418119,8.694111896065124,8.04066916986585,7.991079211842475,7.60238780048121,5.763182883910304,6.304129286738544,9.535078268974303,10.393138760995043,7.423756142013644,9.615978267554851,11.1357931687362,8.678973071327846,6.0199634039265675,6.392681383482341,8.707618331979802,10.048360635260565,9.750446933404305,11.771546209311282,12.791006158337268,11.06654243930791,10.045993943668009,12.505872772614225,13.016757405556064,10.618402317409732,11.255406872821709,14.790765370692498,13.293525671881412,8.621857693328252,10.63393002261978,11.036848373438602,9.830075794511231,9.267590832442693,8.056740191454537,6.612145039635493,4.347266071431022,3.996303066165865,8.427793747344822,7.873190477904473,5.996500930345974,6.998719294539114,6.742765430234613,4.789983790280303,3.778744520435339,5.127141408553825,7.3796106380535775,9.31679393432546,10.442354745736793,11.388983909288982,12.523013795872203,11.254476809353946,10.460200976299802,11.985519057202737,12.421673411067331,8.598979905377291,9.316136954511308,13.10859748404414,9.047152843405456,7.934587700071006,7.446000269927026,5.873309264462705,6.892282748223806,5.743812710143629,4.824979414771178,6.402308353055105,8.791885080321094,10.048319902289109,7.90456697205309,4.345410492562792,3.489483973967481,4.647925374687702,4.342321522946463,4.954671379829847,7.98934896047308,5.570539796263233,6.410258209496305,8.208433004476433,5.836806309325766,8.049199509448727,7.250983699537301,6.256830927176111,9.586734780476831,10.234504139836417,10.26706704416597,10.091621505019702,9.028267339276454,8.16584114762179,7.97647940916454,8.695623450491667,9.474241144292705,8.405255060100899,4.894941312213064,4.063137186118865,4.981400669220534,3.478796666825019,5.519826597818337,5.871115556644099,5.7657797849822146,8.995345581932042,8.596089646577639,9.162942563624142,13.622926343324252,18.289963935105334,17.952098019851746,16.79061896117082,15.611143940741158,15.993458383054985,19.573681600708596,15.372452791327646,12.051583511576155,12.821772941028598,10.498150206445075,10.770721082095633,12.751731503373094,13.004842344223107,12.789575019824724,17.18905804331007,16.188152047291396,13.409167117349853,14.569138282751737,13.848050892002675,12.717881024194867,10.959624369709218,10.533718706513355,13.050014779112757,10.937332005203757,9.276038790449547,9.764727544436255,9.043640139771469,7.67409901555834,4.75563371434896,2.964616273003685,3.9199231356329847,4.58607253972923,3.990753717511325,7.441623704309791,11.36224489809831,8.842194577688701,9.13608794816821,8.932987572592197,7.410846701970058,6.1936626158869785,3.411291227843776,2.5328822655686736,4.779049959410827,5.274583091118529,1.7406444762540332,5.75868693026473,5.3057929773465276,0.5395865580134114,0.7439117853256221,1.3062504136969437,2.145089982525178,2.0380487599579737,0.8557623777589924,0.86095610763698,2.0600685146308706,2.5084882729964875,1.8639598080141013,0.5649279777087486,-1.8509804173844486,-2.401680625410336,0.388826914567062,1.5726763799655146,-2.714868207867312,-1.6349907387572102,0.5116864426333905,0.5786709475821681,0.154272582291469,-0.33927556505932444,2.3192708087501615,3.7372677642060808,2.0167610712740043,1.6558532550984637,3.7833839438354744,3.824091037556286,5.383376120493381,9.757497328063891,9.255773780785034,8.42824627967434,7.947147082984429,5.941494715518502,3.7723015362710157,5.847759485868437,7.251353096457024,6.623634186500794,5.983571818078417,5.721289176061532,3.675700350870784,1.8217051889230333,1.84404203625229,3.109028646566344,3.830211593074864,3.3996039349601688,4.713857020257592,7.604802521105057,8.50839761481734,6.186465417447721,3.6736553426469527,3.218239232294536,3.3200144398101656,2.759661785852586,4.820486270796891,2.068385392490427,0.782024721418793,4.957720988416895,5.074701002367192,1.8789757443486224,3.91159963328289,8.116642036912594,9.383362361507807,11.600958166518467,10.871089451964053,9.35083497964365,9.44025338127824,10.67447315428683,10.169920680187943,3.9299841636778865,24.20042139792963,38.40026859171144,10.26221920171838,8.199321731337477,7.553334595233878,5.720824958453022,8.342072609613183,8.64579670665671,8.541379635818657,11.30947977422261,8.526714117511233,8.044539838972469,17.836239431097965,9.941378761612896,7.973923770087367,9.636035202734774,7.834218711501421,10.042361797230342,11.46738340390516,10.99021270174228,8.488970097032052,5.86264892048132,5.679736282806061,6.333486774864014,5.846609985944838,4.930352469646095,4.561402089435433,5.127151782151941,7.109110239431516,5.489701167539124,3.2661791047971747,4.065924993683325,6.6467515789634035,9.198478034748177,7.5343359564110415,3.498683949164956,2.631863751508263,5.465366654414311,5.017439056764033,2.262625639026737,1.1257269275840827,2.1014895116177286,3.8398722700803773,6.217335336619271,4.914537679644809,3.2050941888026045,5.33570275837792,8.964437915271901,8.780745723127893,8.584728087427266,6.450167676201318,4.215006455258958,5.914573440704885,8.48080367245575,3.8006486888148174,1.4513667971921222,4.536338971808391,6.363841061278663,4.441428245740553,6.080488076759934,5.5812382281660575,5.839659925895944,6.883569775262231,4.31640635620613,1.7837828532801723,1.2687753983027505,0.7897993001829491,1.3098498190770442,2.826651140067611,2.5918946024089564,4.966341086908187,3.0510466253401773,1.8038782762823757,4.02950455102075,2.2495127257659533,-1.1483604238781027,1.8432505589914854,4.271517421920635,1.226702548442745,-1.675358374591724,0.01497148652879332,1.246979340625785,2.548870852055302,2.2769765604750773,0.9776902272183179,1.7085748195140695,0.7449666443226306,1.7072335760278747,2.5550378481111693,1.2491401561424027,-0.03235286840549634,0.8841486794634648,2.917413247695322,3.186343473164925,1.8233304705365754,0.9364120084973138,3.0717970601190245,7.788145676707927,2.305433520359088,-0.08275612720967729,3.6280972851761817,4.985483877976776,5.0780311041548885,3.9393122071876405,2.5632270711857927,3.652903701954415,4.056306274756935,2.773315103472555,5.631446815099707,2.812770981962103,4.468961105425478,6.002422827453984,5.272897768897224,7.46092773161206,3.7297810409470458,5.462024592564035,4.839236139615423,2.903954803114061,3.0598032045239734,1.6151277960076413,4.21036700890329,5.230160773192665,5.157232093914558,6.535582749966807,7.7816505279610055,5.618146975012905,1.8667208483541344,3.3570769840268895,4.705052843901171,4.86877071038964,6.586320657118222,6.3908362161487275,3.1067710616916884,2.6875455140303757,2.6731274343337645,1.7959892978281005,1.2986130780526537,0.3635440455097978,0.28587616896550117,0.7134865839572058,0.9173603075896608,0.7235359965580983,0.270247040039294,0.7695182587629006,3.089624446433504,0.23507078855448071,1.882054056197262,3.1578208016144345,-0.4986150330221335,0.41010978805172726,3.1132970306400694,4.6758807437539645,2.647474840856489,1.3139598576659637,0.6134377448411215,-2.1499618463242314,-0.9457909665051147,0.8611559463710137,-0.30679680729292613,-0.7687800913346337,-1.792591165897079,-4.058373195825993,-0.9482779665009957,0.8512005903733098,0.7411023451073788,0.30178837195308006,-1.1130038641028932,-1.9171760884100877,0.23050794554626464,0.9476096166669095,1.0456600073648588,0.5830773123237805,0.3405696607231903,0.983427642966717,0.8410043154003688,-1.1810534186591894,-0.4408926853085404,2.967206062252103,0.44585394269302014,-3.2710393939124742,-0.5575355334814276,2.8662669854204523,3.0349138157047264,4.047830694750246,2.1537350486315745,1.7732188986402662,2.1838076444446415,0.8545548287036127,2.3705416077262953,0.36451750939784233,0.4371883675183881,2.674428436466542,1.63238780581014,-0.4497392687338788,2.0262500943769055,4.519647213477015,3.483456583184079,6.818375117242908,3.153431900585474,0.6249795550553472,3.6498269301215487,2.174018652599784,3.41807408197883,3.815097809564577,5.21976390907389,3.1267607211520954,1.6176901269677728,2.4590291832946605,0.9699891601377431,1.331353347223967,2.0649693904065316,-0.2141145140028584,-1.9294856300962238,-0.26492197332504475,2.033500648235531,2.7541328773627356,4.1703715402028365,5.43653359764437,3.9585835427586744,6.177641574962081,7.880652693126308,6.150459715858801,6.083393443232012,7.282925173554645,7.490587120233499,9.752598268382599,12.393375096244426,9.043119239614953,7.118774259014231,9.34428964658889,8.335520920888825,11.792795322284178,10.452144823999788,14.183023071543971,15.788415380053493,17.453324689332135,21.117696207998392,22.236976329025424,25.39533247814859,25.96196403709314,24.769568824613657,26.0500119851431,30.92218011193927,31.188245767477156,28.500415043107523,31.04421610666941,31.412889119709916,33.16060863935468,33.43615057362831,33.90067765121262,36.91456800717526,38.955322851358915,36.71223169433745,34.64173103005851,36.54253883749675,35.10155322520359,32.894767768570205,30.28247429064527,29.902915426563027,32.42869357617917,32.42059174280769,31.506650429080764,37.02761441510279,34.08954515453172,32.511574128732946,33.205114566367456,34.58236990196974,33.7086774565945,31.398394530559244,31.541985893157403,30.670477138687033,28.16382869552865,26.69136560079653,23.40599161819125,23.60727532274518,22.573359609047657,21.01072973752275,25.00324908235325,25.840101182272974,23.043011021003963,26.455234201382495,22.761637791475664,19.65135867476431,22.779534876534626,22.34298946865522,19.01138260051016,19.428859491872004,17.497620101999928,18.76469887304836,17.91457966928533,16.466339205070653,18.578883946275596,17.589219298075022,15.110105643692918,15.896452486337694,16.306927583832135,15.441285971541447,12.475697069763214,15.527124653104124,13.169745604069703,11.40430995948418,10.11071682982265,8.892863208566155,9.067779843750486,8.453595226935931,7.791227470249851,5.925719817022127,7.2259794775537785,8.240234358636371,6.991992406182362,4.999572753799271,3.786725964802031,4.884221145517017,6.371655148597824,5.266856760151313,5.098640457243164,6.530524780097835,6.964247973918987,6.813998802732613,5.073066896640512,5.889709466063209,4.372205186770088,-0.3263070145957272,0.16954035529488465,3.7253523952091427,2.352974421336512,-2.394916103137575,-0.482304547981812,0.5891887352986487,-0.7682945057676989,-0.7836648286654508,1.1585962019556746,1.0658604828528269,2.0910076074233075,4.846267648415733,1.5851058210409974,3.383801797289266,1.6626902664222598,1.3908116340076049,4.41122957684513,3.5441804842158717,0.8489750113084256,0.8024039276440362,1.0249346756596651,-0.9125869644810791,-1.809676643231569,1.1595862696582344,3.2447853397693507,2.083199329224044,2.5541721053535866,3.3048085576373296,1.242345156076226,-0.11886526059186053,0.566767815105095,3.723876594749356,7.799432100433592,8.221545118581616,7.271963350986653,8.839123130412531,10.73492197648909,9.706681329621517,9.016308959066293,11.8003454524748,11.297686452898233,11.061923688978254,11.140361138494768,9.48008194647241,9.432953300149563,9.28058997391338,6.649637537135675,4.977592681912313,6.0244917185769395,5.922532324939482,7.8634818888601785,6.298598172743141,6.517456023737964,6.917661885696987,9.807466081977054,10.506074054715441,8.287768390302972,7.7331355561639725,6.734101522976914,9.285496761544096,8.502481879804861,6.151370121601758,7.415527103185639,5.102524368639138,5.440617534945204,2.9944264549284867,5.38728625766413,3.8913660013001845,1.9697521740064872,4.214315054503572,3.391302165943216,2.7903065573113395,2.4941643466669348,1.5543698203038048,6.467882102990018,5.445771492181791,5.369273654172048,5.122767021223808,8.510948092187846,10.02882047082619,6.143280220353063,5.005487537819022,4.959534134853072,3.2509699627695454,2.4464504339609903,3.313894063456985,5.512118779845537,6.725760051418774,6.050707678069557,5.648555132817933,4.1280388383004265,4.473108275345112,4.939105334241731,7.632048948203703,12.940184119033802,7.083237018924024,3.120654205735036,5.254795347363256,2.6141977781555283,1.7409725257286937,2.75682020003012,1.1781555923784026,0.7787479547383214,0.8988337064151892,1.8139214056364494,2.3230485734804915,1.7930015730709101,4.349080939523674,2.3281653977952033,-1.6922356585507714,-2.9165954906417255,-2.94329150490978,-2.090215690522996,-0.2642201558758188,2.461451330256864,0.635475339489119,1.8222142324458446,-0.34960812152962717,-0.8888412775032748,0.952718231126596,0.06851582478714136,0.42410986574282106,1.0165528500318715,1.6485612937811993,0.6517212403690564,-1.536241294963986,1.0632321573816625,-0.02425713631458848,0.6041502846841809,3.714046054854691,1.9164807326334312,3.5798592413804045,-0.10826085516123385,1.2553758909531325,0.8335474838259529,3.2020261867874638,3.8568112305944737,2.7809010375200955,7.445147648062402,4.9252612230669115,1.8804472726146741,2.9956066150417087,4.074444812280092,5.8910650759199825,6.978786518700986,4.756517263865248,3.189063174276498,5.056598289490353,6.298598087968514,6.893874700716083,6.929393925753402,6.255365500619689,6.644850032414411,7.49105520777897,8.430474181681973,5.684621332643019,8.990818301603099,9.088095145415878,7.366512515993804,8.127842802924363,7.926543206018664,8.879448041991054,8.036526821229813,13.013605099772121,8.598382630002675,11.811406984039365,11.07321877064578,10.055242427211056,9.730750649036509,13.114122303633508,10.257729670204071,11.15992760325679,14.198861191292735,15.90697128182046,14.20231741964983,13.913327431940274,14.006794424838745,11.938188091674533,12.965466959472792,14.881622541127399,15.442322054938757,16.33703860409139,17.02611777097553,15.00658563318359,15.237136487571092,18.56498241744464,18.466362302709513,19.351717268335392,20.748246846561983,19.710797560238575,20.35250243160823,21.078301593865945,19.397442226987494,17.454545379681065,18.17450359841058,19.03707828965446,20.80953514595626,23.225934831151903,22.380077139060916,23.26969020497222,24.459272387104306,22.94816468740987,21.78105478300796,23.61893054643582,23.333409996343903,20.766110010192904,21.827523305930526,24.940133933096547,24.169246024103643,21.31767952789778,21.176655296812783,21.83701363344568,22.163518503978025,21.348751515108745,22.87990875640378,19.7451302274755,18.964902272758422,18.738389682095487,18.606582741417867,20.06332020461457,18.642020263744485,17.898651594769035,22.047597757494316,19.719378217173926,17.704666484301754,18.978307681418187,19.498665668409387,18.932110219830918,19.382631230684126,19.67299722033772,19.729063148803334,20.065640749027466,21.65399119706592,20.529857304988468,21.55103172141895,20.098681506839455,17.122636117409797,16.733794776765706,17.02376788690424,18.102871451833664,16.582274265372916,16.588127441913116,16.808225945430593,16.480656049838785,16.089077299400515,12.246999885234743,13.12072779970913,15.177253507756859,16.155815476691487,13.68636720883552,14.905177729601974,16.473722215298267,15.982093736479442,13.606351733906763,13.191926608725737,14.694904139727953,11.24898109119988,10.64770383215648,8.945909110620505,9.12326781492277,8.092067126303164,6.198522757034084,7.702790039868717,6.183901861536128,6.381504352158231,5.654170025420058,5.991024956074909,3.4819026612715334,5.5343545649155885,3.325096781784964,4.724631494315929,3.795904400091274,2.3908927066525507,3.8934335935132935,3.2634138057852056,4.812251681658836,4.318833494701778,3.0349759454597347,3.8840956443918344,2.937222423850301,0.9197131203558797,3.2127165130351614,-1.2033145117378012,-0.508510884954319,-0.01354582401091875,2.0611834840476035,-0.5460102969232139,0.4350151247983831,-0.5981511473140699,-0.4167127778977715,1.3048732127625726,-2.458676148286145,3.509970781609468,0.7836387359965329,0.8911152321908276,1.344677699378508,0.8251215440406554,-1.5698878446221443,-2.0330293982024727,-0.5870141138253757,0.626723241890943,2.9353816434554574,2.657096282001646,3.028916850046812,2.6106771982266537,2.5369789406914265,2.336802092633036,1.4593534663267747,-1.4339716389291084,-0.543075677193599,1.377892839887238,2.0108259333665046,3.5642573322111275,2.692063581883417,3.0566657932951102,2.149006536667116,0.588354492569465,2.1915794450307544,0.26001767197874415,1.334018904058098,1.9365988615367655,2.3913407582338664,0.9634169697774837,4.191376097505383,0.5451020956322168,2.3979513996258675,2.672688349428256,2.046837787373704,4.282793673293327,2.8707940006156605,2.8886923012868806,1.441960228376729,2.3337009820233447,3.1375864658249952,2.54917555704111,3.8336068972975568,2.659400220958844,3.9593571055912093,4.787464165555434,-0.5113072733017248,0.4819882454951312,1.2310094923166162,2.963453275271945,0.8295931836662476,0.38238195381876494,2.793119407058157,3.1564451702247993,3.7753420967066518,4.184573730106422,3.9854925919614175,1.4555982462890142,3.541945522619926,2.9310605404717194,4.2174280495426615,3.5222048697060018,3.315546422529735,3.5109671523616157,2.644448213009923,2.9200612274990476,5.773322866908643,1.3605747056243445,2.532615748512285,2.1595014561780204,5.38887492659029,4.052857801533719,4.32301820538936,2.7802866502215124,2.0906151884489077,4.561129910867635,4.461206455071931,4.996590852152281,2.5095643316099654,4.176147857661704,4.115477377943307,3.4160792916161995,3.881109713247156,4.252872365013843,5.396412280201702,4.755082172277611,3.4037954943641466,4.707901015091409,2.0139635933738873,4.248503672023446,3.958769031518102,4.787679634907363,3.9637721147935565,3.552847639659376,3.0460762443057092,2.0275078572720417,4.49418648725586,3.0817210036804568,4.447906105847409,4.2370931917220105,4.483693639283786,1.0924492133497097,4.639503207906557,4.093760038164731,4.366948972767489,4.032374188364457,2.8409669883872084,4.648379342365814,3.4275114708897547,2.527041327952844,1.2446363929618656,2.2421301523847887,3.811238780726228,4.697611944097986,2.4571101091285072,3.059533702372761,3.1272555365104324,0.6755771954163663,0.9745759512163374,1.5535147994939962,1.0085511696254912,-0.09800165850523967,1.9616815790916462,2.277090934981686,4.019366045835909,0.5062375071395309,3.484863613027102,2.9294839058376283,2.2982853333300284,3.594101767111738,1.303455203453666,2.4437663270681185,3.1224215126344177,2.8641347713144683,2.978241994410837,0.2940372829064586,2.293127672381843,0.6118137725294446,3.4941535320884043,4.2112891892023185,5.502487022247806,4.298846384566502,4.543474746243504,4.140523459002566,2.0644864377983083,2.812485967712462,2.4196079945655526,2.7620331536327853,2.6279444017050935,2.180661748471664,2.3718655365302084,1.1964640398264805,3.0843475949242247,1.3654766091705994,1.1008445066734396,2.9991191355395586,1.0279556605492814,0.7980906116099504,1.7369718416146043,1.5037976119284338,2.707778217250734,2.986169456197956,1.9858093761398266,0.1436968586415901,1.2697096150079403,2.6112711185409125,0.06355557006375534,1.5230339063428175,1.9020767159920808,2.107210319111175,0.5770805965685781,2.391492276128986,2.6147318393724106,2.1647842591985125,2.26490158101808,2.5804437880603928,0.10823731186923169,0.1490023689129032,1.4322006199139992,0.35507935522622347,-1.381800069032579,1.8602035017319167,3.842547636309803,0.8956441852442367,2.196614819901839,1.1879162050926197,2.720604639480598,0.527923192586627,0.8137720105038966,2.703209023447215,0.42679134783242034,0.33507094694178363,-0.19422435530128723,0.09442558991793248,1.028915290758789,0.44545528597686257,0.07106411690520531,-0.5554263651765723,1.099307261053184,0.2768763863402057,0.5936634096636624,0.4814498722368512,0.9482196484848657,0.6789890353909982,0.5063267253509594,1.3024589356350589,-0.1666045977832198,2.219943094104849,2.480829330865589,0.6326907559692643,0.7008765333579845,0.2716030732749175,0.675639328180381,1.6761120114601624,0.722762759170422,-0.03976644754851577,0.6048978675501644,0.9063021818229515,1.241861564480331,-0.2866895478898641,0.17660984168458072,-1.01534344819936,0.6184754351523623,1.0258982713337446,1.6796133454741096,1.5190294211675166,0.8219340002966362,1.1436412883100786,0.5861725617832576,1.42272970802523,1.3678673999659026,2.233285248828679,-0.4993267313990515,0.5066025365626388,1.3938777110236913,1.0376794982664705,-0.12709626381825956,1.9810068278374047,0.9964325795738489,0.07301089113485659,1.6137094410388357,0.5365029195462228,0.6312378037884514,0.13939778531326397,1.692793946157778,2.232861072681004,0.245032500224454,0.5182005083239289,-0.5686852749410605,0.06066664563412871,1.8575915422111393,1.1103463727792757,0.13650004335787003,-0.3121898082949315,0.4867909726908124,0.10646927541878881,2.0198658367980045,0.04311051394989818,1.004150894138263,0.697418630140092,1.558450926172469,2.1300923507928076,0.8465981443499686,1.2005042790080296,1.335996117368751,0.629688406378051,1.7003222242259142,0.21068308076235098,0.9515775560394673,1.6613677510331684,0.9086997902140581,1.6825077178534116,0.7248153921376002,0.555257281810853,0.6430680028624352,0.955101744662187,1.0832736674293528,0.1561504472009858,0.04501257990956731,0.5674677553450067,1.080132753034377,1.9063372474181506,1.3075135270915155,0.6960870371840002,1.2987454822103928,0.8976574541080993,-0.6075693150404504,1.0604956930578453,1.294317392980048,0.8762608007730819,2.539183661938921,1.743719208084002,2.8208388568374687,1.3451738246011757,1.6793570598529186,1.6501937398343784,0.8943948797109726,3.178279483925593,0.8378457277355551,2.9946825940583324,0.11753169198783553,1.0677200855442663,1.5470975931079352,0.9962376811698448,0.4186943133669274,1.4439979162119982,0.8366199754229058,1.0250180383722807,0.9465454427942461,1.8257563516553716,1.2802178337559837,1.1766346537386028,-0.39611295363152976,2.0456686663448806,1.452222194865982,1.3097398155942983,1.8570228198998393,1.2496585620262977,2.3996810488939104,1.5968402269101887,2.0299641716550525,2.5088753668954666,1.3183182735778303,1.640459892288277,1.0185358173670522,1.5501485445381036,1.8605875404255983,2.226371975037381,1.611421650193705,1.9912299365815045,1.6337247361285279,1.2273812369908512,1.862728296959915,2.165160984096758,1.668612998548923,0.8018313615454815,2.4307806398566214,1.737640835206065,1.3883639840712192,1.5072530844195597,1.1205503874715816,1.1232342608124668,1.992314209972207,2.338069891829349,1.4431478599783247,1.0040471258568289,1.9292721718219354,2.3023876520429383,22.65544817058418,5.830173781202774,2.6368987577067173,1.8312921790701466,1.21280032639757,2.6525398298909977,0.8816888439799513,0.9655202590609235,1.0459403307303603,0.2525451899566633,0.27113661262572464,0.41044115405631487,2.3071157928930646,1.5422678451542993,0.9146633927290466,0.6804353066386852,1.4031771513506044,2.5204791579076016,2.2408283286559367,0.49505104402075517,1.3398622848073956,1.4478217088785925,0.7833742160873953,1.8185138473934614,0.45401416746969403,0.6805342708075273,0.32694045136992145,0.4725643281328189,1.8600065303468298,0.8459347176428267,0.6414665894809559,1.6136645849468323,1.7788067772212344,2.019259945305919,1.0641810040427302,1.9430387085836927,1.191477702535913,0.8634224644995925,2.2029218656458056,1.0811914388502828,0.8855445191576834,0.665685996091149,2.1854548869279142,0.6558565852476477,1.1287165785846014,0.9914430220415511,0.919144610925855,2.5827719213809246,1.7500466778701593,1.7995492638159476,1.4145817199111548,2.078384108798218,1.5235745560070768,2.346891462627866,1.2806855651861042,1.6749297410063377,1.5395622544813818,1.8706433338586521,2.282790029747737,1.3440760843558408,1.53712960755837,1.4464119183288133,1.8034293174257598,1.353859561308127,1.2017328872249777,1.6820478723810197,1.8900301771768682,2.269732655868779,1.6205737268838334,0.8897148067734975,0.9051917838208965,1.6484065462049102,2.4423021818685697,2.0330622755350873,3.1645126847873257,1.8621868275739075,2.8626354140347416,1.746090303540207,2.2303257938067347,1.1300207625803296,2.0171323069570803,2.1856823829548446,2.0365347858938776,1.104994468258834,1.7565892623767922,1.7216349454955093,1.6556504425677758,1.6562302357531316,2.4152221816848964,1.388863009459385,2.2340403754734552,1.5030981113249027,1.3982115970579798,0.6140620896287601,0.5486769586138394,1.1600982369149015,1.2024246500026834,1.5143590706435326,0.8589893221624187,0.7918396761796238,1.3471692885090079,1.229628318544144,1.0141365663524198,0.6943644719779094,1.1826530283479464,1.6906519358088872,0.5739850806409095,1.0788039052789067,0.9930917649739968,0.9770395486982579,0.7224485350062615,-0.4025609729372377,2.1247485653578337,0.3601215291291169,1.2572970802563113,1.0250344862085399,0.8403527001267435,1.9704519233562756,0.5307225808242606,1.2539655602028574,0.8213573979961097,1.9586091885393593,0.5240136548473515,-0.1404292479473952,0.26732905842328947,0.5476810565157848,1.2006709202925094,0.7797008469511297,0.1934318552723049,0.7628631429027486,1.2689758064806824,-0.10911871677149065,1.0172302969232305,0.9303590388239513,0.6580755528126474,1.3186762235728793,-0.41106522828596326,0.7910372310463494,-0.0350280620419916,0.7652481763450361,0.4185839814219321,1.1326352696423214,0.7094545067878357,1.3079894921540927,1.5593158685197182,1.0789470903692973,1.057738634600696,1.7165885185322622,0.22338943520281873,0.9767086496444222,1.205252564706651,0.36802648153968676,1.1447196322822037,-0.28250304920419467,0.6732321187745356,0.3031730670242041,0.20337150729409537,1.113758057783345,0.8373784362884731,0.10533591982311918,1.4015546702912616,1.3642910000125994,2.136320543736872,0.6974854501752947,0.6726757958866187,0.5834109211768919,0.961336212976164,0.6747726437941424,1.1114149837449645,1.4170050393468063,0.15022262395745933,1.2762692064145522,1.4090030856258977,0.39726778443497324,0.777492515473682,0.21534458030902037,0.5681444544069905,0.4911023011713951,0.22581204677157984,0.5190965645435313,0.7517785297656019,0.4185969629015762,0.3955516811244024,0.22998340213007396,0.7878811423771594,0.7358863992931806,-0.23346810446645527,-0.5604584051374673,1.1204393492827762,0.763960301217594,0.6925381504800612,0.07344561655622783,1.4835393950889397,1.1257128183576128,0.6087094807499511,0.7427346560742762,1.4933347056442585,1.4302171790121179,1.0709702213305814,-0.5464829678204524,0.955138080140328,1.4544086116515018,0.41240328172716545,1.3007251643934978,0.4184461645065767,1.33368484029711,-0.814490737405321,1.3066900666141237,1.4538331223544105,1.0237028224046867,1.3621887038881368,1.3089717817576325,1.5327448518613096,1.1321694130738233,1.5005931284388225,1.231906951408689,1.0173317787599103,0.989202809737435,1.8749059536206119,1.6078464223188575,0.19693068220652776,1.131711172296093,1.4463903897267318,1.8761146653047263,0.5532841753704343,1.6102865108865672,1.8685455768109591,1.9921612797929242,0.3411919539761916,1.8822116186874496,1.1029744120274358,0.8747000507823373,1.4270871644208114,0.8283467155952735,1.117873301105135,0.764233950784444,1.1938794175187013,0.16142495525434697,1.0939233663963819,0.8246535953495027,0.835835994002025,0.8628622757162239,0.8901556140021976,0.9165753410485413,0.9420569214942702,0.9666110685919307,0.9902526929225246,1.012997085243228,1.034859437286059,1.0558548394831746,1.075998278780503,1.0953046365387422,1.113788686518376,1.1314650929494974,1.1483484086830913,1.1644530734238288,1.179793412041306,1.1943836329596706,1.2082378266237583,1.2213699640399227,1.2337938953908747,1.2455233487220312,1.2565719286996568,1.2669531154372748,1.2766802633913699,1.2857666003233135,1.294225226326148,1.302069112916456,1.3093111021878485,1.3159639060270933,1.3220401053897035,1.3275521496348688,1.3325123559178564,1.3369329086387438,1.3408258589465163,1.3442031242969392,1.3470764880631236,1.34945759919799,1.3513579719468112,1.3527889856090383,1.3537618843484438,1.3542877770496489,1.354377637221205,1.3540423029427302,1.3532924768559838,1.3521387261985183,1.3505914828787695,1.3486610435912212,1.3463575699713601,1.3436910887882618,1.3406714921754883,1.3373085378975702,1.3336118496516747,1.3295909174042322,1.325255097760703,1.3206136143672893,1.3156755583445374,1.3104498887518048,1.3049454330805474,1.2991708877772794,1.2931348187937033,1.2868456621645805,1.2803117246110673,1.27354118416946,1.2665420908450642,1.2593223672889735,1.2518898094982092,1.244252087537859,1.236416746283851,1.2283912061869842,1.2201827640562328,1.2117985938615448,1.2032457475544902,1.1945311559067022,1.1856616293651996,1.1766438589236827,1.1674844170097458,1.1581897583866407,1.1487662210691951,1.1392200272531454,1.1295572842575439,1.119783985479387,1.109906011359783,1.0999291303614314,1.0898589999563342,1.079701167623739,1.069461071856665,1.0591440431782644,1.0487553051657983,1.0382999754817206,1.0277830669133436,1.0172094884178478,1.0065840461738844,0.9959114446392618,0.9851962876131779,0.9744430793036827,0.9636562253991201,0.9528400341436623,0.9419987174157427,0.9311363918099005,0.9202570797207272,0.9093647104290881,0.8984631211902752,0.8875560583231845,0.8766471783002316,0.86574004883812,0.8548381499888364,0.8439448752303065,0.8330635325564799,0.8221973455667353,0.8113494545542608,0.8005229175922182,0.789720711618827,0.7789457335198904,0.7682008012091615,0.75748865470581,0.7468119572090473,0.736173296168829,0.7255751843541702,0.7150200609166859,0.70451029245055,0.694048174047964,0.6836359303499648,0.6732757165931389,0.6629696196503119,0.6527196590668041,0.6425277880911722,0.632395894699755,0.6223258026161602,0.6123192723244415,0.6023780020759659,0.5925036288900287,0.5826977295483289,0.5729618215819983,0.563297364252378,0.5537057595246324,0.5441883530343716,0.5347464350463156,0.5253812414065919,0.5160939544867915,0.5068857041199522,0.497757568530119,0.4887105752523553,0.4797457020461593,0.4708638777998999,0.46206598342706684,0.4533528527545627,0.44472527340292345,0.43618398765698885,0.42772969332946786,0.41936304461461305,0.4110846529337664,0.40289508777192395,0.3947948775057739,0.386784510222526,0.3788644345297598,0.37103506035697364,0.36329675974707243,0.3556498676394426,0.34809468264376164,0.34063146780499665,0.3332604513582851,0.32598182747574356,0.31879575700367013,0.3117023681899127,0.30470175740265404,0.29779398983998817,0.29097910022989026,0.2842570935208073,0.27762794556355175,0.2710916037830202,0.26464798784149934,0.25829699029230824,0.25203847722360706,0.24587228889419066,0.23979824035887987,0.2338161220850452,0.2279257005604336,0.22212671889093372,0.21641889738987174,0.21080193415787107,0.2052755056535034,0.19983926725512902,0.1944928538135855,0.1892358801953833,0.18406794181788655,0.17898861517466003,0.17399745835245994,0.16909401153901626,0.1642777975225158,0.15954832218147885,0.15490507496656392,0.15034752937367557,0.14587514340814778,0.14148736004051443,0.13718360765386706,0.13296330048223126,0.1288258390414967,0.12477061055130889,0.12079698934860517,0.11690433729341976,0.11309200416587828,0.10935932805563198,0.10570563574310654,0.10213024307290652,0.09863245531886378,0.09521156754198046,0.0918668649400729,0.08859762318974163,0.08540310878066748,0.0822825793429729,0.07923528396611346,0.07626046351128934,0.07335735091623974,0.07052517149264759,0.06776314321672317,0.06507047701182955,0.06244637702508271,0.05989004089661876,0.05740066002175581,0.0549774198070736,0.05261949991927395,0.05032607452687898,0.04809631253681346,0.045929377823085815,0.04382442945041021,0.04178062189043885,0.03979710523213953,0.037873025386488735,0.03600752428440046,0.03419974006976645,0.0324488072855047,0.030753857054548916,0.029114017254869395,0.027528412688980097,0.025996165247988756,0.024516394070133174,0.023088215694201608,0.021710744207041444,0.020383091387031982,0.01910436684124761,0.017873678138471405,0.016690130937263348,0.01555282910828737,0.014460874853682526,0.013413368820010874,0.012409410208078953,0.011448096877074931,0.010528525445351988,0.009649791386380002,0.008810989120831891,0.008011212104520382,0.0072495529120146784,0.006525103316732839,0.005836954367168801,0.005184196459083523,0.004565919404683427,0.003981212497649267,0.0034291645751522992,0.0029088640758914153,0.002419399095913377,0.001959857440169799,0.0015293266715161735,0.001126894156925573,0.0007516321228990819,0.0004026016400757726,7.885633777959811e-05,-0.00022055414012811525,-0.0004965809303030255,-0.0007501729862156026,-0.0009822743447216453,-0.0011938216160842785,-0.0013857416860787453,-0.0015589496215397958,-0.0017143467703704118,-0.0018528190468032335,-0.0019752353930471145,-0.0020824464082807026,-0.0021752831367507497,-0.002254556006278108,-0.0023210539095543936,-0.0023755434189638436,-0.0024187681284502105,-0.0024514481140727185,-0.002474279506259336,-0.002487934165912975,-0.002493059458799962,-0.0024902781200353274,-0.0024801882037195355,-0.0024633631096548925,-0.0024403516835604933,-0.0024116783836802824,-0.0023778435083272598,-0.002339323480555322,-0.0022965711827964697,-0.0022500163384506777,-0.0022000659346872453,-0.0021471046832743923,-0.0020914955155149073,-0.002033580106399313,-0.0019736794246227873,-0.0019120943068173801,-0.0018491060500309686,-0.0017849770217139849,-0.001719951283064347,-0.001654255223797918,-0.001588098206354971,-0.0015216732161320579,-0.001455157516033978,-0.0013887133046068811,-0.0013224883743987448,-0.0012566167696377306,-0.0011912194415799604,-0.0011264049012993382,-0.0010622698663382835,-0.0009988999028678336,-0.0009363700604012593,-0.0008747454993454085,-0.0008140821097981643,-0.0007544271221604504,-0.0006958197073458905,-0.0006382915674976175,-0.0005818675159048325,-0.0005265660466875488,-0.00047239989294212137,-0.0004193765752802392,-0.00036749893712340054,-0.00031676567027716374,-0.00026717182799984585,-0.0002187093275551888,-0.00017136744105528123,-0.00012513327544638742,-7.999392050805909e-05,-3.5936453457452444e-05,7.052056503198401e-06,4.89845440370118e-05,8.987394289761141e-05,0.00012973318212061713,0.0001685751812487979,0.00020641284692146655,0.0002432590683838498,0.0002791267145880738,0.00031402862981622093,0.0003479776301560378,0.000380986500488234,0.0004130679907348167,0.00044423481296007594,0.0004744996376189192,0.0005038750909989176,0.0005323737519233873,0.0005600081490229059,0.0005867907575520803,0.0006127339968315937,0.0006378502276334075,0.0006621517493385909,0.0006856507975498971,0.0007083595414769661,0.000730290081946805,0.0007514544486753039,0.0007718645986187767,0.000791532413643381,0.0008104696983082249,0.0008286881779895339,0.000846199497118505,0.0008630152169644134,0.0008791468141566838,0.0008946056788090573,0.0009094031133258795,0.0009235503305262682,0.0009370584523935577,0.0009499385083699963,0.0009622014341630347,0.0009738580704947708,0.000984919161965081,0.0009953953556873785,0.0010052972003791183,0.0010146351450543989,0.0010234195382281541,0.0010316606268361284,0.0010393685554390686,0.0010465533655974468,0.0010532249951324957,0.0010593932770461834,0.0010650679390664664,0.0010702586027377947,0.0010749747831937384,0.0010792258884748662,0.0010830212191876853,0.0010863699682204242,0.0010892812200609114,0.0010917639509671062,0.0010938270281144469,0.0010954792094821642,0.0010967291438532811,0.0010975853703030225,0.0010980563183693448,0.0010981503075413457,0.0010978755477140112,0.0010972401388471553,0.0010962520707380463,0.0010949192239309014,0.0010932493690347656,0.0010912501672351027,0.0010889291702937953,0.0010862938208333617,0.0010833514524506427,0.0010801092905694532,0.001076574451928991,0.0010727539457775492,0.001068654673531455,0.0010642834294571912,0.0010596469005577092,0.0010547516675956103,0.0010496042050931464,0.001044210882241714,0.0010385779630155412,0.001032711607138026,0.0010266178703659534,0.0010203027053421465,0.001013771961936527,0.0010070313882692972,0.0010000866307677825,0.0009929432353601442,0.0009856066479301262,0.0009780822148854895,0.000970375184238037,0.000962490706058361,0.0009544338335558677,0.0009462095235335255,0.0009378226372405152,0.0009292779413385688,0.0009205801085840903,0.0009117337190787111,0.0009027432607240371,0.0008936131303585171,0.0008843476345532508,0.0008749509906351705,0.0008654273274828483,0.0008557806864928352,0.0008460150226596852,0.0008361342053149201,0.0008261420189796809,0.0008160421648994998,0.0008058382616127346,0.0007955338462011241,0.0007851323748013783,0.0007746372241967947,0.000764051692499379,0.0007533790004004004,0.0007426222924777903,0.0007317846376508896,0.000720869030715221,0.0007098783931382968,0.0006988155741964874,0.0006876833523961068,0.0006764844362123767,0.0006652214653968258,0.0006538970119436271,0.0006425135813969973,0.0006310736136470041,0.0006195794843506519,0.0006080335059550634,0.0005964379290617217,0.0005847949434496513,0.0005731066793259743,0.0005613752081785606,0.0005496025444244879,0.0005377906460353188,0.0005259414158444997,0.0005140567027410725,0.0005021383031476034,0.0004901879621570515,0.0004782073743285764,0.0004661981851654673,0.00045416199247938493,0.00044210034718616953,0.0004300147550679867,0.0004179066776259788,0.00040577753316028975,0.00039362869841852444,0.00038146150944839974,0.00036927726307567355,0.0003570772176999526,0.0003448625948863082,0.0003326345806158315,0.0003203943262519715,0.0003081429502458377,0.0002958815387614777,0.00028361114698327583,0.00027133280082125566,0.00025904749742267086,0.00024675620704783796,0.00023445987386594425,0.00022215941754666346,0.00020985573399912028,0.00019754969690666258,0.0001852421589774167,0.00017293395302431236,0.0001606258931587945,0.00014831877643928237,0.0001360133834964472,0.00012371048040904498,0.00011141081955656773,9.911514075611194e-05,8.68241730245245e-05,7.453863526052373e-05,6.225923772262831e-05,4.998668339339929e-05,3.7721058845363586e-05,2.5461955772243527e-05,1.3208592292812682e-05,9.599345389688096e-07,-1.1285181983566872e-05,-2.3527931375610933e-05,-3.576937604066188e-05,-4.801034538104432e-05
14.228869796237234,13.381097737291384,11.749266638271195,10.05938692177358,10.004295228046999,9.859255169916992,7.971703432045274,6.127186064730381,6.752788848444538,4.64348635523794,1.6434163002414266,1.3329525065027497,0.954211796790446,-0.6742120886407861,-1.7258519698016244,-0.022671492002473315,0.22239157444261082,-0.9799675038321993,-0.7378584140726616,1.553845176513164,3.0545981945781477,1.7821622961560024,-0.6594890099758572,0.5514825969779622,1.499586761676028,-1.8409574537151911,-1.9541830901125081,0.2911904472017568,1.7664533337335229,1.70623800102544,0.5737533641313917,0.3837523569343375,2.076738588364151,3.1970669473345197,4.449431470554032,5.942914302759391,6.114539038275041,5.657127016977881,5.614817326665673,5.216746048017512,1.7695938662462254,0.06786443121808361,1.5547428564649408,2.0986461823259788,1.5643902194473185,1.182574260016736,1.3636375276736885,1.1137527703782553,2.23862262902378,2.6944318108626817,-0.17924286673053302,1.4997166480818578,4.179653326173252,3.275127029461032,3.2291701022877533,4.314404405233631,5.552566466196026,6.655822069131716,8.167452165397378,8.120300029048792,6.30392198458361,5.676208505407715,5.964367061487565,7.127690736809427,8.636733005251244,8.052287106437575,7.29052261358504,6.450988421634747,4.003563507022818,5.126622294836068,7.718601065664529,7.447527872592161,5.811691227311542,8.477622304965507,10.98550892609046,7.210621071273124,8.730681235830502,9.520048156908388,5.452676866553077,4.4431708588687115,4.866704371754167,5.091126980041167,5.422764334390763,6.293185716976609,6.121081449727399,4.284430776033787,2.480426194366487,3.4605810638156527,3.4808030266784726,0.7641014299753124,0.03366837811518053,2.746033301440889,3.505430705053527,-0.614727934455459,-1.5842443816627565,0.1687116612237105,2.718793793203645,4.960296709686077,3.636941103732511,0.9239657270620683,0.7691309403555806,3.7623478908046764,4.1241428830620634,3.0287771971082975,3.6447133606656053,3.5607016845171984,4.13770891184879,4.81140846102619,3.928117867895139,3.824022351222652,4.164896580713389,3.505491894451552,1.802780893719273,1.9895659073741854,4.9110636347776335,7.846450537271494,6.63776879602915,3.740280022421757,3.6395796367013418,6.759067860871596,6.954151388917012,5.970433992821199,5.9307770499335675,6.508090168685726,7.5242691808373365,9.095948036870709,9.43497477859114,7.0984113819590675,7.957283723187629,9.149767847555268,6.749585879611459,3.6490015093979764,3.0937933769980646,3.91531104665728,4.291339320116776,5.553349131024447,4.834873972175274,3.5982431677484783,5.677733800623059,9.49673392197883,11.11687564412864,9.323667082837005,7.312771492180673,9.753117795432217,11.776402739275,10.228921704455274,8.49346791751691,8.102491785236225,9.181887689261771,10.41492224786839,9.841855790047703,7.740130220487345,6.6960853854704965,8.043802056485902,9.751271468226378,10.687485027566936,9.376279357661815,7.412657005104279,9.461077586672559,6.855555641941578,3.8829245885971204,8.286377022050715,9.940635911139907,6.902369196845939,4.150179861242577,5.4030266414793005,6.388840027655988,8.530740399257638,9.776139489072307,7.790709895564305,10.683055368490159,11.788280343379256,10.371175687455775,12.761411460209729,11.907614203544199,11.72935644884683,13.685149966430345,13.438034162266604,14.468674026937038,12.870648246282599,9.43705798505789,10.668278511577796,11.239671943420035,10.909607143834364,9.721791207572437,6.378804650143593,6.312719202378048,7.574197265819748,7.382662817771461,7.101582046866383,7.384703606596645,8.132418506702152,9.734985182515288,11.302082642845335,6.90975855190959,5.333278193717092,9.688909579270103,10.318506123742736,9.934952988262353,10.542760278667515,11.56532138464604,11.597781571296991,10.241632603437438,9.306617039231469,10.69598227205438,13.173570467744867,10.767627019418796,6.447985358303413,5.740752252925176,9.139624159044502,10.766226645846018,9.102108684958353,7.554721491700093,9.299703847741284,10.306517021467016,7.135929945042676,4.282365305137773,6.39326021154784,4.097984939581693,4.652129828347597,7.355474260280062,4.963058383069438,5.358766823702126,5.510101876921453,5.898969598468966,9.360669047764077,10.634002112297253,10.05823361068019,7.951264993437007,5.541763306830717,6.398116481685406,5.23556248058685,5.738576907558581,10.442159745412368,10.64345639919577,8.837670311771262,7.9789882366560505,8.738637059224402,9.640809175546224,6.57096319767129,4.601629527474643,5.855447773016522,5.4152011251628664,4.971948556422376,5.798535607158556,6.114401558821669,5.487862066132948,9.665210687998979,11.857706254852019,9.762629579822033,8.596181188706169,10.652014244319844,10.336390913141145,9.924773956603758,12.667905864220756,13.236450008027305,11.186444469831258,9.66511253123224,10.409336999717425,11.864373739699658,12.974684117627248,12.678380657260732,11.841431030205285,11.31191833944672,8.340451359296708,7.098047889124928,9.54161356613099,11.645204196616078,9.432801390532632,12.244242526906419,14.109000271952254,9.716824387773045,8.682389983384041,8.308542582837163,6.4697821153823725,6.217975843478371,9.581186671667865,8.99708381628966,8.87684627775161,9.222411434097012,7.665476517872094,9.160430710475453,6.388163891602062,3.8057491069350817,4.6145824938098485,1.3777541449247792,0.24069011730080092,3.847168380964831,6.937280358437647,4.590045310178766,2.8255828771387996,3.815867710013663,5.071375153503368,5.221049409002717,6.407139834831355,5.513533450797468,4.230696225838983,2.9463592025401795,0.7410630590102301,3.6991933935651105,2.566085437446759,-2.1455309284914392,-1.7213879940668448,1.934394988533768,-0.07215235519674934,-0.45647276117460933,2.0647710458672464,-1.0716977920673116,2.340130769923462,3.2973540467057774,-0.42418332227339306,-1.175223941365175,0.5733155618381716,-0.5039619930385015,-1.2073683944829554,-0.07286718004115755,-0.7169153054052231,0.585217518555055,2.569316041712682,3.921177162450249,3.6195662722183215,0.3120716125378067,-0.26204413233972446,3.688910889848671,5.040859641227826,0.06645323065640696,2.6528442160322356,5.899038175951773,6.081591693257906,6.820749725733549,9.056886017533543,8.102566013550586,7.137480717832432,6.815868664014033,5.178686421982093,5.62492210659957,7.490147787516435,7.770030186734857,5.71462980849185,4.373017610490592,6.3034802875645255,6.224826558182485,3.171599373745835,1.5674401842672978,3.5309364116621964,4.147777371882739,5.378652027788235,7.345625880584862,8.028857155332616,8.958002854247638,6.811034606347903,6.094658496413672,6.943326510153156,5.05453934021466,6.1767003052264045,6.263839659769474,4.114896708722881,4.944032298551292,10.439527957979635,9.070365404922995,7.805586348499901,9.733250145480042,11.822396817386789,12.967480451481492,9.49953842544187,11.470309945197869,13.29347174328791,8.365121280219682,10.550898144185112,9.77039616498871,9.156892199376557,9.63888917783629,8.069876908134688,9.915832027119222,10.82669032558556,10.300286993372197,9.480330161086044,9.006193433211365,10.757666946668792,11.994422750259332,9.284481426392176,6.163391654909788,7.222731460643217,6.898987920053401,7.847336352172761,10.309499237696286,11.81119485461727,11.5052156452914,11.196940761579526,11.375402989977829,12.277497766819465,12.195966558865848,9.47787089419171,7.213435143774404,7.271874430023672,7.365298661817633,7.928046024753371,10.329024280398585,9.389471940484327,9.040855976027615,6.770977868316322,4.386913096897047,6.844967421249748,7.232610712943824,5.603254541864544,5.72216278198016,6.523727164901743,5.11262693596143,4.398960609993992,3.699564471821077,6.145727491368575,7.54097947954358,5.241645042835785,8.295027037543946,7.589492248927058,7.091104386648226,9.45031360845178,9.86841164812813,7.013425134280737,7.670567208671173,8.065418964062815,8.113257991786668,9.028738518039177,8.015832805346577,7.468453619611864,5.372798081403744,5.109837955071953,6.724790073154736,5.830741850956315,6.184395753958825,5.743320363788371,6.689448878006829,7.095460990156312,4.5159082834272795,4.685517412715171,3.479822686792602,4.606572301349331,6.1000521900307945,4.033366185200066,2.417514237730586,2.916572067034167,4.386021400771483,4.310433030414231,1.3819578752389248,-1.5077906858968504,0.6636294450911464,2.5817917484927193,3.2138858491724704,3.4391799712377633,4.0111180427977615,5.465187105075529,3.37663820247883,2.055066315318811,2.9735792698365913,5.548155780516481,8.233592623860204,5.225378160225773,4.372655932471218,1.7328514316202472,0.4502427387743637,4.287882175812683,2.9642358379493317,1.7313082099695407,1.4679955700788696,-0.4825420606324542,0.7715917643918146,7.214552907546533,4.6602395857074725,4.030947731795777,2.7905072365364276,3.3270945113876564,4.922043647741248,-1.1960154531424223,-0.23195557947298084,2.0236689617181582,0.5032675855413231,-1.140779792135504,1.4875285204013267,5.43136127030391,4.242126802065513,3.908854987355312,3.668042314645845,3.306721990898552,4.817523780099407,3.16863253548388,5.991288048457022,3.4945496177793984,0.24376866769250682,3.173467415560822,5.483976159840665,6.606185184376045,6.886114839847892,6.874832423740145,4.556693119144597,2.5553641658095785,4.869207172033498,3.477998285500064,4.005434065409418,3.7672578423026835,3.137836813755314,4.707998982257834,4.9927968900326505,3.020161026470987,2.9308448680126276,2.4445505636907683,2.4795883678915516,3.20512278273344,1.6525617147200364,3.3679001521861665,2.849983260007548,2.930083844785486,1.701834047263219,0.010147453457193478,3.0733505651379005,1.5326214455610625,3.3389523037723734,1.551123281492778,0.4346402607673099,2.6618388025124204,0.20195994175912801,-0.1797045272551827,0.9707663199017134,1.738337667205542,0.21056859569608832,-1.1490664600770515,-0.30952716865238017,-0.9478001528884761,1.5724550032844036,1.3248439585324832,1.4405588841984809,0.06724079375032943,-3.423989218790439,0.6857682541859731,1.510618636923482,-0.5184687012390441,0.10500646383485446,0.4792548113871362,-1.022671681246834,-0.13111463934501444,-0.37874321021962487,-1.1075514150234085,1.8033916172269642,1.0020357789145464,-2.6666782511201177,-1.1524876286148356,-0.030255697083362065,-0.7683280427557406,1.9436365711067083,1.2775592533157578,-0.9866373726964639,0.7125243645277806,2.790200117046709,3.9594885809002562,3.0584576555308445,3.101993692087717,3.129366280796603,2.0333298091057372,0.6196632538703852,-0.9509046602151443,-1.4346679755011564,-1.6903283125693065,-0.4221846610538478,1.0250693467078804,1.2613951369129381,1.1610057422358295,1.289581354367897,2.4100371563214367,3.632089959963537,1.0347251349854787,0.32250752185404963,2.0321246602976544,2.3070450636533906,5.92815769634268,2.6045739483319608,3.4532110132569755,2.651898910233399,0.05510305524313708,-0.2335353755308347,-0.09328536766633988,0.9815351357283362,-1.3296237950864906,-0.450797295426014,-0.8855971810796746,0.030429497790464666,1.6439954349972368,-0.23904971579895573,2.8799230756783345,7.387698282469557,5.270822052513438,4.907105664119513,5.029614995467966,4.724473295356745,6.901808436575379,6.821509782356657,6.003597841689839,4.86585855469491,6.944332876366275,7.603033687222023,8.13114407178432,10.698003824975103,11.339559594617583,13.408407349359493,14.764283037174096,15.290419800350264,17.334008044982795,19.133990798515413,19.469470487803278,21.505625507162165,25.805612040288793,27.73101551680179,28.549272057243115,29.11137213795928,27.126030431151037,27.793230670537923,29.793880390908612,28.241715158275383,31.692636748715586,32.174132248900605,35.967652861394754,34.38507259673963,35.02778213238355,38.41342847289263,37.59288876263287,37.59091325775262,37.491299968783096,35.31561780536765,36.17249857840977,35.10181446373588,31.796266051172438,31.997012334426813,33.57323036781406,32.65703345907309,34.61161066018195,33.452491507415516,32.32319279854369,32.731272175540596,35.34614928243582,34.96407154481949,31.646144914213664,30.53419083987376,28.713295428706374,29.40843431232406,27.500708180697416,25.048033630610007,24.90245292674325,26.415670135615983,25.791956413579726,25.235275099637647,27.778322305160145,24.630732535958543,25.41317877977758,25.89830910035164,25.02267893220602,23.83679375675422,22.468518613688445,20.625977389490345,18.088428198399185,15.659602189712473,15.256326848416506,17.972979363068305,17.017491304795612,15.134108365396798,15.229977366952426,15.240899623991766,14.05287024054644,13.0766935875738,12.816739525275523,12.726717426496464,12.42506926912614,12.647453775960457,10.956097030804244,11.341019262873203,11.158236920226386,8.928987484790241,8.659431639073318,7.597336838701608,6.675375679216927,4.532793482755778,4.016598575792273,7.142988284646094,4.699094592570759,3.489626893521063,5.069873945526808,3.4471810424205387,2.5116444358917533,0.3463837145520188,1.638125393582925,3.3134030824340925,1.7786696603361634,2.4417204486171045,2.5978322801911418,1.4156032770036973,1.9725058129355375,2.1721534777291254,1.8359453084074175,3.825593845481194,1.295047773991655,-0.23113913482950466,-1.7933546455048486,-0.14673643154560523,-0.2599664239703543,0.40886449850199824,1.6202044077734854,0.28635680360991955,0.22584450617841867,0.2127567132604895,1.1174655590374982,2.136026750165229,1.372668488974682,0.3183069966161156,1.5323092847074804,2.3476019033481634,2.861576581438044,3.0844666099916935,2.4255223278505014,2.817278677518516,3.354532321838178,4.6420894075492924,2.544368783047503,1.9603347309574701,3.640269638841687,3.773512094713908,2.069297783497973,3.141525098704733,5.130734072617997,6.171299872587895,8.020674545469149,6.935668651845674,5.314449372108982,5.7560804098804965,7.381353452961889,4.809106488546377,8.073063240301508,8.999610525202911,8.79294197010745,9.532860653473222,8.853917309620613,7.246984961771034,6.033105425489168,6.447138151015793,3.8280069266875216,3.6889818199551883,6.23992675375041,5.802063924684717,5.426351233501805,5.904132963629877,5.081135180080423,7.2961558672175215,8.521262764963637,6.396247493000374,6.646258484898851,7.465132499449055,7.4788345370653815,7.744359125086305,7.113927093748202,7.077331741038961,4.608679618397559,5.828438874217227,5.150991990945045,3.9572430849810303,4.459119927547931,4.490772794535019,3.9326161643566593,3.2133428749441464,1.934771591669687,3.570241654665324,6.564924485976462,2.74579657054619,3.3698874477627783,5.236249087512931,6.2007568531635116,5.218742371565725,4.617790067464057,4.6181840390410684,5.5955118777786765,5.756201777793251,4.212809303337792,4.37140750945116,5.615821715438415,4.155438326901276,2.059109740593726,1.271603465069802,1.0370032092225756,2.9809538340816744,3.9541062004918786,4.348980988390338,4.317101167850353,1.7504983072502682,0.9252062288053367,2.6139016460869016,3.523312693817786,2.696593026580274,2.6779945794385185,2.7441603752188257,0.8830979150419012,1.0283100310813325,1.8120604535288294,-0.286860090645348,0.8894466103386094,2.3602402507533498,1.5708973792863503,-0.4423243437427118,0.25127228216166486,-1.4993067201346548,-2.730248223986507,-2.7626668865659667,-0.018022650040279586,-2.6476370221904517,-3.041509310888898,0.9892142918953368,0.5765024219323323,-0.43365660853874033,-0.15111560938191815,-0.5528190445264727,-0.6181512881071853,-0.31327713002207247,0.8343349450751703,0.9372036848341168,0.7380357417517871,1.038039871870751,-0.07495414882049545,1.3633176780348322,1.5344662842455818,1.9521642328670623,0.736254587804865,0.9383734306386486,3.909961456822657,3.3981501859425407,1.7219396430722327,4.330456466595649,3.230566380515313,3.3031581132880774,3.079693800782934,1.2635102485534162,1.525168075276781,2.5626325584360075,3.355271410887667,5.174627382193876,3.4794377106082948,2.921188140359277,5.193814018903481,4.809304600797191,5.315995056762574,5.1203133383097565,7.0795535645683,6.67298810240203,9.267644958375513,7.816488971754779,8.001793137072525,5.215210770728106,7.218084330347892,8.68911415047478,5.599877041108641,7.439343962869657,7.316144740218192,10.82053687164904,11.95369631349547,10.081910244724952,11.823661914560091,10.631570526922815,10.527162794775677,12.20658594995507,10.771259609081028,13.6946419630371,13.143213807221457,14.103706032411822,12.243542795142787,12.484938101343857,13.148511715012035,11.757061106728884,12.514046494724596,11.96280118910164,13.135213156760699,14.010923074572702,14.479390862527794,15.98497616257066,16.03075298901956,16.643292292851243,17.967693695404876,16.502235085330824,16.852828052557015,18.775223845381674,18.072047026820258,17.94298449134982,15.17777869929023,14.666145902599908,16.90415459522535,18.7163935330139,20.03798444936649,20.955811122060197,20.791588088745584,20.25856831883584,23.74877467524169,22.911002897360788,21.276462121197596,20.32930108618757,20.56501894318268,22.564897722213686,21.050262562825708,20.28986066447976,20.370949084501717,22.52296424771538,21.80486935044354,20.27504550272795,20.245594778655118,21.971762976759692,21.34136223039218,22.856094077289242,22.46153609487942,18.73027773513809,17.974835403105885,21.305910886654885,19.295263746486285,18.533022994741486,18.394349893722904,16.860666059461778,16.5007020595703,16.28617139473448,16.08215749760143,17.604938461263544,18.191854003019444,19.492558974205167,18.156645371815216,18.566308224056684,16.05973439581618,16.07020166878675,18.338023572203724,19.644588688438603,18.934339185982196,16.327710141913485,16.079503636361835,19.99206650340443,17.22168684026184,16.403410510572883,16.776102456589115,16.91434985717399,15.621772637408924,15.909478044612285,14.273404527596995,13.130143241103099,15.715284156670918,17.022228432826466,14.64056706281724,15.454994318136642,12.945417849971363,10.154671010102504,14.644201578425566,13.734092793978391,11.42393082590985,13.141462091053256,8.987283426348938,7.7439056377940005,7.346365488126082,7.461327383660887,6.845756509749492,6.967921016547848,11.296851309089163,12.824953560458539,14.264939210540206,4.2295428307854195,2.886337654042393,3.251132574189171,3.9091331691263917,3.385486097891487,4.252975568061572,3.2826886713214662,3.8369596326521673,3.861465854625237,2.5688521295536475,4.992044846025749,3.933776043947887,3.0516356624592618,4.1320584621653325,0.40782899616419854,-1.4570857343238117,2.5769221002794893,-0.06307407342410443,-0.9227794068373214,-2.5775615128671916,-0.3686480095295792,-1.6310459286219157,0.9822481836109773,-1.0756364525802269,-0.13617764876340743,1.4409591901067529,0.42495522207815384,-0.3243713318659047,2.3316063005122487,0.30684769257015887,1.5054855243485576,0.431933206922281,0.9688998992548932,1.6237590237573727,-0.023118047174250478,2.0860568886678266,3.375496822906541,3.1459404174658516,1.678350606094682,1.4548008477916028,0.16604363293924962,0.26445850370561175,3.1885089700290905,0.48322589821515294,1.9003659099365677,0.5847519847940248,3.1479732697732175,2.454975786978366,1.6363302437164862,1.9480648654688366,1.9841593742399368,1.07363968394651,0.5749809729801427,1.8809295526023675,0.37825023126481483,1.7619962035442995,0.5511952355680023,1.9995550930445347,1.8103379299225253,0.5063857783196681,1.1247921983047888,0.6378161045813044,1.4830330718343703,0.47945781995193215,2.315947449815468,1.8529746149466462,0.8912125429364153,1.3961749743205019,1.6955429189118263,3.4663929988587654,3.3464034733962933,3.3019113127371043,3.1351296172973093,2.558503701247247,-0.26842365643540234,-1.093885811529617,2.3115934467595594,1.6446489858450377,2.368639074792867,0.05507611507925958,2.3776451228789313,0.9923003959684991,0.21710536935998448,2.5224060936791375,2.733315443544228,3.2034799768798337,0.7940227849197186,2.1535269656978357,1.375552344486664,3.9921808700731845,0.47429135075935847,2.3422006721916944,2.381743861063967,1.4301625702015315,2.6810214564428634,0.9253429193523175,4.198137127501411,2.8193873014587894,3.2118136687370225,3.215860784285127,2.7192140928082438,4.349152223284619,4.433667644099444,3.4715745322772023,3.3820357425693146,2.1422429573746626,1.5207693568258946,1.7651460367141283,-0.8686426901057018,3.0749264972769765,2.8964630339838493,2.362884641393947,3.41769871706029,3.5899989700989465,3.592472517856237,3.090107144069094,6.20277003396933,3.3902328489344313,3.9199906290882325,3.7101728411562647,2.7611839504900786,2.773501293611389,1.2405401633454005,1.1302181386437553,3.762228797450973,2.989758646681935,1.8885432555051693,3.495881004464934,2.649622453415219,0.3821978907469088,2.5730527207479383,3.2818691258928254,3.422836477639777,1.2251767782445597,3.876470452327652,2.2669192619526655,1.3091550014584072,2.2773815041164482,3.006715558220492,1.2529127624119383,2.3596495572387255,0.40834945034032444,3.0426152788209606,3.373655429770139,2.164792854180007,2.792982367825573,-0.1495199163256018,0.16043783148975876,2.272540903703714,-0.3686584799357888,1.9705304670101782,2.6193069414418915,3.1998234344173397,3.242847287368562,2.3346112199874938,1.7977062702594253,3.785426978060002,3.4340083773224706,3.3310095863279514,3.0482423096442517,0.4772048083866025,0.33213368630703144,-0.04877209821933093,2.3730342803600024,3.0710213950897582,2.5548209117892497,1.2466313278476662,2.7913681703282975,3.5467764314749957,3.5135604191214327,3.828868178220489,3.0125378320564664,1.4223587811832203,2.593915535056965,2.3259302782809073,1.2934982270822957,1.656928598493721,0.45835115890895395,2.798077271724253,2.877111003524135,1.8245719858120992,1.8279444305443917,2.681218714876593,1.9862768788727863,3.8856348497486124,2.2180058658577764,2.641865960584113,1.5645007599640053,0.5657725301443008,-0.5701414336315054,2.434130687380957,0.8384034901154394,-0.17677808108720683,1.9070672356407385,0.7928249180904743,1.6100465131119392,1.6049827070225433,2.178302970447703,0.9635104758189925,0.3384319082067009,2.4027108729314364,1.271844823306452,1.0017454010850884,2.2369319089217186,2.2264767719528322,0.8220828068558319,1.753016084222935,1.52602367153969,1.9282479688026513,2.823842331804144,2.1162970817150324,2.1882434926735073,2.4831646779690573,1.5354248797231946,0.03319668549087851,2.7768504052612286,0.3238822001956976,3.0121376852160893,1.456287394027754,2.2135369595130214,1.372181651640119,1.7883387846487295,0.6701000228648155,0.5943770422103682,1.5694397889996026,2.020626631554279,0.562133813478809,2.15254061606106,0.07814690646529243,1.2512288991017044,0.5758612014447664,0.29746503656852497,1.7744834205470426,0.45065597056708384,-0.0029982105467780684,1.5433335751009736,0.9539306078226275,2.283417777757137,0.6766679875607053,1.0050553763913967,0.313827917107659,2.1159077374335453,-0.675331406133381,1.4972447124658288,0.23326510321565763,-0.3522910318270931,-1.0024614817055522,0.5167244571010059,0.85856656531422,-1.315914480751161,1.5868046559450306,1.351185938140901,1.3169813920621323,1.1842944713156385,0.8196942570876615,1.9166311208263949,1.3864966361903726,0.6343497877141147,1.5327329417904139,1.8373823711036152,1.8843564606897303,1.4378750329402123,2.196277900033536,1.6213934998918376,0.9756710835244462,0.798270250054955,0.5856030034814665,1.3937355038146961,0.5551544457669024,1.931902659090781,0.8840469048399342,0.604409793358144,1.7286162757837076,0.7048522779702182,1.1012910407025913,1.823813253811693,0.9941350682883581,0.27240934239061687,1.734712907228527,-0.046043632059109996,1.220381088812232,0.8602854085136471,-0.1812656716537333,1.4668639305746467,0.5115588571305807,1.6387914328489046,0.47726006666266585,1.3555378815552217,1.1309302525886835,2.4370104246424944,2.4183531164171086,1.970539882990039,0.8549052114317703,2.0685622003524315,2.1572688824028603,1.440655458865848,2.3424931506486644,2.3894125316635098,1.8553431359091235,1.5090415289508599,0.41922899560483984,1.5026415013261385,0.6642351844905647,0.3940414116277111,1.070420035089711,1.079856173000337,1.62910156007419,0.9249001936457262,0.811950620053409,1.039019286309582,0.9581821895790767,0.020750757792853847,0.794476142399617,1.3051401934566513,1.5239134755188672,0.11100756032249137,1.6406658496341038,1.0150888874398447,0.509890139596763,1.1902947868592264,0.781646062019945,1.5694372253265385,2.2749524744869802,0.5374293414764253,1.5647010170053477,2.5023218904825626,0.6870235630110244,1.048333711144977,1.3641228382441852,1.4300836084600235,0.4932787887893255,0.7414906077128052,1.0645581291489066,0.8654047544881109,1.4589105657745733,2.4898963544102912,0.13526818460756118,1.1552753774482056,1.1701297038661806,1.252767276054783,1.2083399705420277,1.333195217290239,0.030957241931567125,0.5708812402943906,0.9898119742031284,1.2172447526420171,0.5484966239930884,0.9382434931851833,0.3318800518503622,0.8105201971127656,1.1311467809454143,0.8595804648944636,2.06049357351435,1.073330989444372,0.9559707694014321,1.394724090308415,0.3393908030223258,0.9761521496893621,1.4824956434482388,2.3541269310235293,0.0012031100116018933,1.4183689576352378,0.59630578053779,1.439181224238638,0.5210504173513257,1.6437439183015385,0.5545573213005923,1.0658609768396445,1.4916922026591806,1.5184369953140617,0.21992092997314217,0.6548060083307234,0.5094283128722168,1.1909147236396223,1.0168725689994744,1.6447337347406688,0.6020967835291557,0.5056142212234533,0.6502908494296378,2.0965237226589934,1.0079622412824278,-0.33275255217481003,0.23717012532475223,1.4032408732859665,1.352072715006365,1.0689655146604693,0.5148507150829289,1.7833462672020062,1.1511869833027433,0.8571474448452818,1.2008427248605074,1.331047051387209,0.9628148973701229,0.40294407188756765,1.1801980775312302,1.1761540973014064,0.07441403748718045,2.11716580736757,0.6856506535066273,-0.13961823348645908,2.140039382690162,0.9993869687034476,0.5936496607612298,0.2350120288241726,0.9117030475991328,1.9787920308406015,0.6297919572362503,-0.1673474417217733,2.233855149207841,0.018201336039226135,1.460095925473297,0.23958337082834902,2.364409548016255,1.29108511001602,0.8193593039318401,0.9586484535698219,0.7970736347846525,1.3562580248317246,1.5941688679874915,1.3756679567405854,1.1828540152271785,0.4251060560419262,1.3215029857009029,0.6320401110805847,1.6709576020242594,1.6688659570168625,1.6798236886000382,1.2884601263153925,0.8605209173180413,0.5210556265479909,1.5775516296217234,2.0250229529310033,1.8789950923096512,1.954695031762924,1.6343852424453402,1.3490989045829735,1.3080672771508262,1.0512290342628923,0.5853176868778291,1.2829666805045576,1.0662993770956426,2.271087615653613,2.6064189397080497,2.2488241318664564,1.1981560102368576,1.4151550769803407,1.3114303210097695,1.619696546753861,1.5195087137530585,1.4924731637678406,1.7274123494249274,2.010902098884145,1.2501159069195218,1.9677170269314708,1.8126503255901127,2.068994216080057,0.956722850120741,2.3050249552468927,1.6381727814851423,1.5544682708446942,2.750159368509742,1.4625705243738594,2.352096820907292,1.5925819095333829,1.0820513353719718,1.4432790957348232,1.71478195387391,1.9070060788842227,1.6409531171862852,0.604185269739073,0.7866384595148155,0.6211940294136866,1.110504056660293,1.7302487393431853,1.2483521220201759,0.14072681523794017,1.119493266743941,1.208364012263786,0.913389427233966,1.2776032562447561,1.2490474685874347,-0.20529040023725642,2.3598790623196955,1.0797410237164833,0.8582391892271062,1.6646209586414784,0.37719698515903133,1.1837164609614206,0.6684815800613002,0.6552830197842923,0.6633135359936659,0.7440820269099255,0.8291804085288561,0.9765566473157037,0.7359074366323171,0.5197452291182856,1.1620492312150077,1.2553549633561012,-0.17060353131387274,0.583667415180372,0.3027194647206386,0.5966810030487828,1.6840769157858233,0.060949347610378624,0.8789665717904711,0.5467167163388922,0.5833682657078612,0.4726320385938152,0.10308119922586911,1.1399917454293984,0.631654343676729,1.0594497564018504,0.6405928045774942,0.4161145026697568,1.8516063479605975,0.5724917968529422,1.5289631406697008,1.0185284017536844,0.7915581891144825,0.38323212245754235,0.848445051475494,1.2750250227061581,0.4718683801061143,0.7248992331956856,1.3184366104337073,0.7767830264438089,0.542272556510909,0.6293112273551174,-0.08459970502229908,1.1346407601881197,1.7976284875167892,1.7858088374050567,-0.12707907941495478,1.018522341388234,-0.19556889775631525,1.3743080221242963,0.7542716819406223,1.246279377101077,1.0483826497915043,0.03304278390288573,0.9439310567543657,0.7172741699120593,0.5545794541206703,1.472239307863049,1.480879205572478,0.8965043420120917,0.39583944464331466,1.0702533926101978,-0.1680822859287332,0.7400565950524083,1.131368381626741,0.05315219882803035,0.8523715559285545,0.06131081107233172,0.04014081858704799,0.7212770708345033,0.031122139597329124,-0.3814721727960375,0.19010426416926407,0.34129649619353764,-0.20960480031408224,0.652832473529628,0.1125897405358387,0.33045595253170745,-0.1936028182616667,0.020512523971859764,-0.260872643049197,0.6725892349922162,0.5203144190147668,-0.48237458247214615,0.835652868772117,0.3298278407933708,0.7654695855891873,1.0280702996217297,1.034331094810824,0.7846140596760165,0.010195772046586171,0.5305962157873996,0.8408562706553386,0.7793099533501504,0.8311756378615218,1.0478928574310373,1.20104438035861,0.3193296647413897,0.3042479219238885,0.6376062918280061,1.0724711918120402,0.5070243509925945,0.7453607442051862,0.5052548953449616,1.4932507850208765,0.6848032281736778,1.4258130955578565,1.045098021418056,0.8365271484183561,0.653930833682864,0.3290317495172417,-0.014547339237452661,0.7246328810827265,0.8347489287073406,0.5279069407170871,1.4113650626978256,0.41517630169019526,1.2076309045797027,1.4140217165048625,1.1415392928041683,0.9286146060383942,-0.08988403116222798,0.7595587758064255,1.7370095471485456,1.629051641480003,-0.2879556217933157,0.6406261229662391,1.1040970010009232,0.976794209568169,0.987279040532627,1.0070822963865567,1.0268080718549877,1.0457721758349976,1.0639416741011019,1.0813269200318132,1.0979419753086574,1.1138007934804648,1.1289172183016944,1.1433049821467307,1.1569777044984164,1.1699488905088629,1.1822319296322803,1.1938400943280953,1.2047865388323657,1.2150842979972083,1.2247462861960798,1.2337852962937745,1.242213998680512,1.2500449403678715,1.257290544146258,1.2639631078013736,1.2700748033897469,1.2756376765717619,1.2806636460002494,1.285164502764303,1.289151909886698,1.2926374018736624,1.295632384316292,1.298148133542071,1.3001957963150232,1.3017863895844357,1.3029308002799382,1.3036397851523702,1.30392397065944,1.3037938528949269,1.3032597975603721,1.3023320399778413,1.3010206851433566,1.299335707819722,1.2972869526677755,1.2948841344147013,1.2921368380590934,1.2890545191110903,1.2856465038670422,1.2819219897177447,1.2778900454893858,1.273559611815756,1.2689395015414675,1.2640384001553855,1.2588648662523667,1.2534273320233638,1.2477341037728138,1.2417933624624027,1.235613164280295,1.2292014412350625,1.2225660017741973,1.2157145314249647,1.2086545934576804,1.201393629571271,1.193938960598956,1.186297787234821,1.1784771907792049,1.1704841339025052,1.1623254614274288,1.1540079011282671,1.1455380645466278,1.1369224478233662,1.1281674325453537,1.1192792866074512,1.1102641650877558,1.1011281111366031,1.09187705687782,1.0825168243224823,1.0730531262939564,1.0634915673638545,1.0538376447983921,1.0440967495144946,1.0342741670451971,1.0243750785137138,1.0144045616158053,1.0043675916095367,0.9942690423126521,0.9841136871060314,0.9739061999438547,0.9636511563687122,0.9533530345327961,0.9430162162231568,0.932644987891365,0.9222435416876067,0.9118159764974791,0.9013662989822819,0.890898424621696,0.8804161787587077,0.869923297646551,0.8594234294967862,0.8489201355285729,0.8384168910186247,0.8279170863517606,0.8174240280710023,0.8069409399277845,0.7964709639309433,0.7860171613952787,0.7755825139886952,0.7651699247772683,0.7547822192689466,0.7444221464546388,0.7340923798471124,0.7237955185167664,0.7135340881247316,0.7033105419525896,0.6931272619282538,0.68298655964864,0.672890677397902,0.6628417891615754,0.652842001636003,0.6428933552334115,0.6329978250817021,0.6231573220195799,0.6133736935858565,0.6036487250036657,0.5939841401587955,0.5843816025720514,0.574842716366021,0.565369027225131,0.5559620233493661,0.5466231364019052,0.5373537424496249,0.5281551628971215,0.5190286654137992,0.5099754648532553,0.5009967241661855,0.49209355530572907,0.48326702012528244,0.4745181312687805,0.4658478530533898,0.45725710234438566,0.4487467494222983,0.44031761884201615,0.43197049028358947,0.4237060993952184,0.41552513862811224,0.4074282580628221,0.39941606622738846,0.39148913090704696,0.38364797994555033,0.37589310203759396,0.36822494751322665,0.36064392911291066,0.353150422754851,0.34574476829268974,0.3384272702650435,0.33119819863588873,0.32405778952642095,0.31700624593801763,0.31004373846613476,0.3031704060056768,0.2963863564467317,0.2896916673626606,0.28308638668789854,0.27657053338788273,0.27014409811926043,0.26380704388154186,0.2575593066598003,0.25140079605836263,0.2453313959257457,0.2393509649700718,0.2334593373662699,0.22765632335418218,0.22194170982760397,0.21631526091471187,0.21077671854942537,0.20532580303421355,0.19996221359394895,0.19468562892078012,0.18949570771059143,0.18439208919073735,0.179374393638966,0.17444222289375944,0.16959516085614723,0.1648327739827664,0.16015461177121892,0.15556020723559527,0.15104907737458007,0.1466207236306616,0.14227463234146853,0.13801027518235287,0.13382710960129884,0.12972457924522018,0.12570211437855505,0.12175913229327762,0.11789503771123577,0.1141092231784171,0.1104010694512283,0.10676994587515765,0.10321521075556461,0.09973621172093772,0.09633228607799538,0.09300276115985184,0.08974695466616822,0.08656417499653912,0.08345372157569386,0.08041488517204698,0.07744694820866016,0.07454918506704189,0.07172086238389852,0.0689612393411494,0.0662695679485239,0.06364509331962154,0.061087053941037084,0.05859468193503403,0.05616720331508418,0.053803838234983914,0.05150380123200193,0.04926630146280786,0.04709054293360282,0.0449757247239404,0.04292104120446538,0.0409256822482007,0.03898883343600801,0.037109676256193325,0.03528738829777467,0.03352114343897483,0.031810112029205584,0.030153461065623333,0.0285503543643415,0.026999952726100673,0.025501414096481767,0.024053893721145414,0.02265654429564279,0.021308516110167375,0.020008957189162402,0.018757013426181857,0.017551828713891382,0.016392545069237485,0.015278302754097695,0.014208240390928495,0.013181495074320537,0.012197202478205327,0.011254496958201798,0.010352511650211227,0.009490378564834145,0.008667228677353478,0.00788219201405127,0.007134397734461118,0.006422974209925769,0.005747049098260959,0.005105749414866523,0.004498201600512175,0.003923531585257933,0.0033808648493049986,0.0028693264804644514,0.002388041228300608,0.0019361335555458936,0.0015127276862472172,0.0011169286763390573,0.0007478266060729766,0.0004045004979218447,8.602197107165921e-05,-0.0002085413598820196,-0.00048012273205699785,-0.0007296533181317955,-0.0009580595375098255,-0.001166260585762302,-0.0013551661734254594,-0.0015256744652560883,-0.001678670209713573,-0.0018150230511082555,-0.0019355860148948523,-0.0020411941577265225,-0.002132663373970445,-0.0022107893501015496,-0.002276346659328965,-0.0023300879877012903,-0.002372743485864248,-0.0024050202365799578,-0.002427601832437176,-0.002441148056362863,-0.0024462946580285916,-0.002443653219557973,-0.002433811104879169,-0.002417331485645491,-0.0023947534390345027,-0.0023665921105759935,-0.002333338937631879,-0.002295461928468967,-0.0022534059910412907,-0.0022075933084693133,-0.002158423755020067,-0.0021062753498313214,-0.0020515047436617806,-0.0019944477351145906,-0.0019354198128382905,-0.001874716720806191,-0.001812615042069865,-0.0017493728001625186,-0.0016852300737184578,-0.001620409622603347,-0.001555117522798355,-0.0014895438085602564,-0.0014238631182763584,-0.001358235344099512,-0.001292806281810499,-0.0012277082803962003,-0.0011630608902066797,-0.0010989715071616502,-0.0010355360127221047,-0.0009728394086039316,-0.0009109564447271623,-0.0008499522397471537,-0.0007898828939687519,-0.0007307960932223523,-0.0006727317032471092,-0.0006157223550076196,-0.0005597940191819362,-0.0005049665708440898,-0.00045125434326109826,-0.0003986666702360253,-0.00034720841819080306,-0.0002968805066814184,-0.00024768041788547634,-0.00019960269457897084,-0.0001526394275401799,-0.00010678073155645507,-6.201520997706211e-05,-1.8330409290001626e-05,2.428673806775805e-05,6.584930136455114e-05,0.00010637034742444484,0.0001458629365345132,0.0001843401182384241,0.00022181492767003874,0.00025830038140384204,0.00029380947376012045,0.000328355173081718,0.0003619504182950095,0.0003946081154992953,0.0004263411344140877,0.00045716230525272294,0.00048708441568123817,0.0005161202075214533,0.0005442823740793301,0.0005715835568480543,0.0005980363429785029,0.0006236532623802304,0.000648446785305623,0.00067242931970668,0.0006956132086770594,0.0007180107277804382,0.0007396340832599435,0.0007604954093665128,0.0007806067663693739,0.0007999801384812599,0.0008186274318973119,0.0008365604729192455,0.0008537910057953013,0.0008703306911854725,0.0008861911043140935,0.0009013837331224295,0.0009159199769328552,0.0009298111448572399,0.0009430684544042833,0.000955703029973165,0.0009677259017735196,0.0009791480045748813,0.0009899801761719118,0.0010002331566170142,0.0010099175868845123,0.0010190440079327345,0.0010276228597945192,0.0010356644802982373,0.0010431791046983108,0.001050176864595187,0.0010566677873953267,0.0010626617952880224,0.0010681687048474942,0.0010731982265212991,0.0010777599636924151,0.0010818634123950233,0.0010855179610018695,0.0010887328894853,0.0010915173693319957,0.0010938804628040089,0.001095831123222979,0.0010973781945438077,0.0010985304111272853,0.0010992963976264036,0.001099684668787404,0.0010997036294781992,0.0010993615745178431,0.0010986666887902174,0.0010976270471587668,0.0010962506146654505,0.0010945452466444294,0.0010925186887504879,0.001090178577385359,0.0010875324397261465,0.0010845876940095422,0.001081351649673934,0.001077831507643623,0.0010740343609256797,0.001069967194439414,0.0010656368856984955,0.0010610502054362314,0.00105621381749188,0.001051134279720145,0.0010458180441901277,0.0010402714578106043,0.0010345007628700387,0.0010285120976334383,0.001022311496740258,0.0010159048919149427,0.0010092981126774703,0.0010024968867980988,0.000995506841235283,0.0009883335027609519,0.000980982298528943,0.0009734585568992316,0.0009657675080063655,0.0009579142847826461,0.0009499039236402496,0.0009417413652101914,0.0009334314552802425,0.0009249789453917856,0.0009163884938061528,0.0009076646661867471,0.0008988119364516933,0.0008898346875412244,0.0008807372126682367,0.000871523715886724,0.0008621983133139111,0.0008527650336702663,0.0008432278197290088,0.0008335905287424339,0.0008238569336072032,0.0008140307238022615,0.000804115506269909,0.0007941148066663573,0.0007840320699870063,0.0007738706620159519,0.0007636338700081069,0.0007533249036839607,0.0007429468964801345,0.0007325029061178157,0.0007219959160806866,0.0007114288364959975,0.0007008045053567002,0.0006901256893172558,0.0006793950849157682,0.000668615319654009,0.0006577889533332382,0.0006469184786510596,0.0006360063225372414,0.0006250548475463802,0.000614066352483178,0.0006030430735393111,0.0005919871852313463,0.0005809008019070916,0.0005697859785698256,0.000558644712214118,0.0005474789428490112,0.0005362905547769969,0.0005250813774466678,0.0005138531866464291,0.0005026077054708367,0.0004913466058269478,0.0004800715092585506,0.00046878398831040613,0.0004574855673240563,0.00044617772400101785,0.0004348618898859513,0.00042353945210038546,0.00041221175405325994,0.0004008800969472759,0.00038954574068839065,0.00037820990527848153,0.0003668737714974668,0.00035553848235281293,0.00034420514433008975,0.0003328748280750915,0.00032154856992860914,0.00031022737277908163,0.00029891220725630774,0.0002876040131525315,0.0002763037005024671,0.00026501215037910697,0.0002537302161726984,0.00024245872486972075,0.00023119847784869307,0.00021995025218757291,0.00020871480194273317,0.00019749285911530023,0.00018628513473117891,0.00017509232017687282,0.00016391508791002707,0.00015275409302262233,0.00014160997395151753,0.00013048335424059587,0.00011937484299551215,0.00010828503636162168,9.721451840505324e-05,8.616386264748144e-05,7.513363243560889e-05,6.41243826464688e-05,5.313592410516321e-05,4.216743292317915e-05,3.1217559154583796e-05,2.0284535395376224e-05,9.366285269152286e-06,-1.539468485134421e-06,-1.243509581172475e-05,-2.3322951307136464e-05,-3.420526658715062e-05,-4.5084042426424276e-05,-5.596094086968151e-05,-6.683717762712149e-05
15.167544088431214,13.239538230590824,11.92392709623033,11.452794026282277,11.124749489598912,11.474883522643609,9.058457168545715,5.821446875680522,6.725086975640011,5.586385143652933,3.6820651793140087,4.092286602876641,2.83663117380911,0.035479802898350954,-1.427206560466459,0.0598279514308615,-0.94582708427032,-2.7315222819604514,-1.4698222810135917,-0.2395757138897352,-0.23088375165178832,0.5744677947180321,3.803185390221074,2.0715689482714197,-0.13890865819183773,2.4549220139574572,-0.06210195719319245,-1.8130905163923785,0.3643694673585287,0.6367984301227807,2.1127638906672246,3.2126619173604354,2.112564636825823,4.3152650458266635,5.524086935729599,4.792878568718152,6.949169295192405,7.062675486264425,5.078601099379455,3.7717087118869017,2.5409364186667744,2.294712904225321,3.0616448216311483,3.3391496296380865,2.4234115706789794,1.3408696802250688,1.4489869213282986,2.6819778319379566,3.30697306487059,2.332863258650889,1.0455467777471767,2.889033325606988,4.576924786279164,3.560280030300305,3.5590173337955093,3.7946720485023775,5.305429560882089,8.44664406738184,6.619293013202309,6.436633272317522,10.63228238489728,10.314399483776015,7.000932677622814,5.456960391322809,7.3242998516212765,8.126847817692294,8.356090648311238,7.753483371990853,5.340814654290284,7.271891428389665,9.43095832580957,7.074726291897036,5.375371637496926,6.591282124185,8.834238530687003,9.424913798866555,9.737538336772445,8.811167049414962,6.394662217660368,4.704200915085778,4.912716167599456,5.168421292408198,3.9343179338062555,3.436834953621144,4.433132021419965,4.290872613477404,1.300723913145589,1.921474012579779,2.6436796726909506,0.42750195443045413,-0.11525649991529008,2.3160802002054197,3.585970824664969,0.8386285503995623,-0.9305680327672121,0.43553326276600046,2.767067470036352,2.763066062902851,1.7649552580488717,1.4376473239760799,2.336709870268919,3.593149815871982,3.4618141780902647,1.675058159835487,0.23955912760368392,1.8905709405413518,2.950993918214067,1.8612513844900604,1.2894885361064894,3.9570730399257172,5.360854611595471,3.8636493679315436,3.2173414931795037,2.463182461001338,2.5263650737155103,4.529225442010329,6.695387265733075,4.940002112122784,4.031553398410097,7.609739868137808,6.428517674193586,4.726461349116562,5.982806403687505,7.661407016665976,6.8740049521254605,4.886271872060092,5.1486932041892715,9.030394024323755,10.806077506686051,8.312884887303312,5.7881638411261065,8.344444317285365,5.788225412657425,2.9890547060820154,5.573315135074836,2.2688297679341076,2.31599435781402,5.706730309892578,5.035131649310642,5.018277670379575,7.0568409138981,8.134684336805435,6.447767358326132,8.009065185778468,8.37372767467241,7.080363352268364,9.673805494390422,8.694858348515027,6.6192617181745845,7.608057271790926,8.87544763695405,7.346450110135152,6.055944381510926,7.652578937863154,8.851224804909975,8.265311813424091,9.083769397337505,11.451763957019352,8.471370164149334,6.821626877262133,7.538993982755642,7.21937892705273,8.06910100033258,7.075484630212145,4.643944257710132,4.151512268642023,5.132630252396666,6.653660769930184,7.0807705564367325,6.361302439556425,8.580415921664894,10.388760591663868,10.735325024163444,11.833867262710669,10.282360585912784,7.59900413977266,7.565789987369158,10.80717769359967,11.327630949594777,9.65572125248616,8.257274826018033,7.939425522110923,9.6621994333658,9.87262137015864,7.613723477427357,6.246652147222903,5.074691682098091,4.3466824005665785,4.509156984765582,5.106059791540019,5.832701914318363,8.823847060923981,10.965662164502646,6.7632707953474664,6.098199235778452,5.987715279289432,5.294178882991446,9.25787909272367,7.174829522563414,6.347512587363553,9.847452953243419,7.743916350790187,5.554409713345649,7.307486563141538,10.606773109155938,10.614671685086932,9.257255438955326,7.910486594034069,8.374520783807498,11.033741366336471,9.786080666917542,8.518971860597503,8.912388647722082,7.28961442361458,6.100213430640679,5.570848791579465,4.948019444970441,4.450452776173961,5.3271491132491064,7.221517518896917,7.001148652010443,3.395387820424503,2.52286185842172,5.462524409183288,8.581109625323506,9.352345742110174,10.243551445294543,7.189085501017416,3.637526842471516,4.491982492534476,4.915141629862546,4.8757842925075465,6.391823327788529,8.872528517320916,8.567073788694188,6.742698588495045,5.69221523707165,7.263611161752351,10.38293718548789,7.290818600180046,3.474949971936894,4.105337149503839,5.06212967709962,3.5823492470036626,3.944704057000763,5.552657806015873,3.969830048503354,3.667798768027069,6.216408152730082,7.612198801319664,6.515956296331183,10.03469348642352,11.396943564753883,10.001221631166459,9.51416908721717,9.489938541371089,12.560318369426454,10.959329884906538,6.178622539834009,10.545232873892019,10.730496125307809,9.108261126223056,9.943549952135413,10.309794412248266,9.734160672972507,8.75113808848937,9.370312695814164,11.03406994981708,9.012370051930702,8.550086650961816,11.149660853855266,11.666133010203339,6.668897823382622,6.813957716874256,8.063955072271142,7.348572605393656,8.99080277254302,9.190834560787494,7.603140726084575,7.171865956870306,8.59377869298578,7.422946461773222,4.6797445249459315,5.429896523017987,7.290944476184109,2.564450857744305,2.794653193152726,5.613007989700691,5.834504190057714,5.191122363092745,6.416185267661376,4.623508307570319,2.6180073192261943,4.179878438403307,3.9659654882949553,2.272882381917725,-0.01181498149469462,-0.454855597966457,1.9168265753224887,0.6015706389488287,-0.2677630138173299,-0.07821151080133859,-1.1963625516303864,-0.845309409294714,0.17795291298671145,1.7325657102444438,2.8120696737775006,2.263154735690023,3.2660066406299393,3.383928582710155,1.467027628662322,-0.23834925880112223,-0.13624588866878184,-0.5759551751168601,-1.205657843642939,-0.889532335757167,-0.7197725007072222,-2.23619521730825,-0.2070648284714025,3.476756832319211,3.3288899619885797,1.1984036285377897,1.1200965475467228,3.631025615536146,4.437681210767664,1.7923297155869022,4.0217609943541675,7.708990318132692,7.335836266748629,5.232444285847578,7.81257725155308,8.160285602683416,8.35827622336069,8.199094048865959,5.968874487246808,7.4297653102352115,8.072124141895188,6.386185793001005,5.053529481959345,5.188473046369722,3.7143548145730847,5.216072654657637,6.519857071087358,3.0905488865635107,0.5160351468014142,4.486375440024176,7.561624420039038,7.130083362328037,7.412877493242377,7.6098300565930685,6.628771367404056,6.027311253153584,6.193869425317416,6.032062746546671,6.326183729636568,4.148427116207699,2.2722199254176303,4.640361320176112,8.179353849451559,5.638880750519547,6.358956473971261,10.360747250260033,11.433240939567554,10.367743701938707,6.793390143938723,9.235370964263893,12.852665244771401,10.501089522688858,11.04445465544427,10.339673477702604,7.074407231400073,5.334448448726221,7.63783993099122,9.78375187574892,9.146121783174408,6.966378850849537,7.32713788518214,10.750710261566155,11.092109259400786,11.473375891608327,10.62232398768117,8.440228143836578,7.252251054215719,5.426675906827484,8.540647469143607,9.468612212061373,8.021539189914279,11.667592555094984,11.549984485968878,11.190527068359813,10.207436262390615,9.138818266552903,10.344769225391815,8.654683685976806,6.331579428478392,6.23722825041142,8.851626413789006,11.050704615495476,8.149906827408643,7.028823865554841,7.963133377454255,7.434689065556938,5.751271570374854,6.077258689341534,7.272340144763575,7.769599826612364,5.735763475750218,2.828309229907859,4.8528774950360685,5.453029536833299,6.271990442350614,6.233075085367545,3.7364653882457333,5.451965452773891,6.691621438734728,6.122062700949073,7.735021684840831,9.70100219628415,5.676286076244594,7.845138814728159,6.967478410284343,5.805877106245589,8.703930619118296,6.9774936063057,5.978339044271195,4.360332717588221,3.9217489926840017,5.937058089014897,6.558934179565426,4.224444154161688,5.47142328970466,3.7920521437762886,2.3777294768160573,7.120872957167592,5.000630972432873,3.102169264532563,2.25622802649616,1.8741440649641277,3.145879449235622,5.408795963539092,6.415172069702692,3.3005559523468264,1.0687507698092986,2.063555688262852,2.090226065833008,1.7452463023367955,1.7812590358344664,0.6197299720489582,0.5786395311555452,3.3467871631532944,3.476528168380696,-0.014511491408939037,2.188321385775623,5.240347870198889,3.575117573058378,3.067707901829692,3.512263289288967,-0.0703570506677238,1.9376295727545312,3.16258198633858,-2.111395815567846,2.519520304109392,2.7145769965912905,1.341821930677952,0.8977815076181059,1.4096826780721017,3.75985484198452,4.441131408722242,3.772456251510505,2.1803777799300406,1.259260188425344,2.1031012424657547,2.165700827687999,-1.192128441128034,0.46870342211821026,1.2044857055986995,0.35785408616209224,3.457723417083457,5.107349336164987,5.871321363952404,4.8463940376001915,2.5039856137714196,1.4962999973022875,2.809097971536687,3.651620394797874,3.5016625319995,2.9691298785961635,1.6624932537046675,1.8172373396848798,4.344841525694505,2.702530868776762,3.453639610631285,4.813570814501759,3.8296974131114325,4.134596935951379,6.969763765870937,3.682526833197528,3.241704849797543,3.5307279756912067,2.8264586639155596,2.9284335749817956,3.0719801023802233,4.24978008308608,3.4649215410172474,1.8695399266763957,0.8147144358705987,0.8380169973750071,1.5496818120092257,-0.2815181848496877,0.6121216719727158,2.081621822962461,2.7489071884086798,2.9307572167668354,1.3474544995700626,0.25510897199478677,1.5834144188468144,1.619578027155626,-0.9309192486094844,-2.201341733124707,0.5840520470656543,3.3064025559658603,0.6971919960501509,-0.33631651084738223,0.7490653803567398,0.6482322251389974,0.6002069220382964,1.598010107504365,1.5223881880446584,2.2258586505997755,1.1961317009654522,-0.6571161249144097,-0.13783145758350202,-0.12286091627686346,-1.5017450681980904,0.3379908959285558,0.19694700421740663,-1.2128692783131783,-0.7043833676676172,-1.3008053033038323,-1.7008752606597,0.2996640819401364,3.6250881055391346,3.805659710042505,1.3387434836279226,-0.005530252811468017,-0.9319153454600837,-0.9447566502057043,0.0663868143540185,-0.29471796689722396,-0.0851011348549946,1.4642598919804186,1.6327339965944248,2.6437817124215144,2.2403336244665297,0.33081687952795846,0.5025219257615845,2.223262859882027,1.674568327961424,-0.6790742618798049,-1.5842067217120075,-0.9362899220204781,0.3025500421527454,-0.7588502858233142,-1.347591892834771,1.464261043724946,2.0613227266846934,1.337545591353262,0.6147077946418449,1.589953570644525,1.4039695724533203,0.4261715422117618,1.7617538902606498,2.2149161112759543,1.977583353836792,0.2554439727649651,0.8174795821550447,1.7033321709476468,-0.052788482570349515,-1.5957194013050753,-0.7758329742285923,0.5137895979344194,-1.1459261813570265,-0.4184091080696817,1.1722361106392896,0.31150363642547063,-0.6904176620600992,0.1845467948703572,4.780833402508733,5.650489621676513,4.766430355033549,4.442024041753768,6.097419650227096,7.832788898000558,6.291637853816837,8.575967896889495,9.005766837815486,8.154988914750902,9.530052064884785,10.717970333735252,10.094300514987253,11.529288271934945,13.705586705708015,11.949494004741723,16.547695170506415,21.153420640382365,22.709144802449146,22.678213952881606,23.387833200924547,27.489851384094948,24.70471851675154,26.555280545908545,26.657184903186362,27.529823923271124,31.418264765364825,33.31113262670283,33.24032348847527,34.61196706130596,34.55045145053657,37.374710860858784,39.02025319035636,39.08093831253319,40.05156214027363,41.25189836782158,40.432716440124125,37.945306579282146,37.92443274732824,37.22580237738924,36.422190643351826,36.942814309022424,36.57839772645724,35.77203582100907,36.37072000667541,35.22723646009382,36.034791304814405,34.3533168779918,32.91614279220789,35.805167002056464,38.11455223692349,35.47837463786567,32.44272435675015,31.414833017137994,28.826587201442464,29.76032201075003,27.195159214269495,28.68138459736514,29.647821264947595,28.337712061211107,29.401035146817662,27.23596531154891,27.76896420000446,27.399787852328473,27.623801104033873,28.25042244713927,26.5402394862831,24.741141688561584,22.757448972515704,19.60712624350964,20.468200828428564,20.85585629656987,19.190730713379537,16.633358740358176,20.012669116027837,19.418910937058456,14.802499755884469,14.865985413518047,15.107265391815247,13.974003752439842,16.42066846625073,13.752617219987883,12.186033695043307,13.508541847937522,12.150128918540872,9.54703689938492,9.459847388301341,9.622224524511296,8.733651813751521,8.077657209692461,5.84536056607692,3.395117257006973,7.773148282986142,7.099008045240623,4.851411544634857,5.150094800648162,4.272935437462479,4.081611833781778,1.531612976172596,3.0670138688216184,1.7525863842386116,4.370906043310015,4.617939304945082,2.3454749448684993,0.29162329849543767,0.18558333388091341,1.9531177106208588,1.9329224193620576,1.2489105405957162,0.9495555083959175,-0.1311774246950108,0.6566864203939531,-0.46390944931260947,-0.5105916608181928,1.5381107691553098,3.3156123553060297,1.9602713061771624,-0.8868079192178584,0.9809086296071996,2.1323904403495817,3.570048064725029,1.6747098099601772,-0.8172055534108154,2.7394730190818564,1.017634623180129,0.843763051381984,4.313171340124882,2.5450371875640485,3.2629690128811717,4.341301299113695,4.221567910033684,4.579707792861143,1.2514495117218871,3.8176078426927234,5.685016723814897,3.6181146918376044,2.7550579767270165,3.050103520856908,4.481983088751235,8.258371011017516,8.111141609518143,4.894238692778174,6.900753207427215,2.5489281985620664,6.194231363000654,6.750723892668418,7.620869680379883,7.962503037627357,6.827927728659745,8.332587590616413,9.184821285656483,6.686869230570892,4.35087082601251,3.620605428946817,6.031618318674532,5.998208074545175,5.39524396180866,5.624816325581833,5.872004473410357,5.281420841764657,6.4800686373363305,8.20469174961272,8.975328097808415,8.181857309965949,5.904526768938695,6.171825226894327,5.165683228360308,5.709510192869288,7.7800963710416795,5.624708737468836,3.531293420373231,4.065780604646989,6.043825463849885,4.172745362619935,4.262579229181199,4.018171482686512,2.44465908478071,4.399076788650973,4.898188106924806,6.537308358415714,4.769479422899622,4.026471774468689,5.284122793079405,4.7393998271351165,5.6338863958454795,5.365415544480186,5.9844381631234,5.160148501802382,3.041415505068983,3.4836810877885114,2.274485249356644,1.4542057755665496,3.2833129982003584,2.996367679791547,3.549274248682991,1.0922422535024339,4.970671317637937,4.540397966971909,2.4752819119602236,1.9980410515972835,0.7967555861772553,2.4588890611120178,2.950170322997451,3.0066831971498686,2.282876692384093,1.6423975148937302,2.6017546914126797,0.679501762169707,-0.001956674422785909,1.4214220956914687,-0.456338725310502,1.7638986687002216,2.254958242230714,2.7637299455076345,1.3485048704494602,-0.16701479044536427,-2.574147731481901,-1.1791646067999864,-1.393809854055121,-2.526148024282463,-3.104963512377651,-1.0622444641364268,1.2548905809713915,0.07120249618105845,1.0914630155664895,1.7836579774094616,-1.131938070794888,-1.2073591095269194,0.792206803717022,-0.35114470718872326,-0.6503315253247592,1.861864999201316,1.97493557956426,3.48410804743952,1.7042023221653153,2.1999464219348397,1.3295252257708512,2.491437113404743,1.946271396068596,2.3837248018663217,-0.06802957322514658,2.1116066655080203,3.538111736662927,4.070463403535541,4.845654212329521,2.2060596029833732,2.1889703023547327,2.768688535445335,2.51998017554763,3.0462057897884165,4.699810165952783,5.962845941502167,4.466626758526274,5.594388270252182,7.14467940394735,5.212099552830921,5.994976643701364,6.543017476678131,6.574354766054967,5.386100064011316,7.710605964510137,6.588574132279007,8.370825089891525,4.91522826161048,9.965455457272412,7.146220475659902,8.836203404166042,9.447744504233924,9.675684374389448,10.917255246509,10.704728668103769,12.444764743396718,11.007523482700833,11.252970780758517,11.38613368741943,10.503639689736133,10.592892724038393,11.052459006370214,12.51027381067388,13.825106266583134,13.749431528095101,14.420122780758561,13.742637040257591,13.374444040420258,11.90004461151375,12.912788344017486,15.693523638406191,14.066646187860215,15.408826727535768,15.086511197252435,14.006060988134493,15.981794967030396,18.598446859948012,17.80390797440316,16.923478646739,17.05488785282978,14.474207602764295,17.036243552705173,17.282536971941056,17.798603256214506,16.624606951920555,20.59184852090641,21.842967094589937,20.9635318741104,20.737565686857238,21.500114654491654,22.321391281949673,20.268798306968222,20.868842680457533,19.701068877229545,18.880602781305413,20.3911901327715,20.84187995943489,20.01591358592151,20.60281077024706,20.19537906375797,19.826243293456912,21.602367087121365,21.520268974669875,20.875171380472125,21.49308681319866,21.832685606112648,19.758855425590127,20.24066876645759,20.02670664570263,18.561959189058598,17.535219451228727,17.61760895298596,17.53905483462836,16.822939505942827,15.922392157967295,17.749524674445695,19.36311482735141,18.123299697689845,17.773728834451788,19.432225999688626,17.479339008157126,16.05592867279762,16.166715142600992,16.898112517605853,19.38322517571055,19.072111371408425,18.802797391573506,17.44464916860295,15.779536858129973,17.58124171311954,14.903816846083203,16.18623182429883,18.731834607475207,15.605049417557325,15.26873610330665,14.613365257667397,15.206133241631846,16.064704925559,13.039232672866376,14.501321097922869,15.31888088422096,13.810718481918116,11.98655677803356,10.874977141795966,12.814984548465816,13.472883911196561,12.785059428049465,9.986203275969217,9.360658453004078,8.13994103084758,6.627007795518068,6.694150656539705,4.857093477923513,6.139402471843368,2.999640923357788,4.990792890303624,2.274423673522392,2.233442068917043,2.653100394948069,2.0911727193879983,2.4860785966526464,4.077781561493396,4.47996316177273,4.561553561012431,3.2163543009098703,3.1852428830226245,5.072743948210359,3.501082014120982,3.2114996458156497,4.730639448872012,2.0909115299834298,0.4014467141859086,0.1392345041427916,-0.4855813407523897,-2.421609516435524,-0.8224099662747903,0.30798695552994104,-1.9414844203932375,-0.040727684840476286,-0.6314716903336262,1.5121088247468037,1.1768500122616956,-0.24585890448202008,1.1407727914652241,0.5855585147281204,-0.992156207583605,0.21811789191252728,-0.043890360727118605,1.2480163446019787,-0.38133753849689356,2.5337597699495973,2.892587057578396,2.0389419016193813,0.9829576496138657,0.8063006483338881,2.130935608170006,0.7263491315387114,1.2440771683101275,1.661873247086362,3.5581835210853683,1.9905036599548964,2.1874562968602618,1.3258907946273553,0.7952264877662856,1.3662912696040053,0.8584664207419905,1.3094253214806315,2.7746177555313807,-0.787674593086706,0.6711159370664461,0.2788647321670794,1.2804667646003054,1.6056009144115535,2.9138806259823866,3.2647452329390205,2.6491981085742395,2.26437328115162,0.9357004124524622,2.0105053001254305,1.9807669685615679,2.052102546765525,1.9797505476965682,0.44973541191606614,1.863688071463514,2.684579745436139,0.24044799488265767,2.583619052823508,3.0672919309687643,0.0645323260258408,-0.043766613237892216,2.1974917467026955,1.867244804693314,-1.1628303920053327,-0.02537522016177718,1.1057512074295346,1.1494024315325078,2.5689417700313584,1.4167827188386184,1.101036148808788,1.4016542197819604,2.0130482100103677,0.8597928317995809,0.7053908188064213,2.6573542181227197,1.152540709426063,0.991195768182223,2.5723654137823644,2.5366421973575655,1.1530516403414026,2.1731782146048317,1.136371779643298,2.941952070407808,0.5665092160248264,1.5173184762302583,1.6617166996167327,2.135930963904741,1.4171305634552027,2.8609025477862815,2.122073937007542,2.33528408720872,2.1845953600454777,0.9342395613795418,1.8777909299802502,-0.3589772921273777,1.3421548487167456,0.7746885700087773,1.4828726356934965,3.3235472849811174,1.2649570277400528,3.6500103481244253,2.761099246370776,2.145538453417913,0.9467727951883091,3.169681819574066,3.8275067961961327,5.306688140598084,2.555219840650693,2.1935807051185634,2.388895405408391,1.4109495263810743,2.251864229437814,3.2070594850801797,3.337808920459139,1.4277216574494673,2.563735951918545,0.9690051269223829,2.683500486448253,1.7533883059421953,2.8979913307813945,3.1208881124495633,1.7885414341157002,-0.2715724391946992,1.1068897661896244,1.9625274304759444,2.755860599549692,1.1034302412076045,2.1556057830119357,0.1697206535100122,2.812501376235616,2.4999420358752786,0.6796984231701799,2.1590452194922705,1.9388147775014204,0.855395264226388,2.3413965766426657,1.004568907045467,1.8700969059732415,3.23574813131998,0.9356211307278954,2.263195231779946,2.5755483013094818,2.1642062220178673,1.8909003075281987,2.2680727146132256,2.1398762263853257,1.5024867145792768,1.7181381865516983,2.160706955465116,0.8832836402073667,1.1573119150799869,0.8207026512123434,1.6608752709947794,2.678490691895888,3.377948068617002,2.9717151356666136,1.9551724977663127,2.695908104067712,1.5784317052755341,3.9644561516442423,1.5704609812883632,1.468485638611014,1.0891051775708434,2.4305824935591147,1.2221374043066362,0.31881345909528136,2.1588297441728628,1.9279791664450272,1.2851836893953248,1.6895054645687253,3.350952559913651,1.827311194740446,1.8705658616625556,2.2144666176326666,4.000752834500048,0.5483944976280384,1.3585053573437733,0.05755006128356399,1.7474569884205948,0.15726022486376223,1.1002527151792378,0.8255184038322341,1.0421173215517001,0.24205314210070128,1.7016006752648707,1.960569252523129,0.5563724053114356,1.238017096938421,2.2754452936694634,-0.13643625724679964,2.0867595547140496,1.3065589471431736,-0.18080442944284414,-0.28322913526133675,0.6382020242779589,-0.16039582287170617,1.9350025436727663,3.045465863365422,3.109773558624866,1.4187250109949616,2.7296491372335083,1.2102979910343805,0.043003126076030185,1.806877896393658,2.7931099315073027,2.3537768780031456,1.3462127559883328,1.563931464938463,1.3739483566217956,0.4506669320775245,0.08031459059455415,0.20385806627784575,1.2346685651813374,2.065899377465314,1.5213906205068781,1.2834950835111698,1.8695568586224738,1.119055834928588,1.511799168174889,0.7037718807167437,0.8950948910928673,2.97969092734769,0.8393366319222082,0.7896309811243611,0.1447309117619966,0.9514135209376775,-0.2755189011996322,1.1245564580334388,-1.2574293800856253,1.0302333018587433,0.17492340811425322,1.0090697887334983,0.28160518252644806,1.7893137898962976,1.1420138407027594,-0.15792900670396648,-0.11220804606560364,0.3194085153224364,1.2734517987978649,1.6991207404372517,0.9704722422336971,1.2960814688853475,0.36120042896112636,2.0895072099179117,1.4694610520573974,0.9128913480585652,-0.6880030884746304,1.7527020507102122,1.1714398992561996,0.9472703686612363,0.5816821473222404,0.05811268144799442,0.2711550597628758,2.1250459198672615,1.2394607150193622,2.147297952574206,0.270166037913242,-0.5927404735657831,1.3320161105807813,0.2890097220209782,1.2794059560961557,0.040912127293580625,2.151803964640294,2.643642410357245,2.023803010821041,0.20854318915729664,0.9452892945291751,1.391860416476078,0.33322703926620534,0.9635468248760617,1.8273726045962633,-0.020023587321048808,1.794485935599937,0.7233747611937531,1.128578272944054,1.2811275461571086,2.6412548982617636,1.247264112812502,1.5834731135351205,0.8191438522610497,1.446688757239997,1.0900585659205433,1.0201078627815434,1.1830222390186975,0.7527246105747167,2.4104009586838515,0.14927179624154974,1.642839987876414,0.9468639374891552,1.8091184862589387,0.5814051751120246,1.1902629128910007,0.47800966406734346,1.8595722218402386,0.7526773194009309,0.0911113794716698,1.0554716625930496,1.2937779055459373,0.1048370930796807,0.7697940322260877,1.4580610366231213,1.1783447765230903,1.1959664614307428,1.888208547762403,1.0850740144276187,1.5178489156751596,1.1676208329886606,1.255139366476925,0.5570087968500417,0.7749736601634822,2.123687372318841,0.7882164797281206,2.1419360322547902,-0.05966077396168856,0.3372955078683333,1.0126568182523457,2.4514355864292554,0.8395108395910995,0.95842633781362,0.3112833744089585,0.33851911486419084,2.439005752131912,0.616157223877309,0.6427849594604993,0.6392993561670224,0.3968871141912942,0.7967197635967409,0.6842594136544449,0.7829588166196686,1.4413507649643975,1.609080338587205,1.3486502918551366,0.8236526957663344,1.0212154056432041,0.8488038714449146,0.9313211851497556,1.1899388169904341,1.0419142646729256,0.17471898771992755,1.613230499909747,1.6550084874901643,0.13165101908722932,1.8537255718005952,0.30392637958445334,0.4035079768601406,1.238004805400557,1.6346085237078967,1.3294843603314916,0.7520919055062265,0.37855580816903966,0.4211647350649912,2.9811347748003527,1.2911860327027682,0.02884727594734926,1.167362474621818,1.38527878806795,0.8049680269575958,0.4868969562080565,0.6043824494487993,-0.14756448503089814,0.45037053689935647,1.4902374300824874,1.1141959276058344,2.266129093757492,0.14611876446281258,0.8402214330673132,0.8396487601893341,1.243579699134017,-0.011618160055036242,0.6081818951336402,1.3882396573192821,0.12993958364462088,1.4976992871061725,0.735282070831289,0.2261834490174408,1.3786676916793397,-0.11109049236060287,1.7194942954900512,0.536637093658527,0.9896841773141034,1.5788118460873832,0.8047379876522314,0.05413614234831954,0.730796316672162,1.3249266635622305,0.48381686688131254,0.07727921359511924,0.7765595055202255,1.3635526456318416,1.1873035752162195,0.7507496162942644,0.8752483823127477,1.2694903279032985,0.1820332212955975,1.3042638358502643,0.8901223324864702,0.8036142019018655,0.8143768648246805,1.0373120964361533,1.2712853661144834,0.9745629794482511,0.07176929971183199,1.3473499123033719,0.16634350457496794,1.2937863403254255,0.3291835082717327,0.5980836689241826,1.2768578986049945,1.2501139081640034,0.9159366062046885,1.7434824010748855,0.9060549483960116,-0.37438199223847946,1.8651173038234106,0.7389362123176149,1.533023931989817,1.9418607766567675,1.457543865451015,1.0130804626745658,0.8137478895117454,0.6713907486513087,2.1675126037656867,1.6057105335415258,1.9123688754999648,1.0511280474359808,1.347732691800985,0.5449634024522254,1.5223804236299578,2.3660792844333685,1.2883207517381514,2.0735184472428045,0.7615885646192737,1.809141731300798,1.3945692755394568,1.5222072451858502,0.958716835498965,1.9370581465238388,1.7046603291621807,1.6052867980074552,1.536571951971979,2.2188409931846707,1.1010032596679196,1.8557532679506608,1.07374845241549,1.8832151078901802,1.1966601988054038,1.2221646895024776,2.0991982796372746,1.9572417618591373,1.6211206438243018,1.9034131518935453,2.0096702964825397,1.2013701742768603,1.7360748942520559,1.4443158818920665,1.0981450799911876,1.3621313767557446,1.1766709584144621,0.09905173594478356,1.698970712862291,0.8978990984754205,1.5079176734066095,1.1949393733613611,1.8966798854750948,0.040473078780767224,0.5871609334245704,1.275602469572764,1.246197404900954,0.8105718309895416,1.8851586148234354,1.0825651639124736,0.8343703311617787,-0.003292313951021697,1.129682577407749,2.197552303169431,0.3924583408996227,1.134973650068872,0.8974213340074755,0.4973487630412876,0.2023898113822291,1.2331926772863824,0.9694860441420587,1.1266365182827087,1.9055357403188395,0.021531033485359785,0.3258604911568739,0.29093606319744936,1.0071372724761716,0.23022981271952858,0.5261208403558157,1.2141774192103902,1.2403420304670192,0.8281296657278858,0.5518757339425804,0.11218871645982809,1.6702235329711357,0.373199049163361,0.8936997931688513,0.38307383612226253,1.1677523201886704,0.41028886204327364,0.544745178443975,0.9779278868311696,0.21294462896707955,1.4753331780082402,0.8675424491467254,0.3351379702951647,0.9744496479440272,0.42343047060941785,1.2886803325364156,0.8656275539497074,0.5199470226779397,0.7260638833097932,0.3806759106290958,0.6333971428729797,0.3113270462144442,-0.268042291576819,0.20752453330436538,1.3440563955424807,1.3867108340672019,0.7435509464566241,1.8875782368449734,0.8478616017470717,0.30141038460109826,1.151111605900212,1.7026966850125103,1.2600725472275371,1.0543634310856476,0.29000391970097894,0.4208448420695561,0.6949693666562098,0.7211230801686117,0.6264888853765456,0.88741648305475,1.3238367109749731,0.4592297032383783,0.9760853950337776,1.3019059589525739,-0.23104140093317937,0.6380296382204165,0.5257741187569707,0.6718176002720497,1.065664473145345,1.2714908058753451,0.6834486422420127,0.8604733766595132,-0.9596227879721084,-0.03846983532494619,-0.17945536916698757,0.0695790037350168,0.7477551994382452,0.6602998252231487,0.6104948716633487,0.5751776374480659,0.2284710123777529,1.410074763549403,0.5747751906937406,0.79484063789792,0.656706223741736,0.06878221849149124,0.7933940412816014,1.217117516355417,0.4383079830383574,-0.14133032295910652,0.5144325661521236,-0.6995346497523371,1.5517239961802716,-0.30198712354911095,1.1224428833452862,1.1480421253537543,1.1330816330851405,0.335663140520154,0.6659997986354824,0.665772544055045,0.9730319901500195,0.9192653063337284,0.43504155781940224,0.5007434652999052,1.3351532115791258,1.1378840756268005,0.5876327409527837,1.41237880492747,1.5973850169122557,1.5763302180932328,0.2502025648632866,0.9729004792609715,1.9299482967201413,0.7744028901197453,1.731007684033898,1.1092218687970492,1.0965061515535126,0.48605452314819786,1.5440222905568532,1.5905092998572448,1.4456367003972161,1.4746891139124898,0.0797866880466529,1.0390493504949632,0.8082126635216005,0.9686520009522326,0.5478772230519278,1.194599608418316,1.248980023042634,1.266114993027486,1.2798087099521354,1.2925818601832475,1.3046223147286184,1.3159547370298696,1.3265941233230478,1.3365543845745833,1.3458492990914124,1.3544925115251374,1.3624975319422958,1.3698777349601414,1.3766463589461466,1.3828165052800614,1.3884011376768797,1.393413081570003,1.3978650235526686,1.4017695108769601,1.405138951008496,1.4079856112356595,1.4103216183330574,1.4121589582767058,1.4135094760104323,1.414384875262101,1.4147967184084962,1.4147564263880668,1.414275278659602,1.4133644132061534,1.4120348265832376,1.4102973740097582,1.4081627695009615,1.4056415860424636,1.4027442558034124,1.3994810703888447,1.3958621811295302,1.3918975994080256,1.3875971970207672,1.3829707065743548,1.3780277219156858,1.372777698594433,1.3672299543574127,1.3613936696737312,1.3552778882892937,1.3488915178105287,1.3422433303160517,1.3353419629952157,1.328195918812952,1.320813567200247,1.3132031447681811,1.3053727560467223,1.2973303742453481,1.2890838420364048,1.280640872359072,1.2720090492441898,1.263195828658354,1.2542085393671414,1.2450543838165231,1.235740439031673,1.2262736575323459,1.2166608682640572,1.2069087775452942,1.1970239700282832,1.187012909674678,1.176881940743641,1.1666372887932255,1.1562850616930973,1.1458312506492803,1.135281731239445,1.124642264457833,1.1139184977706407,1.1031159661795584,1.0922400932944356,1.0812961924136175,1.0702894676115307,1.059225014832947,1.0481078229936145,1.0369427750869988,1.0257346492954582,1.0144881201072735,1.0032077594371174,0.991898037750957,0.9805633251939128,0.9692078927213572,0.9578359132325716,0.9464514627059373,0.935058521336515,0.9236609746739646,0.9122626147623691,0.9008671412795763,0.8894781626773351,0.878099197320438,0.8667336746259195,0.8553849362008634,0.8440562369790712,0.8327507463558845,0.8214715493209042,0.8102216475886337,0.7990039607266226,0.7878213272800281,0.7766765058935903,0.7655721764300267,0.7545109410842485,0.7434953254941092,0.7325277798463503,0.7216106799781414,0.7107463284736752,0.6999369557561579,0.6891847211742004,0.6784917140827531,0.667859954918157,0.657291396267766,0.6467879239328909,0.6363513579854612,0.6259834538186908,0.6156859031906095,0.6054603352608865,0.5953083176203791,0.5852313573141146,0.5752309018562869,0.565308340237948,0.5554650039268836,0.5457021678600995,0.53602105142798,0.5264228194505165,0.5169085831458062,0.5074794010895971,0.4981362801667615,0.48888017651418636,0.47971199645513707,0.47063259742483865,0.46164278888727495,0.45274333324306326,0.4439349467287741,0.4352183003062464,0.42659402054397333,0.4180626904883695,0.4096248505266544,0.401280999239674,0.39303159424582645,0.3848770530352965,0.37681775379510896,0.3688540362245192,0.36098620234108125,0.3532145172768537,0.3455392100654251,0.33796047441879296,0.3304784694950911,0.3230933206562838,0.31580512021650975,0.3086139281805629,0.3015197729727106,0.29452265215570606,0.28762253314047825,0.28081935388578927,0.27411302358819967,0.26750342336239896,0.2609904069116453,0.2545738011889114,0.2482534070479403,0.24202899988537752,0.23590033027230106,0.2298671245772823,0.22392908557839064,0.2180858930670695,0.21233720444172377,0.20668265529212704,0.20112185997419374,0.1956544121756565,0.19027988547193786,0.18499783387309776,0.17980779236111744,0.17470927741814535,0.16970178754567655,0.1647848037742392,0.1599577901639293,0.15522019429650413,0.15057144775815345,0.14601096661309043,0.14153815186830343,0.13715238993000867,0.13285305305035422,0.12863949976633648,0.12451107532973538,0.12046711212829564,0.11650693009860902,0.11262983713049834,0.10883512946321616,0.10512209207277579,0.10148999905183587,0.0979381139804616,0.09446569028997942,0.09107197161770841,0.08775619215438724,0.08451757698347251,0.0813553424127349,0.07826869629835187,0.07525683836081498,0.07231896049370334,0.06945424706486847,0.06666187521040001,0.06394101512088923,0.06129083032092808,0.058710477940763894,0.05619910898172975,0.05375586857380199,0.05137989622710393,0.04907032607601991,0.04682628711705661,0.044646903439456764,0.042531294449759116,0.04047857508959396,0.03848785604765226,0.03655824396460616,0.03468884163225994,0.03287874818661862,0.031127059294760784,0.029432867335771107,0.02779526157596024,0.026213328338315023,0.024686151166292802,0.02321281098198824,0.021792386239042116,0.020423953069524714,0.01910658542661281,0.017839355221042297,0.016621332452757542,0.015451585337984852,0.014329180430650013,0.01325318273941889,0.012222655840162133,0.011236661983531349,0.010294262198044635,0.009394516388539387,0.008536483430447106,0.007719221259463893,0.0069417869578956015,0.006203236835943926,0.005502626509723996,0.004839010974819757,0.004211444676855081,0.0036189815772900147,0.003060675216573827,0.002535578773205316,0.0020427451195530466,0.0015812020255907555,0.0011499570381090507,0.000748002050102059,0.0003743175699071344,2.7876700841034108e-05,-0.0002923511597145989,-0.0005873968901539683,-0.0008582884746317632,-0.0011060480819367058,-0.0013316893840453758,-0.0015362151030444693,-0.0017206147769854852,-0.0018858627355200497,-0.0020329162741177242,-0.002162714018140832,-0.0022761744671413453,-0.0023741947094322313,-0.0024576492991457144,-0.002527389285518211,-0.0025842413871828285,-0.0026290073016639326,-0.0026624631425420375,-0.002685358996075138,-0.002698418590057372,-0.002702339067440107,-0.0026977908567005215,-0.0026854176331312374,-0.002665836363945573,-0.002639637430519315,-0.0026073848225678375,-0.0025696163972384056,-0.0025268441985417667,-0.0024795548315523774,-0.0024282098854087053,-0.002373246401475626,-0.002315077381950914,-0.0022540923336862306,-0.0021906578441530655,-0.0021251181854893275,-0.0020577959422780623,-0.0019889926604150787,-0.001918989513598035,-0.0018480479846232356,-0.0017764105583069068,-0.001704301423387733,-0.0016319271823590498,-0.001559477565109546,-0.0014871261453777151,-0.001415031058115801,-0.0013433357156316106,-0.001272169521342903,-0.0012016485794958953,-0.0011318763999668136,-0.0010629445964980277,-0.0009949335770329526,-0.0009279132265191947,-0.0008619435798777886,-0.0007970754857069551,-0.0007333512593845626,-0.0006708053251145429,-0.0006094648471162145,-0.0005493503487343787,-0.0004904763194417683,-0.0004328518103307033,-0.0003764810165307608,-0.00032136384797354367,-0.0002674964872824148,-0.00021487193563984874,-0.00016348054597870032,-0.00011331054415109065,-6.434853727910195e-05,-1.6580010765210318e-05,3.0009556638788126e-05,7.5434687772713e-05,0.00011970990257736958,0.00016284971331970155,0.00020486862027269126,0.00024578110753736837,0.0002856016385237581,0.0003243446521707938,0.0003620245586546389,0.00039865573577912983,0.0004342525249398932,0.000468829227685319,0.0005024001021354252,0.0005349793596849395,0.0005665811612800553,0.0005972196143488873,0.0006269087696182396,0.00065566261801564,0.0006834950877134816,0.0007104200414858042,0.0007364512735250628,0.0007616025069694388,0.0007858873911175124,0.0008093194993250563,0.0008319123261628647,0.0008536792853988118,0.0008746337076104282,0.000894788837968008,0.0009141578343303536,0.0009327537648289308,0.0009505896061341446,0.0009676782416363494,0.0009840324593994865,0.0009996649508821065,0.0010145883088625851,0.0010288150260748807,0.001042357493901136,0.0010552280007232184,0.0010674387306721655,0.0010790017624628945,0.0010899290679731166,0.0011002325111917344,0.0011099238472240813,0.0011190147209276802,0.0011275166661732783,0.001135441104935353,0.001142799346382617,0.001149602586195897,0.001155861905601796,0.0011615882709463676,0.001166792533069838,0.0011714854265392205,0.0011756775692788324,0.0011793794618029096,0.0011826014871587631,0.0011853539104151878,0.0011876468782645588,0.0011894904188523014,0.0011908944416347822,0.0011918687369529835,0.0011924229762314553,0.00119256671155199,0.0011923093757957304,0.0011916602825579048,0.001190628626261514,0.0011892234821857528,0.0011874538062102147,0.0011853284355538563,0.0011828560885476236,0.001180045365344995,0.0011769047475809202,0.0011734425989970987,0.0011696671655556656,0.0011655865756097228,0.0011612088407844112,0.0011565418558063811,0.0011515933995269734,0.0011463711348937977,0.0011408826097749625,0.0011351352574706652,0.0011291363968553014,0.0011228932332585373,0.001116412859232696,0.0011097022548653968,0.0011027682886322054,0.0010956177179650695,0.0010882571900481253,0.0010806932424145543,0.0010729323036571259,0.001064980694394535,0.0010568446279819455,0.0010485302110794237,0.001040043444817229,0.0010313902253074048,0.0010225763446385372,0.0010136074915862991,0.0010044892526934746,0.0009952271130373447,0.0009858264573665565,0.0009762925708969306,0.0009666306401072688,0.0009568457538762232,0.0009469429044486333,0.0009369269886008169,0.0009268028083226909,0.0009165750720114829,0.000906248395295961,0.0008958273019743501,0.000885316225378574,0.0008747195091416415,0.0008640414084482018,0.0008532860909440387,0.0008424576379866267,0.0008315600453840943,0.0008205972249584192,0.0008095730051991268,0.000798491132854906,0.0007873552733883571,0.0007761690123970766,0.000764935856949478,0.0007536592364090211,0.0007423425034289721,0.0007309889353450671,0.0007196017349428985,0.000708184032077952,0.0006967388845282585,0.0006852692791881054,0.0006737781330912185,0.0006622682948886904,0.0006507425456447891,0.0006392036002296209,0.0006276541085696863,0.0006160966565573744,0.0006045337673583617,0.0005929679025769019,0.0005814014632790077,0.000569836791129319,0.0005582761695563931,0.0005467218250032602,0.0005351759279506041,0.00052364059419574,0.0005121178860747477,0.0005006098133151227,0.0004891183346558137,0.00047764535884198267,0.0004661927455344994,0.0004547623066457618,0.0004433558073912991,0.0004319749675971707,0.0004206214628368343,0.00040929692548274943,0.0003980029456158718,0.00038674107247516076,0.0003755128155944476,0.0003643196457403519,0.0003531629959923066,0.0003420442633057519,0.00033096480905214776,0.0003199259603832161,0.00030892901145307405,0.0002979752242140421,0.0002870658298377293,0.0002762020295392631,0.00026538499588468767,0.0002546158736436155,0.00024389578098293896,0.0002332258104615903,0.00022260703022425332,0.00021204048525191865,0.0002015271981861133,0.00019106817049419078,0.00018066438343566915,0.00017031679888646067,0.0001600263609020658,0.00014979399634285073,0.00013962061606775933,0.000129507115815386,0.00011945437736926579,0.00010946326980842969,9.953465001899531e-05,8.966936417209581e-05,7.986727308662012e-05,7.012734982936308e-05,6.04477767183198e-05,5.082604187123252e-05,4.1259034759377755e-05,3.174314190346195e-05,2.227434117685334e-05,1.2848296421452687e-05,3.4604508698521386e-06,-5.893879347240727e-06,-1.5219412404121613e-05,-2.4520808096895053e-05,-3.380257541607534e-05,-4.306898065919995e-05,-5.232395540133439e-05,-6.157100483505928e-05,-7.081311619572261e-05,-8.005266710142678e-05,-8.929133397828082e-05
16.467367628920215,14.114112046520745,13.462484456056359,13.21087657476977,11.316834047092811,9.197434887775842,6.750896116604622,4.686652095340264,4.328974157138703,4.416348254381148,3.6590006292076396,1.867773537201515,0.23705378992099213,-0.3836816558217606,0.043398625267514035,0.621864720212443,-0.1823475656464666,-1.8351262196241578,-2.6369521503570468,-1.7373176397475163,0.18235923183135583,1.4072608354043723,0.7152758225884099,0.27491770427423035,-0.056731964940354374,-1.0286402419338856,-0.732791200063275,0.1876632923372199,0.7895603110197271,1.0815801746883835,0.8707734844195443,0.8298218366472838,1.500120119634289,1.9426859413956663,1.5381778732155453,0.809038960078567,1.1187765462763082,2.7846332467590855,3.2725026876464653,1.4836725037040424,1.3544336645565522,1.1611953996646776,0.10202817999885383,0.31530997759756474,1.8117637249995937,2.8731389345409184,2.631557251833783,2.758324605489804,3.2669097469020016,3.284489647724797,2.7214135603434784,3.8531427133821126,4.715453004729682,4.126407544616939,5.167588258838748,6.439802734768307,6.07550477153535,4.790033266476939,6.604360054301424,8.945370797354883,9.559377987781431,10.344731797407405,10.09855463548007,7.58751133380531,4.934344815895713,7.823992070731492,9.762312445420775,8.019751907017167,7.5451612080610175,7.224707193648783,7.459509567642613,8.478324030183671,8.28279371905569,8.742786021866664,10.472613298726344,11.652077758121663,10.494183686278802,8.948079223746959,8.486043785876404,7.672213803364684,5.198288334868607,4.014083347604128,6.3905812811462965,8.390023939286948,7.663458639102828,5.273613987575004,4.053481497213852,4.504387114104816,4.348237433674285,3.3577198509079835,4.441629724406994,5.644626334812074,4.25630260063258,0.9597445282590797,0.8148077179832853,1.7506714045914578,1.8565489210759551,1.6351055738002742,0.7439747451917356,-0.03726210364561666,0.22222153118264032,1.322393147465391,1.4940063535818808,1.8772384537971902,2.897056642038592,1.152439154977742,-0.5996770760436902,-0.7929069927408818,-0.24263450236969675,1.2479713688436505,1.7067376490974766,1.1334761050754878,1.5411819265369786,0.9477940375495564,2.079259020563427,4.04921867574933,0.07220570863250941,0.04372165809877515,3.6274565323747083,4.456155511097222,5.155483333031498,5.9355159124216925,6.398845737806823,6.846612067456022,7.6921971720969395,8.016341036233825,7.6431910782758905,7.619855340779395,7.874910828543989,7.646076850790109,6.699331206590614,5.502799367910939,3.2398160977204498,3.0116233235529535,5.328398195835462,3.4859010599266185,1.9946744431887282,3.777797145487739,6.0832379039414946,4.863676991950115,3.8695235667780707,5.2594504594778755,6.919669176649677,7.510926831761822,6.277282834596122,5.447537054779787,7.596374964680081,7.615314988004684,7.792847445073676,9.261089824362898,7.663938620220165,6.768946627446439,7.031532085386402,7.0304646072713695,7.558929607085588,9.49116648326708,8.863096007266904,5.410589173294966,7.6431977298760785,8.33676927119518,5.847472892742644,5.278608203987687,7.430983995277529,7.32452474003594,4.579373895150866,3.3831180327139236,5.0098300832859195,6.387452268022116,8.07094046725092,11.5951693561492,10.77583555670617,8.329818613425005,8.654844161194092,11.153458779263929,10.251706716556669,8.843831790242689,9.845866343102898,11.27900540775363,10.529006020505904,9.096003972583048,8.852753631213773,9.746959625901127,11.145332048529326,9.983610778005641,6.816614168547403,6.046632720541993,6.691312698028241,7.150623979131751,6.55677454237798,5.487040010605369,6.284747597068645,5.173167813974487,4.290487537243052,9.681692441883115,7.170393262136258,2.308471248449564,3.1506755865748346,5.7769017157909275,6.9348914399977275,7.007395751029435,7.858976470669063,9.40387733714715,7.650213373109182,6.442524442062904,8.357649447182439,9.692824596608034,8.343857040058538,8.302317118127121,9.013997969833326,6.380990732090481,7.493557027130464,7.139040358617876,4.481553500392238,5.577481461608386,4.888421205609575,3.191765036428251,3.4439208825364176,5.2757958649481225,4.829832404816898,4.597776594935453,4.105431662301044,1.5174553546016796,2.323212040233102,4.764019060845158,5.989396650766253,5.6463621265172605,5.0010728306795045,4.957075677916464,7.040902922628675,8.9015838821025,4.555761915628182,5.440123437649618,8.280172766409692,7.229087015982486,10.00290868336242,11.005362648103869,10.280919859782784,9.130092647907645,5.632384013113779,5.528123679746045,5.835716980785833,3.51747738780864,1.9383056794431468,3.463224352883003,2.8317674302413707,1.4377044271525392,4.647766001855416,5.619820364131101,6.7864544972653675,8.299432068655278,8.065765090490686,9.045748436423992,9.54769863446927,11.207445956502738,14.057426164943763,13.36707341318538,15.410153944972535,16.51164116343614,13.858384372097703,13.13564430925237,13.58550405782546,13.450960914521715,13.777806227651581,14.7904799027732,10.79264410047631,8.959663603865692,10.391584733968898,10.504065708816256,10.916010777591964,11.64585927188648,11.813856072313456,11.833518820682684,12.745988489136835,11.570859456310245,10.521450412176705,10.335737092748559,9.04399154517489,9.31295939240556,8.26965146627299,7.964966827469539,10.398290037848028,8.631932108857654,6.084892465243797,4.287009512309055,2.6382382343664403,1.9093827964029515,2.3230903613008422,3.5936460845971396,5.202668873895277,5.723085871183912,3.3638100263102615,3.6508923886874527,5.115632694785745,3.570763421454558,1.9986332331995982,3.3795762772936087,4.143999743333552,2.8271688813963465,2.622246476377768,2.577436534363187,1.9646366468698488,0.6105537179832936,-0.739587478267822,-0.5634626195358123,0.5906422626621861,1.0564047229012203,0.32747540122363716,-0.243364308593641,0.38538765760381466,0.3684559881212408,0.8739930670997182,1.5454930387104469,-2.2862331457439495,-0.6846617988848038,0.1815287909998915,-1.6905003666948915,1.3954473638041236,-0.5887188449949008,0.4064857234648116,2.400461282025958,-0.5862323291491975,-0.6297151974445114,1.0584003465819478,4.3059979526457255,6.172894758372195,4.131199951256235,5.244757941346506,5.410725713853026,4.78926021779148,6.12096219704199,7.541573518121481,7.7827216659193255,6.708662765699046,6.135739566795337,6.102523151582318,3.515931156828856,5.370099847332995,6.233628026923952,3.5477335913280967,4.094271019939356,4.515873245972443,3.8288910549335924,2.3904340580853614,1.7837467377073608,3.460176364380004,3.8570319443709877,6.832947821524613,9.240149262575414,6.255873057994677,5.410321382832308,6.2609174662385385,5.3463462033628275,2.826141472637346,1.8250465787980374,2.203888528340485,2.2403642624437907,3.7804078065857993,6.867462727832844,7.1336562972419415,4.115228868654867,3.692963539578841,6.317833425686331,8.627151605383688,9.58928521279472,8.198540460733852,8.4202309038684,10.101139003574076,9.346286125297524,6.297801999371359,5.609351066031195,5.9356347333882695,5.00252084080671,4.940966966118481,8.635897472059014,8.349677633517786,8.541571275856427,10.124027424625638,8.414157337156212,8.21674215681412,8.492507009768133,7.452481376294145,5.126968789761122,4.100227116414544,7.004121131678858,6.604731509548856,5.628709512670184,7.992036797903097,10.51712756470556,10.330350291456739,9.750272111854429,9.806762837499377,9.386441793246036,8.024975174835163,7.1763021651444205,5.5486946406477955,4.27010149456396,4.276576533992056,4.967613080427668,6.332425707395942,5.085265112754541,3.743909193150216,4.4889160984211,5.891163428234222,7.546491712270722,7.592916184063938,5.288812650623413,3.225869147948174,3.214034901906871,2.408229518904818,2.749932342538841,3.0941356591765725,2.8837831403481005,3.2798357262952322,3.9367233071629926,4.266626909956017,5.301172968788592,7.657802920798872,8.815957184727154,6.165048558064882,5.36023602701971,5.285315656607736,5.129197721915034,4.7587094499650675,3.681119449392895,5.377633841243892,5.834768437044886,5.986731381653726,5.423369884888757,2.9863005774266185,6.215320699950439,5.090901022638718,4.959112280075146,6.177682412597278,3.499846677131586,4.423285513617088,3.2805789143528727,1.8043308433710763,1.2977626124280732,1.5553062903469481,3.3955027028938503,2.8004667390526947,4.310235311539373,3.936341635054532,2.1673692745251856,4.173603061400399,1.3132548564861963,1.0265063180713696,0.7612904379642487,-0.6216180978037755,-0.002899757454883911,0.5877232932460856,0.3816983508345402,-0.09796240551918345,2.0844728917468274,4.4087434276791555,1.8965803663771794,0.3648194115347678,-0.015638981406482344,0.9435616612012154,1.294791639705977,0.5624060233807313,1.8322831895203535,0.9677062443342948,0.9514649467413392,1.7917395838898074,2.3054261680944137,3.2609586184324826,3.5210699398460292,3.1237857799303583,2.7386621958931983,3.6645273935013165,3.530165359341936,-0.164851712230643,0.5467604224645584,1.5202881274219635,1.1047310908662666,2.1816205872742103,3.6124682494002514,1.2285425719143177,2.7433138366769754,5.024549077695042,4.902905679643368,3.359064938804636,2.4352310986711245,3.028283359797115,3.2790887163232014,1.795371769718372,1.1820186587767125,2.0596624130678833,2.705216461537816,5.375910189275771,5.056755913974143,6.416328648156309,7.576999285388865,6.829137345183483,7.676063249508275,3.4817839932768493,3.2742157159061094,4.471899208634397,4.778439632544291,5.976085500356362,6.550087776635053,5.152719533414256,3.5323530412349555,2.122540719428457,0.7561266262785011,-0.21729124179478276,-0.4109750714058009,0.11802848092054319,1.0323728722344185,0.4663912352829698,0.44873422652943873,2.059901821032213,2.3450240759291887,2.010394172446752,1.3537357213710948,0.3961913219021653,1.8649581253665701,2.592915616518667,0.29300901158552506,4.810812662033982,2.800616710342581,3.1876458765023017,1.985900235208021,-0.7550979966723617,2.1355721249206,-0.07991342189012585,0.26662698683639974,-1.83924142131616,-2.411404129020525,-0.1753983323343391,0.10905244050746887,0.047552325447782096,0.33313830885242623,1.6083712981130702,-1.614925137379828,-3.3189461437605132,-0.4608769829200128,-1.1899171783230713,-0.8884770227834906,0.7420142093460527,-0.6390241166144506,-1.2834275923586915,1.3424359425392822,2.3183539325638662,0.10793326803400305,0.9636294843861606,3.2162367293104808,3.5065466127278455,1.8291407061385598,-0.40806969148650296,-0.2717523215126221,4.611462073569442,2.680893927944794,2.2337733709023837,3.573342226532361,1.9865457088287712,-0.3284774778924202,-0.723454550626002,-1.930450050611853,-0.2951993354054139,0.7797271008462303,0.6047438642041243,0.8320928753342969,0.891054568647121,1.2098411801096063,3.3901267706459635,2.004410475508621,1.7449725850785285,3.1115577889049177,2.067106402821196,0.8867837733017154,3.51387637800093,4.024452588316819,3.744336283634368,3.0702737924563053,2.092858725101223,0.9371387305639018,1.0377620786312605,3.384735832095089,0.627887506611728,-0.6140531327454255,-0.27802044619159005,1.4067599219029034,2.499974991679437,1.3770770234629026,2.4450121682057215,2.8441248766523017,3.1743540816084987,5.606652835764521,6.538444821640837,6.484004967733085,7.004085820177124,5.580459784520485,8.085950811995986,7.0593063680560135,4.663998451355155,7.222708559694979,7.943737841664927,5.391069096630474,8.280539798333507,8.738326236877697,7.474191520797035,10.011374447293065,12.533147245835607,12.08496376194472,12.86629880462226,16.95504394312411,18.995068463982307,17.847006315646354,19.560301802918502,18.666697250587617,18.60833341803766,20.243090164779403,20.71799954222513,21.930427270837015,23.18938861060593,22.565401755432845,25.369888341998603,27.331168385209708,26.901558386421357,26.74229545371577,26.187679190565973,25.076217951996966,26.42641015004699,24.23493162077318,24.819164786107024,24.150908589799485,22.937402608919456,22.70592184724171,22.870518799957154,24.33206009791445,24.572525807566706,22.871897712551117,20.76033824472171,23.48477390616415,25.76036032410252,24.878849898376984,23.7512856656827,22.475780928735787,21.211970052623997,20.272958055247784,17.967819512998176,18.441198264032778,17.504850607539765,16.262675773977946,16.03622261050873,15.73041236146355,17.775799433176303,18.04324427612761,16.454508883530423,15.99824797552344,14.139097292810163,15.619004208691138,15.192457407166899,11.894247965415502,12.981577550744305,12.636848057051566,13.508310910155728,12.421096155003227,12.214980923208998,11.690556533966344,9.760992430673241,10.578806252906361,11.069494400471626,8.227155730919094,10.170704889380659,10.624219272491644,10.882972769582238,7.141102953654581,6.485354951991667,4.607636751985126,5.579830057725417,8.918976024648714,5.828943863489712,4.258047693866615,4.222166970471903,4.119718563990602,3.5562417256251706,3.570594386402945,4.580296231102466,4.532651743692725,3.0451920008942466,1.480900507021829,-0.03558182328509929,0.01821292496026672,2.8417244545514677,3.3585135602111222,4.280409795457672,2.6990336377242556,2.3038750094494844,1.7588193151220253,-0.36837864225071826,0.47444128203488845,2.3706623620526557,0.8535884787295345,-0.6841017240740257,-0.9860517093408134,2.1228945571627946,0.7352307524419643,1.677794823633917,3.833515952946982,2.1231039165282937,1.4762402751426293,1.8754323049779487,-0.01993298258850018,2.0233837753390844,2.1226858596967304,0.8964054994723369,3.1877366742758113,3.38366599868624,3.042932698196296,0.609438013447857,-0.11598352546047863,3.5192176385164657,3.10780827511428,2.8854686205058897,3.059863463364991,1.6318701944433656,3.252329277412457,3.3106979561165986,5.222525678463398,3.678752186291092,1.9073955566069571,4.556090197761932,7.173471303929659,7.781928496487467,7.112835054465336,7.6918444845598515,8.625206506012091,10.664952539582089,9.479861190383872,10.315339635708142,11.355850501343923,10.604764072952207,11.279438758421918,10.174777071180756,9.301348121322121,11.111828155758587,7.703789952205398,7.398132813913776,5.722176172193372,7.804343454868786,8.248399314421818,8.713100298681411,6.501855450948767,6.643994574074782,8.413689350021457,8.24416841353866,7.807123913476346,8.701584820751805,9.574217265023321,8.564942121024842,8.447132675209389,8.98235105480137,7.6148672825462995,7.605600873579533,6.244248657721812,5.735026967905355,6.560990623965608,6.424706811688679,4.427026972870976,4.073129299416223,4.2219513061504585,2.682869553711896,4.004090746949885,6.467494418129661,6.526041242076587,4.9839180535069545,5.004808104845438,6.822737167703053,6.743050093288275,4.181869859129506,5.1663112000907745,5.573586089099194,3.555411597685179,1.9961397380673134,2.2485975087199677,2.214195692878434,2.4474820559496493,4.674512930983326,4.448706466827957,4.206109739411886,4.336016450105603,2.3771644597464388,1.8645985686172253,2.9889114349875854,1.957175022854699,1.7838340441996934,1.5799821852081095,2.2438833638385063,2.050784982629068,-0.1871700283171549,-2.2487508092098096,-0.20663944219711539,1.7339664114090283,0.8610962336833268,1.4151413938506607,0.6082033801048397,1.7859589785782646,1.3237785180986634,0.026689131319812986,1.0247910607050699,-1.0927090086385078,-2.881074708926633,-0.9138999190091681,-0.828196040018156,-2.6705418414923088,-1.2607317707824564,-0.4899449696878264,0.11643559264319947,-0.34511151302967846,0.7026661981912525,1.2466010438228068,-0.21167370349388648,-0.14019042312145302,-0.6636261273687296,0.6528833542628263,1.8196176977170921,-0.19016130861604097,0.9350952952075886,1.3523363009477407,2.8584945377139093,3.328383558757139,2.5842348443696324,0.9942695322396276,0.33936719303807195,0.9905257062121109,1.4744436008656976,3.990609834394263,5.389514193311129,5.07877497131858,4.479254552073996,3.578282096513533,4.363094764913626,5.4619816058160495,4.848781768562787,4.201801629734973,4.5189881943169325,3.708657920159567,2.9125557682931458,4.876186094507204,6.606619125445036,5.477928994662761,3.410545376226196,4.1965404628148235,4.914912375584777,6.253698122678884,9.57955360551415,9.317849920450499,7.02097136604857,7.855284463381054,6.912966799001765,8.680543318467016,6.598243110021087,8.094087362603773,10.785732835799422,9.405947784471323,9.84921203139345,9.139521060307914,7.762783432535514,9.152447078647697,9.944077072860182,7.911512720627741,9.677255663075584,11.555579211115514,14.071052338792924,13.648419866548466,12.519981360061252,11.124089707668418,11.516223010552778,12.085720562175766,12.62795688132968,11.540386577062748,13.046695905783906,14.342829491347857,13.058843201767786,13.54189352155521,13.603735238712204,13.787841757754677,14.202382388450019,15.608692786390918,16.971140634197354,16.56894190713558,15.310674897029912,14.181973123575858,14.6553154992298,16.927544752625522,18.413885935928135,19.557791168313656,19.503485874054036,17.76833194937649,19.874083871409596,19.322810502558184,19.71014561235006,19.423408049750606,17.97085585482006,17.721005135043413,17.635387778945187,17.193539274043133,17.204003354081863,17.004100109623664,17.464259483096555,16.577132616908898,16.932964121886812,17.44233996872157,17.15585908324522,17.862674555259105,16.279366958197272,17.114366885866957,16.555320833435758,16.118822559243768,18.307120904380326,16.828609338287038,15.185197566099419,15.617929352279816,13.594775653708325,13.917598687737495,15.05714358958636,15.985771534354512,15.136657621114807,13.481976815206622,14.556066874944236,15.695266163569102,14.436869840669374,15.604487414275184,16.013120991698486,14.837329225271333,15.328176734372903,15.954225433946363,15.46021978814855,15.084158280948031,13.748699715526016,13.134374921803897,14.649466040380048,14.20039232614971,14.247404576874146,13.992573459337791,13.000578078865999,11.452001903245332,12.950858496689193,13.554407348523114,12.39806217056497,13.569841520363866,14.725267598475057,12.84563639495434,11.331126704674148,10.59635085239654,10.82746543992721,10.32744729849901,9.99207613167664,9.29507250481106,6.897259255530173,5.4502419833607405,5.365269152791257,6.438171202817102,6.208186239031875,4.606733119696287,3.771437357643208,3.861042169094617,1.8600350220348787,2.60791398467245,3.302178648196559,3.1289758039425806,1.5022045985749628,1.4843539537511674,4.187930951455144,2.543466206875962,3.2306354242221573,2.3562075592150222,3.3103679925591223,3.544428578322652,2.905178134458879,2.33608481197831,0.9519116373891165,-0.48563645773708686,-0.14649526201975505,-1.7058142621369257,0.24249629850532983,0.14330038828069291,0.03948441225094257,0.2989774857570069,3.03189622019147,1.330840107205347,1.0890064797914079,1.3194961023115184,1.6869904407736271,2.060028251111305,0.2714425541527703,-0.5728930637923213,-0.7824797994177857,-0.07794599027624827,0.31517444255160854,0.9565351172285546,1.973904854774844,1.792049450869797,2.7341109686459504,2.3547681572651413,1.4259846487282744,3.3132602165125604,1.1769248137621844,0.33984468338917395,2.24732247405052,2.070643466434376,1.5147536051684938,3.958274164925797,2.902964696638378,3.2782576952544673,2.6326954728478427,3.331989203119633,3.665342228141924,1.0698457403817088,-0.7623435162594205,1.1544491615416632,1.6765725282152744,0.4915519805591657,-0.4997083460360727,-1.8591034376007656,0.6419734931193943,0.3114933416276813,0.753691587667447,2.224445525535998,1.8048582042393946,1.3186166788549372,0.17815294116172709,1.371887620607879,2.126736201873939,2.3433811222948293,1.9624826338757089,2.7144651585805377,2.079844474859385,0.8328982967472598,0.6673987592006938,-1.2741516173634864,-0.02124744958109659,0.41310875220113985,1.7331998442356848,0.8532695789645572,2.886932873399928,2.480671990868018,2.1324398532673854,3.5965367906791244,1.2801865039250515,2.81598464862617,1.6114596137131798,1.746228129564713,2.148234402132914,1.433990577980751,0.7173535595515546,1.5741857211235697,1.5094570312550957,2.1861573206178377,3.6146578607340416,1.9548505785337227,1.936512293387608,0.9963593264468784,2.8128222827505454,1.210190432350032,4.040523760108471,3.4985334970572524,2.2086790053317316,2.7504058694794935,3.1871529834537284,3.6765209534715666,3.5112876793397163,2.8917776902829644,2.6272171419364554,2.6881020423590485,3.3839326534895804,4.542626326855014,5.149555519925059,3.589155346258252,3.2262223429342782,3.915085158820318,3.511231788130175,5.052873832592439,4.1297362146875685,4.230148698288389,2.963809042497161,4.189743196682457,2.2578825755507808,2.3176271689749512,2.2712759109613785,1.6037538465270984,3.40727033946024,2.0207539535247747,3.4548553238672923,2.2616067194964273,2.9685649662789615,1.6579589051320056,1.189055654334851,3.0523477523084637,2.739212628333803,0.8307643449336979,3.1109822912955565,1.9229888399366644,1.3930634009088294,2.0571836782932564,2.60945406791933,2.3478911134137945,2.346603626754785,1.3607762349361394,1.3451630324396717,1.9029249600913545,0.24394279490411463,0.8218562788716497,-0.25445195048479263,0.9911949736940642,-0.09389929508040495,0.9585252184823787,1.4027096438851459,3.3593958692705996,3.035873494072689,2.6143463325671803,2.470651928645566,3.7816224378115066,1.6596519022926088,2.3844313494355163,1.166514067379353,1.9598002737890852,0.4772232728032293,3.2721550153535475,1.9689055150012678,0.6568723487168597,2.920829483494316,4.297394082359261,4.578767733051251,2.9751661199375974,2.5457271990009076,2.2668554744102494,1.3073380082620645,1.3964016994439135,1.9356060797811665,1.4390288520060892,0.6407640047824827,-0.7194946415429513,0.8223576800424439,1.0649818097435855,1.8081981734983401,1.7435049471916955,1.165824198154553,1.3452670283516568,2.423877406563861,1.533368966849963,2.2109879377952097,0.9263992178899798,2.824041654447825,0.7754200421813664,0.4280093523834694,-0.10678729853881919,0.6544424403644484,1.3946816793859398,1.0358355825146361,0.1795119330603825,1.0149191187573479,1.4304537418103678,0.8538799787136213,0.5284983619393131,1.525459680368499,1.9616910372199072,1.7915064681272952,2.1515165654849113,0.7594322064037158,0.5964528223740615,-0.1548367330100291,0.5206678654500934,1.2580981106023046,3.0077709901027276,1.9761526577898962,0.7892798895767612,0.4452443174718894,1.767012372485624,0.48917153485382414,1.301509303423586,1.4541311212888388,1.2725359781503585,1.1030814829442193,1.032634150555964,0.45720345196906464,0.7345297119349254,0.7616903676876063,0.8152641257819084,0.48449746328304855,1.4056643636206445,0.9716763350167241,0.23676066309548105,1.2574791310402702,0.5496830491394178,0.9425628353320121,1.1670727686042426,1.1277815356393148,0.9733830726239887,0.4536759392951808,1.683021586332444,0.7741792461963541,0.8143189937873672,-0.08260999860712559,0.36639348389164184,0.4600327679469558,-0.3747082167688802,0.5135043889990811,0.5982890379063122,0.9121783158281289,0.48206662625224794,-0.5353146824184023,-0.8501395223900943,0.10055581796510182,0.7737482884337226,1.138972812145198,1.8771213515533987,0.7620117806054054,0.2514370052628294,-0.27644576483130834,1.4639608403693671,-0.7832698667093609,0.19593650066533996,0.18870590684016975,-0.24383362823661514,0.29030221975506265,0.4141258848887617,1.1354993205478365,1.2971767116522415,-0.287949320623369,1.3045020574633952,1.0526636148256614,0.9709533903170637,1.5554787706498558,0.04699883987447606,0.33136835168893697,1.12570273624371,0.43340279094311995,1.1409411000350502,0.63475205745452,1.0804371183353112,0.6588564633983367,1.2849857659068107,0.6861022689803491,0.6175058533533218,0.8712013482397936,0.5831037383883029,0.48241252836081117,0.05548353647924387,0.8879919908319209,0.058830582220466,0.8647034971197343,1.1487168936607048,0.752908728269432,2.242285897675984,2.1391992784954965,0.5725745353214649,0.9960975558391283,1.4402745440114302,2.490718720890527,0.9453234369387076,1.9873577701087868,1.3440283869267091,1.8068956980534523,0.9925398161731778,2.44111702826072,1.1176110977205553,1.3084166766579415,1.550965903073262,0.5870288578555858,-0.05747536328073011,0.8507315906407911,1.5938330585477871,0.1593345599198983,0.5159044797557044,0.45260761046017706,1.6642627822032239,1.146256406847158,1.213997312835744,0.33769462902648684,0.87213988240822,0.4953057185440457,0.014681297345674693,0.6542443766551003,1.3827008012250985,0.017701968059782303,0.5839837916550152,1.5742539864941705,1.2815055480177193,1.773015677033527,1.5017731161208872,1.1879249388582593,-0.02878049092356605,0.5872989316771111,1.416542840141176,1.8038388658602003,1.747837315954257,0.3073384636437879,0.4228028687912797,1.6010820517362276,-0.004144811708158613,-0.185380956813475,1.3777396848775822,1.1304095410196737,1.0877977081341328,0.3509801521233271,1.078077713019809,0.3987764423401643,1.854497818461141,0.5220636705066966,0.9607709229128147,1.3969772999598433,-0.05003049300049156,1.4504598909357185,0.8206529931929651,0.7885622311459315,0.7494296388344708,0.7850358677311533,0.6177483473930181,1.5859698902992108,0.602192297446976,1.0052225188536,1.2482396977350447,1.659018518874774,1.4984084934042556,1.736365411865421,2.860064458416417,0.3082606911860921,1.2702581987031607,2.1059771885726377,1.0504064059244058,1.8283338848024187,1.5714346086532487,1.8303630228653844,1.326938881992504,1.7090262216632368,1.4395867536501612,0.9167130918212933,1.235461970002092,1.5227503819089918,0.35088780635481953,0.6747519292522313,1.141298038143816,1.4653333733606075,1.5269253760451704,-0.04663957349975334,1.2592195216228959,0.8573537733623766,0.4321138015349959,0.36695444930361987,0.8412022512390038,0.19961186683730148,0.69942490150396,1.6811615966889235,0.24223528185868304,1.3809914303753317,1.3043097321000872,1.2114327148691757,0.5789427113905106,1.6436949129650316,0.8305899547083868,0.8575619072203438,0.8606355783539996,0.6257647368371977,1.0691292005881792,0.8698405486789866,0.3603496392551335,1.2147210130093526,0.6176659946677674,1.3173418324061856,-0.16439357325481296,0.2744147449574257,1.3533533866948062,0.8471656319312899,0.9148757837526773,1.2634816933408501,0.6710451157511557,1.2074100588412477,1.0812029645848327,0.9592219986969894,0.2074648952860798,1.3134579180265007,1.3207232510082747,1.072282458694474,1.5695584627335393,1.0803353141180239,2.3339752760251713,1.1435692938818534,0.6159931749321288,1.3939502487819482,1.394542587148834,0.8278485017495996,1.59599328398739,1.3754246522461528,1.9050520183379263,0.39091722489169456,1.2201456032304918,1.1617670476364026,1.85586311870685,0.7386425801985297,1.468314132351992,0.8601031556939631,0.5106985069665484,1.6604123089523455,1.137489220033956,0.96140832117581,1.9729796037632283,0.7770357901892169,1.9839903076482415,1.387194127701548,0.3917991709721491,1.8914520924104465,0.7620001303454487,1.5599543964608245,1.5450272201856947,0.31983391216072476,2.104623448103915,1.7471319543670703,2.449885080726318,1.372561622557079,1.244210400021558,1.3362003474905535,1.6809934145622947,1.0562601574493762,1.5025398454906167,1.2122309258461144,1.6649116423214387,1.5702893594424268,1.5987894301510153,1.109067564886459,1.524758867431732,1.1194128814443047,1.295162906186789,0.9945683832528438,0.8438586686652094,0.9720687288284147,0.816153901693756,0.3928938756372986,1.243921010105172,0.9642695722757821,3.0542299762975595,-0.10906877602599252,1.0251279577308274,0.5192088190860851,0.377634261717791,1.2616773552295193,1.6156940934977513,0.9067168121266036,0.524512899384149,1.0814582191510418,0.8847451722117796,0.5346110951506091,1.006327568352532,1.2492242699864846,0.1288066198738136,0.4816759517316278,1.2262264178174327,0.9246929120159812,1.1346524602280361,0.8138647198842079,1.3036742111458182,0.20533977098136802,0.2178240397076081,0.4789457619851589,1.325824426683372,0.06545481047044177,0.8121340324076698,0.6381975350888389,0.2769418310173819,0.952267769511792,1.1985086062782386,1.3433343700824345,0.16510810033242151,0.7894484088898253,0.8561302326581881,0.7446726159974162,0.1937063035431983,-0.3124639012353896,1.0556263163997812,1.3265849132856147,0.989180949802769,1.1221415445915,0.38702033175374595,1.4091960590073995,0.7375227008711818,1.3471751206070905,0.1977164591651217,1.265072866698798,1.7169028802059358,0.1410385551967579,-0.08286579103733338,0.9366163004527266,0.7387402110995254,1.3603255444696174,0.09885390911301606,0.6694722591143432,0.8961961376109588,0.9252112783610187,1.543139497988534,0.4824395414704554,0.9796736600530966,0.3172347833622666,1.1546500661766004,0.8018630057576406,0.9290436150668029,0.9958267774405289,0.19246862120161268,1.1759676906543177,-0.09249448285743256,0.162740481271328,1.0140380789869727,0.21514406187355917,0.19060524283099767,0.43084632767352105,1.76443058347712,0.7956895142622784,0.5528293026479787,0.28454936833469446,-0.20469340167716155,0.14206219991279845,0.2374598725679089,0.11221008926509057,-0.25921010683180334,-0.35960861114796216,0.4595092196054811,0.8257818705198474,0.12151124814266723,-0.09002586322969819,1.1800006303863029,0.34945117895227895,0.2602955733528898,-0.3025232935704594,0.518467237779646,0.23990438966893635,0.049542161435169874,-0.615081001970168,0.36297950552693514,0.18141435427816077,1.024194619621369,1.0360285871462906,0.8327548111171286,0.15120440271761026,0.5727136999145728,0.5116649850271529,0.1445902938938275,0.5280322160453466,1.643869210647381,0.21486351127180114,0.8207031514589289,-0.03289083671768367,0.5174236896778002,1.6076189370541556,0.6617215263256622,1.5556011793631779,1.1046836736916248,0.4204809426159386,0.8928394265877273,0.9656388034293855,0.9444835151947473,0.43399104519147436,0.048169136435319615,0.5088173891776364,1.7241205535767676,0.37801158177842265,1.0977087187562216,1.260341479971487,1.2087956874354973,1.0503308164223881,0.7003450686777919,1.1863361884362575,0.5072044950087502,-0.26493194212241633,0.7205902754433282,1.084009426928107,1.350120470746221,-0.4226356363687964,0.38819064007270754,0.8889645329356313,0.6805361376941041,0.813863035388465,1.0426038307719514,1.084124494263449,1.1131144431996063,1.1402124074333528,1.1662241464671297,1.191220499721112,1.215223075766005,1.2382490725159414,1.2603155663625216,1.2814395098725981,1.30163772958133,1.320926923879881,1.3393236609954897,1.3568443770628278,1.3735053742837522,1.3893228191758453,1.4043127409059935,1.4184910297086617,1.4318734353871037,1.4444755658954023,1.4563128860004326,1.4674007160214728,1.477754230646383,1.487388457822874,1.4963182777228212,1.5045584217791088,1.5121234717927337,1.5190278591088031,1.5252858638601197,1.5309116142765902,1.5359190860594936,1.5403221018189015,1.5441343305730015,1.5473692873075038,1.5500403325950174,1.5521606722709862,1.5537433571669226,1.554801282898211,1.5553471897056852,1.555393662350184,1.5549531300576405,1.554037866514534,1.5526599899119446,1.5508314630371842,1.5485640934113576,1.545869533472569,1.5427592808024997,1.539244678395562,1.5353369149707987,1.531047025322323,1.526385890710685,1.5213642392915858,1.5159926465822195,1.5102815359632586,1.5042411792160237,1.4978816970937032,1.4912130599253715,1.4842450882520097,1.476987453493166,1.4694496786439117,1.4616411390004487,1.4535710629140794,1.4452485325717248,1.4366824848035549,1.4278817119144946,1.418854862541309,1.4096104425321982,1.400156815850039,1.3905022054965457,1.3806546944575189,1.3706222266688997,1.3604126080008427,1.350033507261628,1.3394924572178297,1.3287968556330156,1.31795396632117,1.3069709202165996,1.2958547164583365,1.284612223488125,1.2732501801627336,1.261775196877295,1.2501937567021173,1.2385122165298412,1.2267368082337953,1.214873639836071,1.2029286966852624,1.190907842642332,1.178816821275575,1.166661257062458,1.1544466565989637,1.1421784098146759,1.1298617911948554,1.1175019610067238,1.10510396653126,1.092672743299545,1.0802131163321178,1.0677298013823702,1.0552274061823823,1.0427104316913187,1.0301832733456422,1.017650222310806,1.0051154667337983,0.9925830929966537,0.9800570869696799,0.9675413352649116,0.9550396264884853,0.9425556524925582,0.9300930096253524,0.9176551999793219,0.9052456326376728,0.8928676249177556,0.8805244036125259,0.868219106228139,0.8559547822183617,0.8437343942148345,0.8315608192537525,0.8194368499978282,0.80736519595348,0.7953484846835295,0.7833892630139871,0.7714899982361771,0.7596530793023817,0.747880818015858,0.7361754502146596,0.7245391369484651,0.7129739656495531,0.70148195129633,0.6900650375694681,0.6787250980013937,0.6674639371182707,0.6562832915732315,0.645184831273184,0.6341701604966374,0.6232408190034562,0.6123982831365993,0.6016439669149349,0.590979223117472,0.5804053443590647,0.5699235641566247,0.5595350579862952,0.5492409443321549,0.5390422857246335,0.5289400897698329,0.5189353101698657,0.5090288477327931,0.4992215513728979,0.48951421910174986,0.47990759900847024,0.47040239023073127,0.4609992439156372,0.45169876416980514,0.44250150899995333,0.43340799124291607,0.4244186794852567,0.41553399897264853,0.4067543325087968,0.39808002134401477,0.3895113660531706,0.38104862740340195,0.37269202721046213,0.36444174918540284,0.3562979397698314,0.34826070896116335,0.34033013112696153,0.3325062458085313,0.3247890585142841,0.3171785415018462,0.3096746345499355,0.30227724571921044,0.2949862521030582,0.2878015005671273,0.2807228084782878,0.27374996442341626,0.2668827289169826,0.2601208350987463,0.2534639894200268,0.2469118723200836,0.24046413889146834,0.2341204195354294,0.2278803206069142,0.2217434250484871,0.215709293014811,0.2097774624860449,0.2039474498715208,0.19821875060267757,0.1925908397165017,0.18706317242799742,0.18163518469316386,0.17630629376174056,0.17107589871983464,0.16594338102311212,0.1609081050196437,0.15596941846325763,0.15112665301671768,0.14637912474614723,0.14172613460488037,0.13716696890821822,0.13270089979897648,0.12832718570325596,0.12404507177711821,0.11985379034388188,0.11575256132221057,0.11174059264504876,0.1078170806702019,0.10398121058125298,0.10023215678000952,0.0965690832701398,0.09299114403188469,0.08949748338892505,0.08608723636552895,0.08275952903636608,0.079513478867284,0.07634819504846746,0.07326277881827536,0.0702563237805407,0.06732791621249135,0.06447663536584969,0.06170155375929198,0.059001737463916015,0.05637624638075067,0.053824134510193744,0.0513444502152538,0.048936236476208705,0.04659853113923873,0.04433036715670369,0.04213077282111044,0.03999877199191815,0.037933384315635976,0.035933625438588024,0.033998507213937046,0.032127037901489075,0.03031822236107473,0.02857106223956407,0.026884556152197092,0.025257699856638283,0.023689486422313166,0.022178906392525732,0.020724947941914706,0.019326597027031767,0.017982837531860696,0.01669265140759535,0.015455018807017495,0.014268918213645065,0.013133326565537118,0.012047219373982898,0.011009570836677085,0.010019353946688625,0.009075540596199971,0.00817710167518726,0.007323007166178286,0.0065122262340651105,0.0057437273113691845,0.005016478179470596,0.004329446045460372,0.0036815976147863694,0.0030718991600338086,0.0024992805057877376,0.00196264106517674,0.001460855508412351,0.00099277907548867,0.0005572525440129539,0.00015310686313796396,-0.00022083253463733854,-0.0005657417325437564,-0.0008827946274436727,-0.0011731595154742536,-0.0014379959529264852,-0.001678451881844012,-0.0018956610081772851,-0.0020907404211243374,-0.002264788443028465,-0.00241888269778201,-0.002554078387674963,-0.002671406768115503,-0.0027718738091380146,-0.0028564590338646667,-0.0029261145238024255,-0.002981764081368965,-0.003024302540438839,-0.003054595215530753,-0.003073477480540987,-0.0030817544690080467,-0.0030802008868704434,-0.0030695609307258565,-0.003050548303406231,-0.0030238463189675713,-0.0029901080910690325,-0.0029499567971811302,-0.0029039860125408268,-0.0028527601078280895,-0.002796814704197459,-0.0027366571805487183,-0.002672767227238637,-0.0026055974416863137,-0.0025355739608130534,-0.002463097125769309,-0.0023885421758222947,-0.002312259964980967,-0.002234577701017315,-0.0021557996997785267,-0.002076208155358472,-0.0019960639190230722,-0.0019156072880832653,-0.0018350587985196398,-0.0017546200219840102,-0.0016744743628009928,-0.0015947878545716776,-0.0015157099535940688,-0.0014373743279634255,-0.0013598996399082353,-0.0012833903218734122,-0.0012079373431106433,-0.0011336189673443187,-0.001060501499637212,-0.000988640022171694,-0.0009180791180938286,-0.0008488535831929767,-0.0007809891240526667,-0.0007145030439801303,-0.0006494049142133917,-0.0005856972327364929,-0.000523376068088055,-0.00046243169049375865,-0.0004028491886742813,-0.0003446136054208182,-0.00028770994310889364,-0.00023212316972376357,-0.0001778382245447574,-0.0001248400235454028,-7.311346485039394e-05,-2.2643434078872815e-05,2.6585190198602504e-05,7.45875319694278e-05,0.0001213787123219845,0.00016697384484132272,0.00021138803094800096,0.000254636355407456,0.0002967338819530596,0.0003376956486818017,0.0003775366638478772,0.00041627190216786403,0.0004539163004437796,0.0004904847540387891,0.0005259921128981659,0.0005604531779681565,0.0005938826976148448,0.0006262953640430169,0.0006577058101129296,0.000688128606157079,0.0007175782565695954,0.000746069196964072,0.0007736157914450814,0.0008002323295386304,0.0008259330232363027,0.0008507320046078348,0.0008746433231294759,0.0008976809433534072,0.0009198587421224147,0.0009411905064666826,0.0009616899316142735,0.000981370618433175,0.0010002460715554662,0.001018329697444642,0.001035634802462937,0.0010521745912228653,0.001067962164711389,0.0010830105184140848,0.0010973325410645884,0.001110941013109823,0.0011238486050615393,0.0011360678764162913,0.0011476112744048805,0.0011584911324007408,0.0011687196692378166,0.0011783089876189479,0.0011872710734905922,0.0011956177949628,0.001203360901229189,0.0012105120219416676,0.001217082666528313,0.0012230842232838768,0.0012285279586308206,0.001233425016835099,0.0012377864189261345,0.0012416230628673475,0.0012449457225329752,0.0012477650478217583,0.00125009156397482,0.0012519356715756658,0.0012533076459817494,0.0012542176374381597,0.0012546756707934037,0.0012546916453857193,0.001254275334929389,0.0012534363879126431,0.001252184327370287,0.0012505285507700137,0.001248478330467151,0.0012460428135909751,0.0012432310223289278,0.0012400518543813632,0.0012365140830183918,0.0012326263575914709,0.001228397203874465,0.0012238350245183938,0.001218948099165118,0.0012137445849589312,0.0012082325172855235,0.0012024198098856687,0.0011963142554805017,0.0011899235265104835,0.0011832551757038345,0.0011763166365881261,0.0011691152243429315,0.0011616581365956336,0.0011539524540467028,0.0011460051409812877,0.0011378230462355532,0.0011294129042767054,0.0011207813356008955,0.0011119348475858715,0.001102879835798376,0.001093622584392051,0.0010841692671306191,0.001074525948581595,0.0010646985846847201,0.0010546930240025176,0.0010445150085161004,0.0010341701747051957,0.0010236640543439535,0.001013002075865188,0.0010021895654404034,0.000991231747718757,0.000980133747191303,0.0009689005891004854,0.0009575372005770078,0.0009460484118903878,0.000934438957472139,0.0009227134771663259,0.0009108765173664324,0.0008989325321522301,0.000886885884710864,0.0008747408480758168,0.0008625016067753677,0.0008501722577420878,0.0008377568116202383,0.0008252591941300125,0.0008126832472044043,0.0008000327303534505,0.0007873113215737249,0.0007745226188262677,0.0007616701412871407,0.0007487573305411388,0.0007357875520028756,0.0007227640962810256,0.0007096901804288791,0.0006965689491948979,0.0006834034765006436,0.0006701967665208031,0.0006569517552179605,0.0006436713113089354,0.0006303582378563988,0.000617015273405741,0.0006036450936335314,0.0005902503121433256,0.0005768334823983423,0.0005633970985741144,0.0005499435973206346,0.000536475358842381,0.0005229947083762454,0.0005095039177263061,0.0004960052062301656,0.0004825007423505667,0.0004689926450396342,0.00045548298481890015,0.0004419737852572325,0.0004284670242213906,0.0004149646354676406,0.0004014685099491544,0.0003879804968960343,0.0003745024053500856,0.0003610360054153716,0.00034758302973614263,0.00033414517514529507,0.00032072410357386616,0.00030732144330158917,0.0002939387908327262,0.00028057771163503276,0.0002672397416176864,0.00025392638883658947,0.00024063913429017703,0.0002273794340794666,0.0002141487195785885,0.00020094839970852263,0.00018777986167606286,0.00017464447273596306,0.0001615435812141186,0.00014847851815602553,0.00013545059823627525,0.0001224611213501703,0.00010951137386427945,9.660262986699308e-05,8.373507927217361e-05,7.090795583053477e-05,5.811966411783942e-05,4.536790663678403e-05,3.264981063466621e-05,1.996205418208774e-05,7.300992024283914e-06,-5.3372185107036785e-06,-1.7956492456505657e-05,-3.0560691754999425e-05,-4.3153500655535026e-05,-5.573830082994391e-05,-6.831804660123453e-05,-8.089514085440896e-05,-9.347130969672435e-05
15.699384845943769,14.316526420250852,13.869152264463196,12.323262794958282,8.910482041199089,6.993841491727608,5.920685708882161,5.208890782179083,5.296925470785482,4.473721880165613,3.4179210587489024,3.1550874357164957,2.395050235176427,1.4067203969783577,0.5600218050601597,-0.25308810590581743,-0.6316797892810655,-0.5829632826977331,-0.8457097529715156,-2.0900810799560077,-0.153955380353068,2.837273299843446,-0.21456588151340839,-1.2365014721736998,-0.6165584308414509,-1.5197270139187822,1.9455882159646762,3.009376647726185,-0.18058687974371423,0.11636767931929626,1.8776064944281643,3.0837916218960117,4.4387294615254405,7.656541046146117,7.483573527215071,4.462376903816335,5.617922301676799,6.604697001848194,6.2732936806212365,5.8051759358484105,3.9563916989902737,2.3184375397397616,1.7443452766819973,0.8285405395272392,-1.8703788531672672,-2.2198405563233337,1.779750686418879,3.510458396903232,2.3019167197795696,0.7724557377146084,1.3867187797457063,3.46371921485229,4.980551328029605,4.88159421415105,4.238301665347308,3.9282182941833526,3.8400577229883766,3.909774392206714,5.747272553589937,8.756096204630921,10.894659373563854,10.428321013794744,8.259523950201128,7.173400394516307,8.261478216896194,7.988209374844246,6.628408769247471,6.2163509513904955,7.260736079248545,6.107299821973811,5.571320579676694,8.753049286268833,12.20561717790406,13.345802076369978,12.744006071172862,11.874621616457944,9.270206395875903,8.096434581396352,8.655087816406308,6.359336094804917,3.362949130920697,3.1798644601792603,5.965987055149526,6.912988171975826,5.638746966297958,4.813571101675734,5.889994240294072,4.522209719231569,2.3366392904727036,1.0529049373757289,-0.6762661216152992,1.247776078215793,3.7300846809946506,2.6367112412257256,2.3779574286859315,2.319935196356255,3.286336825828357,6.493554562012264,5.93849789931005,2.4521210929244717,1.343954464364515,4.9691823868024585,3.7801570677653444,1.5753605889552773,4.48817455640301,5.159304637353216,2.862939936951875,1.5057763686331782,3.3867825087563688,3.6740674081031557,2.7143286459648834,1.5197297428196634,-0.18052503666240227,0.47814439677881637,3.235991306319079,6.024797227632689,7.318335560294599,5.9390119139000035,6.0447414201173615,9.970928851088274,10.568725444792562,8.285655953836681,7.681426691141269,10.809578590280807,12.230609824499538,13.06135293530258,13.257506428634201,10.44566594180344,10.760909673087326,12.75176692463424,11.278228324845259,5.8676416253824755,4.735830012584756,5.348921261808982,3.697517772484616,5.777165256805574,4.847508178307294,3.5754780204653116,8.216872969504266,10.06801819785096,8.475042743744439,8.162187431591292,12.297234718762184,16.149711851878465,13.839364574400406,9.891576663254227,13.216251995804896,12.125087893853788,11.139802330232897,14.409126225421915,14.079836260920274,12.629029942940065,11.867055322834403,11.773204501553892,12.191758627718173,11.60695128590794,11.109704294652374,10.809126788348749,7.975154427141433,10.545385364481945,14.052204553962497,10.934123824324388,9.85517850143276,10.228670395865038,10.861088809243483,11.234947410948507,8.218195795970587,9.651743861586738,11.961949902004221,7.981055035318946,12.965127308431533,16.095099692793383,13.178979058655614,14.274343420665332,16.421130315415667,14.384800754409298,13.36965688047303,19.984357308110475,17.323155017984163,13.54359444935244,15.548152391189205,15.471115801546375,12.897392642254431,12.485802902250953,13.597374753390682,10.89257359551084,9.351138371054844,10.440416796490467,10.898202430514857,8.164375190127544,8.105327574382727,10.970752047147244,12.998804617223868,11.369778868215462,7.573964642437886,7.173427988979256,8.589670234687446,5.4868677703176445,7.9324554050015195,10.869538785903387,9.693127063816291,9.08332351742365,6.698135729533419,7.5822891246209565,12.477774082348105,14.226616845241779,12.982426880707635,12.54773801473948,12.737106700869617,10.884314212075196,11.867513106216848,11.389439813661056,9.474484851460602,10.763065429755216,8.037199373736485,4.518478627602349,4.479641792767552,6.513556413330889,7.065872788551587,8.448329433520826,7.942573824710962,3.6838902890738154,6.96112681242937,7.96657339502076,6.834535942541152,9.144265853089564,4.840370286623511,4.752526289455545,8.684043236361276,8.76867436280088,8.428502113955574,9.467627101107837,9.494775557533558,8.99959317990215,13.044905867749435,13.96032328862043,10.729933786038828,9.068598233277271,11.707961098583837,10.045803638659663,8.002122736284605,9.287563683720919,8.989418922237633,5.538302718253362,5.025534005650911,7.762035656670605,8.90827838084283,11.092810724776427,10.124905441907572,9.527152047485743,13.849726934895216,14.948835818241832,16.63570011650313,19.188702839710345,19.710871330418513,19.25982085606256,20.020117837990483,19.5382652481303,17.54161122436767,18.37462841560523,20.652112423615563,19.64248250099024,14.916646069483932,11.522498332697523,12.825926166629415,13.813115587997117,14.794470080925521,17.213265283384317,14.974384240614427,14.422222436687207,16.71709182698578,17.861771186389092,16.040617207911282,13.26983294292063,12.294318569192,12.641321570330433,12.17665021222706,12.592588547422338,11.721861305322818,10.584203674826313,11.615548403113166,12.079280792225063,9.070144845930145,6.796042539755831,6.388642032058897,2.6450160750296163,1.8350151023064427,4.84610402912017,8.789563505168644,11.062135121320352,10.287305194956616,7.458065773182625,7.92391422202968,10.179793939065576,4.450994209155169,3.72836726402727,6.070330808280005,5.826684009612109,5.10802865134599,4.317080191947525,3.2231307275176277,0.48750073104292824,-2.0448348616469048,0.8294972740276307,1.6397574057305064,0.37809634317545715,0.5029733258505757,1.8512655241843277,3.1062245700265976,1.7209993710384879,-0.7379191905854441,-1.4106444086564807,-1.6697651817422638,-2.3334741188117505,-1.1203989583151497,1.195069529878765,0.9307757889444019,0.6132433417684524,1.5108779423785563,-0.03723600558407725,-3.5042090737849776,-0.5053023441596451,2.983723125057736,5.097951121875894,4.987601854681088,2.9400410181584675,5.8452949410452675,5.961736826043534,4.8480322600756836,7.313700726078196,8.874376944840378,7.419474202656829,5.523646597602237,5.96094934127359,7.805852131965139,7.24091733359478,5.6938847521522575,7.193811828909929,8.763102603720654,5.108547604087562,4.225449664797225,0.7557785902499745,-0.04075942129190935,4.3229587450430245,2.9968984045196976,6.716961940106785,8.236446454615589,7.186517031503854,8.606785196210012,4.6191981813020675,4.067259975857041,5.3863930523446015,5.246882757758385,5.869551009828001,6.225219201594996,4.213846322739528,3.7140284357319615,7.393057470721146,9.953198130983992,5.496433618773608,4.38658696133507,8.760857101114539,12.207065100492628,13.142559954358376,14.426950179081473,12.348553914275954,9.261483755298059,9.920791004055218,10.283308262868559,7.157185501355798,6.165696172522075,8.137008033185452,8.97350697359434,9.46661615623384,7.681378451707133,7.658848967549716,10.675372570502304,12.268951076265353,10.735458768157628,10.65305630025955,11.208728936699572,10.594648864581131,9.908199552479005,9.62536448372191,8.846576834412303,10.275540302490754,13.363455259833813,13.29870366795194,10.718762831697177,12.499878257301475,11.861372992401812,9.197556627616336,11.879727313519652,9.0660475153054,7.710210736757631,7.804422758648798,8.933600993074378,12.204024376374946,10.170396244500012,10.760953869246464,8.87915323193431,5.34196242138205,8.128641118961468,8.76886351091116,7.641057853417578,5.158075353906042,3.697793311164446,4.413662238642473,2.7348891159477944,3.8893255008533743,4.934656662018142,5.414712498700055,7.260529447941167,6.781195163124721,7.593291688768886,8.73735058658417,10.647030100358847,11.584661916552022,7.120193844420214,7.532862085534816,8.78171169976008,8.628765509299456,8.207383348810254,6.7617640338231695,6.941745207568147,4.778633563661174,3.188500726544248,4.08625817482698,4.821021169831852,7.510459251755265,6.272424584160717,5.610022485815307,8.129446027149925,9.756284690250027,9.339100777068097,6.063308641271988,3.162844651838668,1.8064590245392083,1.2526233385476644,1.8301825275486863,2.445984329651992,2.1835730772928628,2.430570006745711,2.6431386163962998,2.2815925521988447,4.894196855949417,2.0752978842535867,1.6122346683603155,3.9540281608940404,2.616349543881597,1.9048476312905223,0.7097046668595794,2.251730145249212,3.589807220617786,2.839093236013582,2.6010122653474355,0.23156573533992741,1.1012201446413883,3.7080054453081175,2.8934573386495686,0.8874778543927277,4.05583299073237,4.294623129771026,5.202890142559909,3.998694025374789,2.524667008109418,5.771145998912743,3.65260095424901,4.71637478862317,5.332014641124715,4.0110349526429445,3.816585373053158,3.9968737448768934,4.775510361009083,2.330939099031866,1.8760882222572945,3.0693813663725678,2.23196170601841,4.069188417490977,4.452619184359037,5.323269291085126,5.058127697963073,4.582278536085369,6.124638438543798,5.156433150514772,8.438743761742558,6.62712106117192,2.4643342321539876,2.2389281625161175,2.5356511069330736,4.624920041499763,5.1064363567144255,6.758184671989284,8.727350756249507,7.096422436976582,4.390940868135658,6.808504599518642,6.687214671510446,6.843748103801772,7.076714841111766,4.671174339097433,4.237746869181478,7.503751454419216,4.426792338623045,2.2980301441356232,2.5612129412459126,0.2882013634084615,-1.5894640362625978,-0.95066753816036,3.10318813332799,2.4635685521431014,0.6471220873754646,2.503931920351988,2.667284292687782,2.8488343362295154,1.5539380879706641,1.0858028625214047,1.1123208776917863,2.9268114888051286,6.290489447765481,2.591522338795585,2.9814438162879924,3.040864423920766,-1.3321007099600592,-3.0274837337505005,0.7036124075748376,0.43836181144342845,1.905549833046507,-0.020530403761085836,-1.9035742469300203,-1.0259047708467506,-0.5129658529507424,-0.3515803743802053,-0.3002336183801617,0.9911131202622983,0.3797647026667619,0.1853061642789271,0.8445710377243358,-1.5558879246208335,-1.446302722806422,0.021003112814810265,1.574518710130178,-0.8446813558543909,-0.8995876089907142,2.783988199370242,-3.043352967610417,-1.7156051517334845,-0.45369515623008283,-1.0353565303089454,0.703698269965912,2.6268026830912277,1.9805298232877249,3.3794334991273445,0.04213226253523317,0.6166266517120675,3.447389368613699,2.983385241033602,1.98382045124481,1.7899931683384693,-2.920250785414055,-0.8734847120528002,1.697887621864652,1.2799159214982865,1.6785349761248654,2.6526213415615985,1.7214273823340136,2.7608336156747555,4.218680835892428,3.9291621002746524,2.665068677053796,2.643649449358236,2.3783566470906408,0.1800665521952851,4.210973568155396,3.431856064822341,0.504602830794397,2.1139294599212235,3.5066852846550773,0.4487013596487941,0.6315286037306578,2.7061905471089176,1.019023156838557,0.9397385941997527,2.0480708912266437,0.9150259586356242,-0.5020379586014769,-0.8092392695151602,0.36423729797684246,5.337640320394712,10.28422224408473,9.243445919129726,8.576855686720819,10.027098479330107,5.049039610025488,7.051644951664343,6.531648426888296,7.490605030517827,10.31477369405252,9.927277834306551,7.943683684273083,8.942813320154983,10.877755601911986,15.286071151472697,16.698483565489823,17.650048408102748,18.967262444696644,19.82995319518318,21.910927239778744,24.212212808517506,24.32055273721562,26.384088807655417,28.282588787532973,28.047368099103778,28.34365046917742,31.278063069826658,32.319229750477575,29.607951408531562,35.081900709466936,35.97379130327886,35.09287141771074,36.0925018940643,38.93756350185345,41.89615605759241,41.91056981997633,40.05254642449154,37.10415046400453,35.39645375659643,36.35055126540158,31.493369374846907,30.339318627272746,35.02316774380802,32.31682840774306,34.67470391723941,32.80119433877553,31.28179978698438,35.56194141278593,36.69085803970154,33.606151634276785,31.18066219319053,29.043574008756423,29.60379237631571,30.737565878258465,27.74472412097066,23.58268641051893,24.796027481622787,26.605955452920398,25.43356610016599,25.352723534611414,25.18063649212138,22.84779242328773,23.2761923739198,20.345354636297884,19.667156014926604,23.14741659227525,20.98150526534755,17.4083066828116,19.191300563154073,16.12240726684331,17.554946602405153,13.779858836437597,14.584542440981068,15.053879861653286,15.739548960617185,15.36424660246064,12.705477648128863,12.703282043236413,13.531157935506599,15.614860503115096,14.836442399247517,16.319837039822005,14.111827919612324,10.376140260783586,11.284188304005625,11.760375974990438,8.73057091478131,8.87912347510246,9.101320634620834,8.868620359091551,6.756910856481113,6.151283549456707,4.014832114682008,3.852458695723385,6.8301978471643,6.877511472717174,5.092256789168459,5.2218264583659675,4.177064781369609,4.9522505956501846,5.23685275065975,5.035586182656402,5.378739034681985,4.305388008719206,2.892084854814925,4.467700228414174,4.582479007472443,-1.217301661981196,-2.8982435101341935,0.456120424737378,5.204424468843172,2.1411549535620225,-1.7383356109505712,1.582667376032873,3.437363009918272,2.9343408528453665,4.72259539665481,2.3961281639720937,6.464589619225649,4.298225690355821,6.362557537750831,3.9188212240071607,3.373698952809491,5.5579448015851085,3.1925102642976526,1.7328433494288902,2.8010177227720305,0.2905302166795991,2.0373822662149905,4.272228597700973,3.6010899446598614,4.386090129015997,5.663485913365889,7.083974539665974,4.393223386649197,3.1003878941822904,5.231896012028756,6.748196376006717,8.192378700307472,8.544482707896691,9.562074157970528,9.285737974808171,14.72993507960632,12.059271949363165,13.83544831464576,12.513717387594511,13.558059024148406,13.911577805437219,11.828290042722415,12.060074425639186,12.037885609430987,14.346912883177765,11.319841890764792,13.418263091385597,10.24884637865614,10.395677296553345,10.924957063388433,12.366386834467221,10.631624680412642,11.660342571927458,15.084594229052527,12.866693436262608,10.1090281531674,13.168684759738653,14.043190519576115,8.772429777848743,10.729781569156216,10.246876003980674,10.807807940138332,6.401248847476381,5.23156735724865,5.2276187652714725,5.839986359829481,6.525539527539195,6.342770606174554,5.574170304393419,3.887299497357276,5.285350827029674,7.863435491956466,4.9244888691799815,5.632712639242413,7.880152228518455,10.105849570424198,7.073980087704058,5.949291922986276,8.392687296657414,9.324528283393079,5.275405610787857,2.557037003671212,5.815001964019189,7.277460304509873,6.304895475071589,8.251808752574789,8.340498634961477,8.496326759837984,6.713379516697387,7.882470961025319,9.3327689691572,5.639534379180986,3.072424068564601,4.779390249259677,5.681822325975531,4.79626303407656,6.426424950900127,4.031720857751793,0.45016396751361754,1.8359291992702538,3.3812163294331867,5.0080223141031865,5.10465236500886,2.2504512321391985,3.6370678425178085,3.4006089059359965,4.358272077072229,1.0990442213244478,-0.9614280754855145,-2.342068649940529,-4.146264476735951,-2.2942128401803075,-2.3953399960962543,-0.3305948977548496,-0.617621534561863,-1.4406865995948692,-1.3486746949168946,0.2920999925505612,1.3440353582340094,2.231968233193811,3.8982524039309965,1.2947629181242064,-1.1346211718414452,-0.3604496539946922,0.4422101077911975,0.7157259587202134,1.9671019302435298,2.1773410056773628,3.3494186278779807,3.5663271118107787,3.3630848046880146,1.4133815720881557,1.7653576268756979,1.1619772593265907,2.088025872243634,5.291899592075879,6.852316602094788,2.9195887946627863,3.164657259723299,3.9310702171362664,5.578183675764194,5.059713602925285,5.667388103432586,7.052737022220413,5.35459432498476,5.496400205742134,5.311384362111085,5.324487367852271,5.10245834761929,7.624338374085596,6.302761759679129,8.312691155956486,7.354051963103757,8.153685253945241,10.879837615899419,11.14905804367254,9.461073154924748,11.287043999285856,8.868516422465063,10.603712387561472,10.07450775597897,10.705978012343508,12.423807985393069,14.75902811295532,10.937919055321458,11.419364977347527,12.788774829005092,12.59109010973475,13.556431704162605,13.185549120618475,13.037112875069113,16.197685231333935,15.552899415145816,14.697737618405768,14.684883114444972,13.118409308382752,12.307893507943163,13.643417080104257,16.480819438397702,16.086461092951538,16.419877175342435,16.414539196782698,19.37501077649688,22.172443247724573,19.48053727573523,19.786040624960208,21.86396815474609,21.609633038803736,20.163707592573132,20.386893708811158,19.539366361561065,19.67561000961382,19.806100810167322,21.699186488015073,22.905805560777935,25.14876937615793,25.93006179596466,25.641434674942218,24.668899970142263,25.234160433847478,25.055986663949966,23.399106207583486,24.457931606282045,24.150994155419085,24.21408344676223,22.670736901121245,23.15709938117766,25.675188726680517,24.658264358153303,22.143587034850555,24.748554210356588,22.47337362389726,21.95658672148329,20.383516149054003,17.23556389985862,19.965657028404166,23.356249674234903,23.00598660728292,19.903280769667504,20.085035234550446,20.929307090624548,19.22891582237594,18.639197131907054,20.320764339444338,19.142694477466307,20.4121118627815,21.822033673319538,17.531081735252315,18.025542928876177,20.7276765024734,20.5464952728654,22.269397435278222,22.511659989662917,20.478615082078136,21.85194148436932,21.969474367786233,19.348551112915743,17.87677667878802,15.821392761452785,17.14550108568892,19.117682751166683,16.597154350037954,17.54631049432669,16.366020698841567,16.01415955969742,15.494895202422867,17.33372593823981,18.6591758726305,18.814366987079836,15.900201379576856,17.2397777530021,16.08145567138763,18.474099566584982,15.562672115815474,13.120826775843739,14.632939324120173,10.024485300231504,8.40160284297042,8.036139537899942,4.812429923391505,8.747955927562089,5.9562378156451246,7.968244929250318,2.8028305358479315,4.3027606803025265,3.7840677287582025,5.451089281145414,3.9194174418004195,2.2421132523722918,3.28733135670916,4.650032815072791,4.920905898054343,6.08602415342898,5.15056464078782,5.646925490806893,2.9704193581682716,2.2794503738770686,3.079346200021746,4.193305364495586,4.229102503272884,1.5736256025287503,-0.9709850889252607,-0.6466263448745053,2.4060414802890477,0.09424651385199923,-0.5006195391438837,0.17341607160642525,-1.2547036154276725,-1.8049003252120315,-0.6619088006000879,-0.5795071952286435,2.3821974409437985,1.9879634142204736,2.438644984091127,0.2122873733585493,-1.0570890972418852,-1.5217800461725801,-1.8448738493700034,0.10108352660188302,1.3116674067738359,1.1561103326307602,4.1691720582409175,-0.12082698692285021,1.6085005925075961,3.597664725978234,2.108415416459934,1.7706358520789536,1.2622741956670325,2.450060171273435,3.5858246950794523,4.753277100369644,4.7997677192679475,0.6321556859143698,4.697674410331501,2.3198389776076738,2.035085145641915,1.7431296903491216,0.21069357866724658,0.13284232978361388,0.7734280629098294,4.051210110535919,3.2465810285904695,5.374246932724418,4.01428226627479,2.5900531714817703,4.335411229001238,4.300247799546071,5.5977777848975165,3.2162461743901645,2.7265084815651335,1.3924130624015447,4.486566545149458,4.380360819208249,0.8995635460238418,1.9550859919747836,4.190169655748889,1.8705228815409782,3.0005620906227364,2.195726466432234,0.8857249118825621,1.2659826630486464,1.4260899064953492,1.1218964678142243,3.1684561315504993,3.348046691153229,2.859907293148069,3.394701309802599,3.035639434815664,4.7758746493690865,3.293007873268323,4.517630271387475,4.835990638284272,3.533263098003488,4.539518751928313,2.735572977021718,3.4120917705138254,3.5775142935772237,3.5744773642222754,6.352459483723578,3.459113844736123,3.141281237090709,4.471363628144388,4.031650366438498,4.337779962753075,3.9851329563437616,4.365415136281911,3.019074568906774,5.155229538313051,6.0384179485629375,6.148356631555089,3.2434178212056395,4.9530058514388315,2.811462475977862,2.9100137188701183,5.150767891376347,4.680583990318269,5.067249452518979,5.40485739908695,5.443841997139998,3.3357599201852395,6.470601135236279,5.786115285496237,5.665608007733169,7.214033530025517,4.264647515843876,3.326913403349465,2.852646499160528,3.743277255719647,3.4792763675484935,4.994239154841011,3.646931488300993,2.371069911083225,6.7323286094620585,4.9729257220577665,3.3971514681639974,3.1979064096256025,2.6963561494318924,3.7627382364058803,5.114732576688823,1.8949149403821934,4.098674306817202,4.288080374036895,4.002405799357348,3.4088219812086322,4.289459634576872,2.3446315066129273,0.7119057748971613,3.7942007243430567,2.633136961251978,1.0058998980520073,1.7919390881543222,0.42099695313032726,0.07248004199783509,-0.8509232779730951,3.0577783317547755,2.5534545069062915,2.741835173131477,2.1471833259302002,4.574737028415768,3.0045388164831195,3.8617449042957332,3.1986779536098595,2.42982759840595,0.918749314905881,3.0648870082237636,3.860808881247266,2.293330266898778,1.2950211169024897,3.279957501305887,4.058119901669983,3.8209429393334915,3.6947210593152136,2.436424594071042,2.9805747761159296,3.257801603111403,4.095600619388222,1.2004801050204037,0.389116387553031,2.178564092451836,0.2808546129116394,1.7782583820832372,-1.3433134478976854,1.8027764156382204,2.4084153805695507,0.521630811216113,3.9295703144545655,3.022225683279629,2.387113342143209,1.3196961906182594,2.9872935790195925,2.6020550479579754,1.6386420463460922,1.5780786779302218,1.3246982087642891,0.5692564765865029,2.2028876046339576,1.8762166260150082,0.9168550478853774,1.0262240042319775,2.992734893801554,1.1891953750231892,2.3179110980680093,1.7512925746563894,3.074701744873721,2.0195422437934667,4.077471305268801,2.4061615861986354,2.0278025476488892,1.7710256708114969,-0.12965397683942115,1.8921418983881324,0.757620754619694,1.8430069506104303,2.0980110974782633,1.3655473573919892,0.8750042920942747,2.840969301382273,1.5068993264589778,0.1613254873210508,0.3376823177280528,1.7425305560105926,0.6487761215744854,2.119714774220995,0.35026452332675717,0.5892219504768832,1.180918880550223,1.4676881781362,-0.21535481749413066,0.3908095051067164,1.900976815180087,0.5895344176911976,1.4444161804371731,-0.035671382660183326,0.5829909152621724,1.094779352495351,0.8484982496171369,1.0355268909696065,2.694000457490347,0.05794636054858415,0.6940943788322897,-0.6483305975777682,-2.28319884078374,0.30613116667896634,0.6779952988732703,0.5116705613584145,0.3707112356440234,-0.2986380182397852,2.184395010556699,0.884267740376032,1.191716057644527,-0.7073277064349668,-0.20653644237029312,1.3327878534765318,-0.28343370120981604,0.08703884770312698,1.1760478697163705,1.6690032305098725,-0.2832769966459807,1.3112421356345294,0.7947875881637572,1.0013006681688807,0.39816071374985995,0.7142063134625118,1.2401809232730159,1.816083298820928,1.2081205678211404,0.8301284605598482,0.268519490808103,-0.5490310932931948,1.7728643318886554,0.5034544162144243,1.2493747172194674,1.8884552001014754,0.1683834932066759,1.0703675438483344,1.404854174102752,1.0680902699079127,1.6707695982010193,2.17568237672711,1.5152689247090336,1.6326962725123053,1.0194558839363879,0.7690745819718927,0.2154202741871245,1.2885369387040555,1.594066676633588,1.1203113723425133,-0.03755469061556482,0.15305110654772136,1.109431603044726,1.351360020732102,1.5733836404453427,1.8457896591532403,2.5427667888496757,1.2451380784337687,2.8249097942077697,1.2550554851866877,1.230250993578096,3.3153655175293295,1.0613750047213415,2.1116699272552637,3.3188462785361708,2.127006798809745,2.37776823969881,1.62773584862164,2.1805620595360438,2.3832188457745644,0.7790814660315419,0.6212798845269845,0.10428157302204966,3.4073332990598146,1.2471116293257865,2.3811329386977604,1.0543249763657485,-0.04240848926929175,0.5341173937261203,1.883315008945587,1.6138587715321933,1.1327017168911908,0.1709086575186518,2.6402007257457,2.01677504999644,3.04601642192074,1.3758210281705487,2.937219211245491,1.1869064592660266,2.537495325029255,2.6448385990867678,2.807511901736717,3.0241409427973167,1.3559961098314375,1.2812176051753852,1.5648793944918395,1.7031649344621655,1.6614195125847573,1.076710658150688,2.08981362005116,2.3084530023970444,2.114683339478077,2.1909892325901126,0.6647784724398207,1.4498203249708013,0.702613176660492,4.083828547812928,0.7439526467714188,1.7418651333598518,2.2127776852919396,3.036729076602569,0.9569322985256008,3.4312454243641355,1.7999650913959044,1.814123677758431,2.382277490479197,1.427173329001505,1.9249024811031745,-0.32345458930751647,1.5639166421170216,2.2109374785851514,1.390599806659452,3.1505687537229505,2.6271476137625314,2.484379844224179,0.9618320163035605,1.5320721617429172,1.8612793611207508,2.3713316995231253,1.549803792216892,1.678345029542868,1.3889998494981342,2.044822959256919,0.7584721985779765,2.657734292093039,1.709644545813262,1.2364397211676987,2.9266512694605353,1.2033762532156516,2.849864640533667,1.822362800173721,3.394713251455528,2.4030218202317997,1.8905167956182254,1.9543202693972148,1.5854445251588345,1.7032387482291824,1.8367702881437253,2.483062867082822,1.5750073331201975,0.7976610340702308,1.5839296709885957,1.494778252372214,1.2704395116255682,1.815933325155811,1.9617707753341733,1.1542998601062635,2.2552507664947825,0.6229813737091945,0.37249835276799104,1.2497516107311597,1.4617086260516956,0.558308553964828,1.7359404462596402,2.78209589899177,1.989168220609379,2.01801586493508,1.5214671491305012,2.327059508623961,0.25876729945093757,1.3337676173530326,1.4491012712088036,1.4105804514124998,1.2949637061336148,2.0567255069367434,1.0092192852451944,1.664677508753364,0.8495338992137818,1.0842947353001406,0.711697503457458,1.6653151529902246,1.263062755636895,1.7860586467799635,2.193109634128575,1.8035837176355471,1.2274332421516831,1.8267275291518672,1.6664051926508705,0.3138117379652954,1.2700731739373055,1.8064875971684842,2.229165904499041,1.8908611155873203,2.28958206965558,-0.20450453262299106,2.3484127084453803,1.7274111331648712,2.067891089186162,1.6958273974148028,2.284263458588555,1.5621201894091996,1.7798408001248802,1.0584852576134267,2.56107120599313,0.2180607941294852,1.8238914396833934,0.45762273089229666,2.3192666798057644,2.4167728747814294,1.5500866744474706,1.998691159621842,1.273728191660723,1.61016297941444,1.700407656362529,1.5526128729467814,0.6228661212869042,0.949610237508864,1.2275265513601425,2.504613558369442,2.088242342494425,1.3109187775143596,2.5829187615387923,1.4747963818978747,1.2918504932647465,2.1377959405282354,2.8376189542844372,2.5488327119943506,2.353316104671535,1.3910913841689876,1.117644586783399,1.2190409859227884,2.422311777166726,0.41367840284272006,1.965543703672438,1.3841430290584,0.07222718736630185,2.222326511633476,0.8531546467662068,1.586055630672547,-0.06502366352282252,2.0081627951053633,-0.02365739226979713,1.6211822005877252,1.0910417308261344,1.252155720453061,0.7237226021472942,0.8734605808330151,2.2078435874020634,1.4982571170111783,0.7917383757956067,0.08580583485968774,1.4346509360607307,1.4555983524215321,2.0292839996078555,0.6005240218713652,1.0609460365601535,0.37566583644394314,0.3534918877386417,0.5240253894791636,0.24755598191387662,1.0847440414626135,2.455912929433172,0.766783237525889,0.26756345577069496,0.7055208659273262,0.14202871054783728,0.8250236534535134,0.4339723430418303,0.028882192986202426,1.3175228721466965,0.8893226005725445,-0.23564745177458235,1.0775176279219636,0.38642215264934876,1.19645856616836,-0.09336500374604384,0.6759520505224828,1.2309542906888282,1.1765450518151397,0.11301176217693865,0.8642116023902986,2.403915529611883,-0.17952161630660513,2.6022791781575734,0.42886272051509877,1.8362512954750514,1.5502712220090267,1.049275872401779,1.2849461006298952,1.3287098176074892,1.208928780973963,1.5838836676217056,0.9573922192190025,0.5819616705347244,1.3439740537868374,0.1490908229776018,1.5791093145572859,0.45606503976443946,0.9312017259501317,1.5757688531990084,0.40765773047246867,1.0044595213623175,0.8281971876834859,0.31444247996529384,1.2983127354726811,1.4530180639814603,0.8190207952895356,-0.321974477354674,1.2843663045144318,0.2723414007035654,0.34840298768796174,1.221688761583664,0.9673460958854339,1.2053983405519944,1.1162220279211965,0.8454922224399883,0.13916654600075162,0.9477847503017642,0.8667802193648981,0.09036973547551952,0.90050040195581,0.6348501327930194,-0.056448070768567504,-0.4335472206767008,-0.8012078861933105,0.18715318648207813,0.6754179851101867,0.0873270679080651,0.17379797328112545,-0.2761467581118513,0.4007419671376642,-0.4339073681303489,-0.6165816699658535,1.2328368693549105,0.8869587339798386,0.629969029951269,0.10070041102920868,1.041521120137359,0.4643487599414584,0.3315450504516093,0.38587194142712633,0.22043410002203245,1.3013792151058396,1.3264671590100665,0.5220669497460335,-0.16137530259015698,0.6529704320587921,1.5486504114927584,1.4199903997474639,0.5632391856196932,-0.09509316288858827,0.12726832714292868,1.77687454869465,0.820978362611072,1.2417250301743366,1.1077637131126608,0.7489977595896562,2.087717606394051,0.27362393188241185,2.16946995527303,0.8823469040052601,0.6159653945897503,0.47953541361505536,1.770342905360506,1.2454792547382567,1.033614839852703,2.2477472305449737,0.8867009578087295,1.0333705335514765,1.343819135587978,0.3461944560110055,0.7387757358806084,2.263774142697116,0.3383780726346117,1.4613920971616494,-0.07704223284605405,0.6514687456482875,0.561431099330207,1.6162123333392628,1.3883794205974596,0.9529148294492416,1.3276319288298186,1.3804387876095348,1.4110336937633843,1.438915746318969,1.4655518292259995,1.4910601870591318,1.5154683187775486,1.5387959448400448,1.5610626341585299,1.582287801765231,1.602490706586023,1.6216904493180646,1.6399059704093002,1.6571560481387433,1.6734592967944746,1.688834164948899,1.7032989338284192,1.716871715776163,1.7295704528052038,1.7414129152414812,1.7524167004538054,1.7625992316698085,1.7719777568752857,1.7805693477964137,1.7883908989614365,1.7954591268415339,1.8017905690687694,1.8074015837293,1.8123083487300828,1.8165268612383425,1.8200729371902167,1.8229622108690346,1.825210134551126,1.8268319782165445,1.8278428293241387,1.8282575926496616,1.828090990184533,1.8273575610944572,1.8260716617363055,1.8242474657309895,1.8218989640926093,1.8190399654102958,1.815684096083542,1.8118448006076147,1.807535341909782,1.8027688017324959,1.7975580810644356,1.7919159006178784,1.7858548013491014,1.779387145023291,1.7725251148199828,1.7652807159798822,1.757665776491363,1.7496919478145383,1.741370705642792,1.7327133507005197,1.7237310095749176,1.71443463558205,1.7048350096647464,1.6949427413219933,1.6847682695695863,1.674321863928979,1.6636136254448939,1.6526534877299905,1.6414512180353977,1.6300164183466546,1.618358526504208,1.6064868173466476,1.594410403876962,1.582138238448918,1.5696791139752673,1.5570416651551664,1.5442343697194456,1.5312655496946928,1.5181433726840492,1.504875853163865,1.4914708537964412,1.4779360867560722,1.4642791150699264,1.4505073539715436,1.4366280722664992,1.4226483937090943,1.4085752983908133,1.3944156241386718,1.380176067921921,1.3658631872685287,1.3514834016887658,1.337042994106751,1.3225481122980778,1.3080047703339215,1.2934188500307169,1.2787961024044971,1.2641421491293823,1.2494624839998192,1.2347624743958914,1.2200473627515844,1.2053222680244158,1.1905921871671676,1.1758619966001316,1.1611364536843194,1.1464201981946172,1.1317177537922003,1.117033529496437,1.102371821154689,1.0877368129110305,1.0731325786722419,1.058563083571583,1.04403218542876,1.0295436362076185,1.0151010834684353,1.0007080718172556,0.9863680443496019,0.9720843440903177,0.9578602154271021,0.9436988055393822,0.9296031658203656,0.915576253293521,0.9016209320218405,0.8877399745105077,0.8739360631028585,0.8602117913678153,0.8465696654808976,0.8330121055964224,0.8195414472114617,0.8061599425221271,0.7928697617703033,0.7796729945819134,0.7665716512956333,0.7535676642830804,0.740662889258429,0.727859106579329,0.7151580225367393,0.7025612706356679,0.6900704128655075,0.6776869409590045,0.6654122776421882,0.6532477778724779,0.6411947300656475,0.6292543573129006,0.6174278185854387,0.6057162099294242,0.594120565647982,0.5826418594727425,0.5712810057229358,0.5600388604538562,0.5489162225926503,0.5379138350622821,0.5270323858941861,0.5162725093282443,0.5056347869009965,0.4951197485217431,0.4847278735364835,0.4744595917791212,0.46431528461044813,0.4542952859453617,0.444399883267236,0.4346293186297867,0.42498378964717,0.41546345046981337,0.40606841275029915,0.39679874659435477,0.3876544815008156,0.37863560728891166,0.3697420750120255,0.36097379785996786,0.3523306520482361,0.3438124776946534,0.3354190796842982,0.32715022852067754,0.31900566116536133,0.3109850818650539,0.3030881629658193,0.2953145457153692,0.28766384105227694,0.2801356303838798,0.27272946635070916,0.265444873580007,0.25828134942582714,0.25123836469725624,0.24431536437594836,0.23751176831922116,0.23082697195320456,0.22426034695268804,0.2178112419098266,0.21147898299056855,0.2052628745798284,0.19916219991466555,0.19317622170575355,0.1873041827474804,0.18154530651645295,0.17589879775885997,0.1703638430661254,0.16493961143981828,0.1596252548448529,0.15441990875245715,0.1493226926709763,0.14433271066707043,0.13944905187503132,0.1346707909956404,0.1299969887851926,0.1254266925322991,0.12095893652650425,0.11659274251439733,0.11232712014697022,0.10816106741600429,0.10409357108039607,0.10012360708293322,0.09625014095712281,0.09247212822412898,0.08878851478004712,0.0851982372737421,0.08170022347513672,0.07829339263429169,0.07497665583116309,0.07174891631660607,0.06860906984371518,0.06555600499069492,0.06258860347497652,0.05970574045841026,0.0569062848437607,0.05418909956330076,0.051553041858594995,0.04899696355249539,0.04651971131192845,0.04412012690448641,0.041797047445752966,0.03954930563940984,0.03737573000921479,0.03527514512393104,0.03324637181475332,0.031288227385344314,0.029399525814708838,0.027579077953246767,0.025825691711416354,0.024138172241519484,0.02251532211357521,0.02095594148346258,0.019458828255833893,0.01802277823946774,0.016646585297165117,0.015329041489847484,0.01406893721366309,0.01286506133180687,0.011716201300712825,0.010621143290618917,0.00957867229959497,0.00858757226398943,0.0076466261618843845,0.006754616112571554,0.0059103234707418295,0.005112528915502068,0.004360012534787572,0.0036515539050565593,0.0029859321668919137,0.0023618903105084854,0.0017781417652695808,0.0012333765778276273,0.0007262671912808827,0.0002554738384201727,-0.00018035043774666804,-0.0005825551235734139,-0.0009524879195641489,-0.0012914907587191493,-0.0016008961445113101,-0.0018820237942822615,-0.0021361775766326474,-0.0023646427279135906,-0.002568683336166444,-0.0027495400794368408,-0.0029084282059574917,-0.0030465357436373353,-0.0031650219267493895,-0.0032650158287896858,-0.0033476151892859463,-0.003413885424267349,-0.003464858808344573,-0.003501533818566216,-0.0035248746299902933,-0.0035358107523411064,-0.003535236799224961,-0.003524012379672925,-0.0035029621036546388,-0.0034728756934914173,-0.0034345081921305365,-0.003388580260891061,-0.003335778559575786,-0.003276756201048059,-0.0032121332737933272,-0.003142497426553703,-0.003068404507759581,-0.0029903792548697794,-0.002908916028390607,-0.0028244795839231784,-0.0027375058788283724,-0.0026484029080524607,-0.002557551565248062,-0.002465306524813471,-0.002371997140985016,-0.002277928361936077,-0.0021833816525731464,-0.002088615926540527,-0.0019938684818630037,-0.0018993559390896309,-0.0018052751796080457,-0.00171180428105977,-0.0016191034487196276,-0.0015273159408497605,-0.001436568986720843,-0.0013469746950267592,-0.001258630952294837,-0.0011716223102684609,-0.0010860208603293842,-0.0010018870946186809,-0.0009192707537426514,-0.000838211659926813,-0.0007587405346516363,-0.0006808798005994987,-0.0006046443695613135,-0.0005300424122669511,-0.0004570761137205892,-0.00038574241114197605,-0.00031603371707156214,-0.0002479386247973281,-0.00018144259866126333,-0.00011652864844968747,-5.3177987412666994e-05,8.628182738945611e-06,6.890866552389241e-05,0.00012768226349457734,0.00018496777238219408,0.00024078397495763681,0.00029514963546084516,0.0003480834942006794,0.00039960426170004837,0.0004497306136368451,0.0004984811855006654,0.0005458745680453347,0.0005919293023435301,0.000636663874670873,0.0006800967120721424,0.0007222461778706446,0.0007631305672344268,0.0008027681032540812,0.0008411769325658014,0.0008783751216565605,0.0009143806528850718,0.000949211420900653,0.0009828852287778744,0.0010154197847764834,0.001046832698703426,0.001077141478843302,0.001106363529059351,0.0011345161454965336,0.0011616165135119871,0.0011876817049465416,0.0012127286754530786,0.0012367742620522648,0.0012598351801766938,0.0012819280215676798,0.0013030692520015208,0.0013232752090726052,0.0013425620999765187,0.001360945999634211,0.00137844284858879,0.001395068451470749,0.001410838475178977,0.0014257684470617704,0.0014398737531546857,0.0014531696371573588,0.0014656711986145154,0.0014773933914948856,0.001488351023168022,0.001498558753324275,0.0015080310927810814,0.0015167824027439991,0.0015248268932719355,0.0015321786231634604,0.0015388514983083468,0.001544859271573884,0.0015502155416680097,0.0015549337529119356,0.0015590271943874967,0.0015625089998234643,0.0015653921472544852,0.001567689458452648,0.0015694135985864222,0.0015705770761069715,0.0015711922425776237,0.001571271292219123,0.0015708262621938474,0.0015698690320942177,0.001568411324511132,0.0015664647047497482,0.0015640405813979186,0.0015611502064398763,0.001557804675142549,0.0015540149268513659,0.0015497917452744758,0.0015451457583690598,0.0015400874393076691,0.001534627106648756,0.001528774924564047,0.0015225409038617244,0.0015159349021569568,0.0015089666248950806,0.0015016456257495037,0.0014939813074743569,0.0014859829224729282,0.001477659573934531,0.001469020216573469,0.0014600736573111561,0.0014508285560719258,0.001441293426976742,0.001431476638797946,0.001421386416437187,0.0014110308413233241,0.0014004178528903566,0.0013895552494300745,0.001378450689058397,0.0013671116908522407,0.0013555456360432316,0.0013437597691545733,0.0013317611990810718,0.0013195569002260044,0.0013071537140358913,0.001294558349909991,0.0012817773866213855,0.0012688172735106917,0.001255684331566087,0.0012423847550149247,0.0012289246124606024,0.0012153098479057434,0.0012015462826848733,0.0011876396163739145,0.001173595428154428,0.0011594191785189167,0.001145116210294006,0.0011306917506868075,0.0011161509121944135,0.0011014986941386695,0.0010867399842577896,0.0010718795602979725,0.0010569220913208,0.001041872139067479,0.0010267341595504575,0.0010115125048155704,0.0009962114239652209,0.0009808350651479003,0.0009653874768655868,0.0009498726094516741,0.0009342943166057438,0.0009186563570988682,0.0009029623959673216,0.0008872160066157875,0.0008714206719542261,0.0008555797863873948,0.0008396966572927766,0.0008237745063848223,0.0008078164714202529,0.0007918256076759889,0.0007758048898818259,0.0007597572135846775,0.000743685396853877,0.0007275921814180464,0.0007114802348251459,0.0006953521512382821,0.000679210453766288,0.0006630575961121821,0.0006468959635395066,0.0006307278750892209,0.0006145555852281603,0.0005983812854974957,0.000582207105592758,0.0005660351155807319,0.0005498673272636978,0.0005337056955436736,0.0005175521202414046,0.000501408447858509,0.0004852764732827808,0.00046915794126611843,0.0004530545479024539,0.00043696794227621183,0.00042089972805392506,0.00040485146536006766,0.0003888246721981403,0.00037282082638334657,0.0003568413663952441,0.000340887693310421,0.0003249611723941115,0.0003090631348623418,0.0002931948793030159,0.0002773576737791217,0.00026155275662453903,0.000245781338376716,0.00023004460325459775,0.00021434371103445926,0.00019867979824361726,0.0001830539799225761,0.00016746735133033042,0.00015192098902439,0.00013641595319136002,0.0001209532887838094,0.00010553402705504311,9.01580020791215e-05,7.482400320490967e-05,5.9529927112222936e-05,4.4272929981659104e-05,2.904957869809266e-05,1.3856001997325507e-05,-1.311959126226725e-06,-1.645860061394444e-05,-3.158820539006513e-05,-4.6704893465587816e-05,-6.18124722127078e-05,-7.691428624134744e-05,-9.201306852624214e-05,-0.0001071107904540014
26.711122736374364,25.910607393442547,24.688885766117323,22.291863236756853,19.3116341250809,16.443928216935433,14.575574441221875,12.539628109792602,8.924697276161396,7.625174872691446,7.044669247870161,4.121394921261071,0.7782458837419881,-0.015741707823849538,0.6116664677897461,-1.0472511670354834,-1.7920131260847256,-1.4693077311374054,-1.8763060513246046,-2.2675620705679194,0.277132454984212,3.904570718048035,3.1119487156579453,1.7668233825161224,1.2306478265052192,1.166937967106378,3.183362432767808,1.6946576063370458,-1.2371626156428874,3.2045541657801095,4.352952089655332,1.6391974355144612,1.5487163015004626,3.7192173366795487,3.651873390716105,1.47120899213337,2.016103773017335,3.0598854605208317,3.429348377060819,3.3527757968782907,2.4134921551855086,0.7014133487921299,-1.158510787153773,-1.5871678899891322,2.225461868299135,5.438352016967997,4.4262351400717534,4.975464371579847,6.2187058794004315,5.647267912020425,3.31135702183758,3.1951391574602894,4.587650541830044,5.637424148687387,6.855541321132023,6.478668776022118,5.90362879466079,7.745748869859767,9.55101996656822,10.418654931409947,11.14128606606323,12.3357023451847,11.34916037930202,9.866317889122797,11.039665933094966,12.985622805690582,11.920031966946453,8.474140851774337,7.199422753864383,7.908031271836194,9.522226706242463,10.383763195738652,9.199689336913934,11.179738234856586,15.352367660622917,16.016420009483454,13.901278133659162,12.058527873573098,11.880390886551822,11.938164772506866,11.356917915966733,12.259947488112402,13.828349817402,9.168451939891952,6.559247965835311,7.462470346452392,5.560920212976043,5.126448243360755,5.996212176656513,5.832442481455928,4.963811897824371,7.945799223207928,9.690755317265257,5.662116670855994,4.513931598733507,4.110086716626938,3.7258451419975245,4.808771827391411,1.3541608449579599,-0.6269471437178709,2.0062491297201177,2.601283214623436,3.5250366042505448,4.485393949699983,4.079704881598445,4.252181375001328,4.437147301681875,4.0265677097576145,3.77648191066271,5.024044535830853,3.9662120851414784,0.8546890912261915,1.105852541657896,3.372407463540185,5.7538361171421,6.783946597366594,5.810755408108662,5.809719781117792,7.565561503787421,9.108057934882254,8.337041828954511,6.901063291469427,8.104921594187772,12.706235142983587,15.24301704105028,15.165083320176791,13.906074171444402,12.452606785050648,12.53269100355476,13.757147924254923,13.25834280133654,8.391112657801727,3.7364894798803334,0.7618569537537496,-0.8193688932020677,0.2372337495779675,-0.7258216994950999,-1.205499384795644,3.174961996654929,5.987526111966986,6.71242047091107,7.487464757942462,8.6160663651807,7.035726174280171,5.994613150601253,7.950002001244002,10.504979822129144,10.716124125113993,9.859005512183103,9.834864900427192,10.526509603849263,12.160556988121925,11.069702467829188,8.526703718061981,12.871455978815675,15.50263049288435,12.472949950291877,8.779898674392143,10.693908959995042,11.479919059857593,9.180148872189648,8.19790113158433,10.504775994463671,11.05741918417857,8.923071076726956,6.656763911115263,3.743765850449222,7.404085603095268,12.780338924918397,11.044132530593856,14.679938067700505,16.298751958310277,12.035739078376082,10.041992849756753,13.65036818604949,16.710442629465206,16.786330931396378,16.407539238597565,10.93297875747146,7.595643526322533,10.999131958907356,15.3123493266055,14.880164156351839,12.834613854002782,10.69079097802296,6.293620787791042,6.22740735641878,9.040382350312257,9.782974078762209,7.219599204833912,5.645007885951713,6.751288424767608,9.016112055526264,9.629551681093858,7.353700787099569,5.391203654030733,6.265443573097855,8.741990796391633,10.60893692211414,9.33296154145637,7.687872090964902,10.433925269203428,10.18190190829182,9.51377320320762,10.442112358082113,9.324218188169425,8.766045691074623,8.871717877293804,9.026484810405805,9.400812951974103,9.08820252888222,8.079186519338919,7.775857051325829,8.812727319906685,7.985503590215103,6.264451792987302,5.748132958846327,6.468518136501416,5.894833659223423,2.2089516978063557,-0.5740652484701059,1.3843314269033726,2.144741912119116,4.352788229593102,8.493935937266997,10.441467540615804,8.310485984784236,7.921293366082182,10.316236848208973,11.727543173828053,10.488085026635872,8.340218780855594,7.247430132995532,7.802415371323832,8.924408145302664,8.906298550715746,10.499532919811486,13.146779838740258,11.128475398386172,8.582049003861925,7.892853752120118,7.228834655346532,4.539308006754027,3.620696310265771,4.617260971342489,5.720321138844611,6.5776163983432525,9.238191915721472,12.183221105350867,11.954789543720722,9.714610495248735,12.803839388248434,13.794404605353975,16.646416842565145,23.40677740862907,21.43549629921381,20.506460563840733,22.466736260825655,23.903316597057255,24.63347817728186,23.942879004977044,23.43046807730377,20.696595805728975,14.252559965704108,14.481665540365157,16.878361107123396,17.260335982723745,17.27914010076279,18.823748426615907,21.12743351415088,20.47919113251737,17.395126754527837,16.94053814101312,13.979183227354156,12.49804823534646,15.46055841855491,17.980528405739506,16.186480752260536,16.800320004487958,19.80054088701911,19.6710685733251,17.25019637401101,12.793085749761985,8.721644483118439,6.11970534684383,2.9327945774743966,0.4742966862946787,4.244363469434347,9.426069038875085,8.525912375130929,11.266639074702425,9.626487045561817,6.791090529954545,8.239112592634228,5.325192181745251,2.394140761364497,3.1057106692996967,4.7043097656630835,3.3667186468715045,3.3797027904729475,2.5819072201563813,0.5311538677340195,-0.9171281712973496,-1.5234156162748604,1.762859049282838,3.3141168025781553,0.3862623312463711,-0.504362996770169,3.582471308000777,5.042933345412848,2.800717712540745,0.4480976037286837,-2.7502907855005105,0.7802472893156391,4.38536885911185,1.974451579923425,-0.5951292838763038,1.6096238932341294,3.923814237931424,3.2318000870235437,0.4907543263432217,-2.301134856457338,-0.525684205613743,4.7512302846232615,7.140190460995427,3.704048202933677,2.8235868047565873,6.229930987253056,8.294586048227984,7.8699526585869535,10.13814257383956,7.594499184375309,3.6714376206755333,4.136943542834388,7.638335739896206,7.552668915336426,4.466225524421361,5.701432286682348,9.108303365653,5.979967589099033,4.2891793387998405,2.6865488438506873,2.281120963022886,4.412042825495405,4.177128324522641,-0.10449561128291407,-0.3039490530529747,4.634406775087541,7.732461216702632,6.854083132384403,4.777325179791887,2.813686596800835,1.4323809873048958,1.6109224550787076,3.1359069919088824,1.8830417566148299,2.244940332705937,6.585041310700717,8.280943212873126,5.767311774087602,4.541983287832636,6.937571302896913,10.16333686309008,11.04627713486991,10.506649987111473,12.69035915671816,13.356954790866212,9.630060474726633,9.756650508557186,9.009760241327399,7.288705784623971,7.069828716244615,8.220949377303668,8.764428417558065,9.844024590450317,7.505229171418023,5.324172099933776,8.26931654932207,7.3823673479905665,8.332164727883878,7.070995448335225,3.219907642492558,3.247482916091144,4.114551088032158,6.915669679812254,7.259678028034841,7.516767316799815,12.338133863613393,11.138584074149549,12.338111108549697,14.925920880284593,13.59379375260778,9.560791311023877,7.094252590252381,10.304106000964339,11.720140084249351,10.176707780474317,11.661786346273175,10.076743133890318,8.085944817673408,6.743222396326473,7.088734184959776,9.0073643868609,7.40517569566282,6.69836174019963,5.989638846288244,4.615365248033868,4.692782369641009,5.294148263621082,5.7602752007072695,6.078032051124637,6.132297362976715,5.521694193751273,4.535152604894165,5.209160699431322,6.951849193280282,8.352439590036056,8.8410340457649,8.146439935977355,5.773586798954966,5.424913123960323,7.533874889304229,8.327628702680386,6.4976858871452805,7.162986132211699,7.152063204185765,5.649834430419219,3.7272637863381988,1.6138840183234606,1.1559877539348236,2.240822049188182,2.2914614812191303,1.8559804030809346,2.622406551962058,2.447895897421631,2.345732076465538,0.015843989122686253,-1.2958802264954556,1.9295798903572177,5.161269836671977,4.883676811013402,4.5203133747252195,2.3460709953149035,-0.49263831564792326,0.6881948750497031,1.4458148582087915,2.2120996448733194,1.1557435077559148,-0.7334535446094606,-0.21465402160674785,1.7777548949761695,1.8642587538952284,0.8221422425374385,3.4222201353006767,7.034611323588024,5.154190215955168,4.196667919840365,3.8790245585131515,2.4352076090133323,0.5333682620414493,0.04685766008969949,1.3739902712197818,2.9137519455263146,1.0932045675801874,0.11248101963917634,2.0105202269846814,3.2028480177125402,4.577585233710124,3.401941752048515,3.243847206884311,2.808254817961142,0.8599319337629368,1.7389019696049672,2.106843528246145,2.2584916791804517,3.165522199186171,3.693653607942906,4.591538678890629,7.875530011416458,5.978910898097865,6.27514939083369,5.845842826444937,4.944707054862192,7.296343571900934,2.7753777929679018,2.5390271772738515,2.824525996335069,2.690458365421364,3.457493078287939,2.9934178002686167,5.037235671260987,9.183235176351673,10.005318554716268,9.354059490488112,9.732008206331216,8.596792114503614,8.563935603281152,7.444518841885383,7.897216357987986,8.55256472777728,7.5877916322515375,6.620492549496248,2.438428214442638,2.0116096765352722,2.039906139813411,0.965374107155526,-0.9112265092697953,-3.482312163362394,1.6681813918078205,4.073479342904989,1.0017310261812327,-0.06040877008399548,2.915157513309623,4.1507419007963335,4.275821652638797,2.652173418713005,3.376680843187728,5.067894785483077,3.9079644001635643,4.177549077191884,10.999898147765407,8.946258572201941,6.882248769423086,6.286401302787567,4.602763184147648,4.773183531090581,4.300424086864837,3.3060205314627638,0.38556817342805516,-1.2704893764848748,-2.6260054210786166,-2.402328009529924,4.506796490031775,4.269229965180671,3.4957659817173408,0.1677421121135012,-1.181258326985926,1.6369500150710792,0.43916525761289904,-0.9070333937272608,-1.1914154100450105,1.9185731703195188,1.6367236899761792,0.3515709520213477,3.0427140490038482,0.21917098362791876,-1.990777850360928,-2.5264790342591823,-0.23802604222510126,2.252234831694068,1.3726798647526266,0.3376958511689736,3.341039565080905,1.4821073952939514,1.9146777207288324,3.4609858033454657,3.450651967542285,4.075173633025315,3.5665752181855623,0.3799031948343554,0.32695416640638086,1.0491145420963903,-0.6903420945650396,-0.975493339177433,1.6887526447029586,2.021984655591268,4.826249819221175,4.199859707565793,2.9336913279414603,2.612749685646918,2.607439883237703,4.2121169573065345,6.751958437608096,8.865740065498358,9.174902922762385,6.0983725561734445,2.53267369267121,0.13745300795176263,-1.0829775482126252,0.8119122219242172,-0.3536697702265883,-2.14601862413258,-1.8662892191807714,-0.7264428258926046,0.26158996850517724,2.6428315693509603,5.795617344105267,5.072830735789239,5.151146111768526,4.814598171969692,3.745536530891968,4.998380634075033,8.616135978286025,10.581382755766526,10.170035258081725,10.649766972565203,10.506023807046745,10.341865350472972,9.840916547438837,8.79642044897696,10.201204082966342,13.536557953112833,12.928241757845171,11.560363451311787,15.13588955811747,19.523373825737508,21.60650520680838,23.878895018034882,24.778244212346408,23.88934608134582,25.463556380217256,25.2635810142732,25.480223928407895,25.408900798970308,25.969963719130078,29.359213901323756,29.217579355522275,32.23878056593185,33.00197210671922,34.169557281297784,35.02283257725912,35.60297876055165,36.34393432530919,36.15790568974319,37.02698089157752,32.58973849337053,32.25947259326381,30.51990860073738,29.439668601667563,30.483062547908844,29.416643541098892,28.809573939256097,32.225214818891345,33.60625787165145,28.090887172130806,29.155051988985406,30.90439848881374,29.416615821146706,29.763225494294375,28.57018943428011,24.93624491111757,26.793439326082535,25.04543623916993,21.994944382593758,21.059355042617426,20.215627618510553,20.367538251263454,20.263587622803698,16.793326624398787,18.17235392564521,18.218866614462854,18.205954981067407,18.257476536756485,18.406405624576223,17.994491617293534,17.3441339025037,16.65285213866548,14.926757999824076,14.935389229114548,11.939981295746293,12.916001573827202,15.290149153623133,12.923997322080936,11.273600259007821,13.066190051029821,12.679510352725288,12.515473433928605,13.96817779652315,13.430194811938463,10.30727804853666,8.31999906759745,7.8139283996730455,6.5332563487843345,7.001530347715743,8.718737605613683,6.333180061158828,5.6649117108458995,3.8477676561328735,1.2691224710491724,2.196050051878956,3.900201804712424,3.6491395605662547,4.242468217467945,5.6374461171249095,5.0368756105913235,4.296085340645959,3.073137821379987,5.7724330279007745,5.752777366283567,3.765188579422329,3.8886257294648203,3.9218961348522043,0.940601158756408,0.5792406979414864,4.869653422298711,3.662769740670228,0.508799360089256,-0.08349124978178679,2.8429675524960203,2.131049457581071,0.9814769929287195,1.706422668201867,2.8863084066343845,3.0908748084746094,3.06423962674603,5.43907011007218,4.672251950652708,3.3824134608425993,2.79224742717804,5.144343758891409,6.417009859427708,4.886587285766382,2.935312949279705,3.3068124328373187,4.430074795308883,4.088947163320313,4.969253759552657,5.292096718104631,6.71101175818103,7.319597546339423,5.471217703036245,5.246591073799664,2.3385575390670965,1.7527005952418904,6.071751942371748,9.617334706796782,10.470592892057198,9.816551375896665,13.20595664525024,11.330789556959985,13.481967635553588,11.86111283888647,10.82200642114833,12.392866926980219,12.667158400853737,12.602540425297548,12.917047292686902,11.392859984361849,10.479394518082586,11.420011084823045,9.823303202618035,9.915783169376141,9.568432515519476,6.843638029891963,10.316602927306121,11.070464308524038,10.447330410615791,9.988771254230187,9.843106303563786,9.679589082530924,8.598990685421768,9.331903015911962,9.875701785746287,10.038125543010892,11.005573957596084,7.890898332299116,6.43847963107828,7.108884552239601,7.392586376803365,7.640348202245377,7.142141371157891,6.4398285519415595,6.9672394722213085,6.284057707825923,4.214614575360656,3.0291025794314237,2.4723842133378184,5.339736706533586,4.86704983420168,5.634573189114576,8.237265349995369,8.322208355548241,8.076339377781665,5.882456572889623,7.619390004275488,5.270400299441803,3.191977304419879,4.1005346546077135,4.514792795112157,5.080913167235735,2.5108526592407543,3.8047146239531457,4.330888295926684,2.675047685493837,6.000075842554224,4.706038166690405,1.6788393012277538,4.190858028262255,0.8276443487253573,-0.4081378977255099,3.1036677215839745,1.5301577150503363,1.1706914642960555,-0.23530832550841296,-1.2733092029818636,1.546602030779468,2.30388975465803,1.5722808881897663,-2.4231306919791678,-1.3595339812742395,-1.8299875408146136,0.25178481672946873,-2.7945241669356164,-3.1420196268447853,-3.637729227555724,-1.4155147620069783,0.8258565841317704,1.9837009747251386,2.5418823426141444,4.882885027738439,2.9400354010066394,2.336783856756142,1.9116683859466548,1.6279826052347062,1.7919154479224062,0.7988890829504953,1.4530169063193625,-1.1494735080477767,-0.1938793897325013,3.104484114596744,2.0710752620518633,-0.15886406515579665,3.7121087358108866,4.1646653796066175,3.8249850221744737,3.3092061197881435,2.290443064582405,3.3085701716776157,4.554218363087557,6.669068034656277,7.004241265477617,7.584321381802397,4.62960023797109,5.130510531456366,6.722595580754273,6.039750242091259,6.364062058809168,5.813402882384366,4.475004279449479,4.478303045843916,5.447455988891079,6.825467124333954,8.502391925123106,8.304625513693622,7.466582181772708,9.273456640625,6.6398373861067626,8.629878637119248,9.738336975924085,9.979926617888509,11.303107142436772,8.634089816547316,10.667151183137946,10.644998318201658,10.878086254454217,10.696552798001903,11.508476561673774,12.537425811299897,11.780435679440757,15.014386236320718,12.887921510839305,12.795930368348024,11.277831635406187,13.292018689058295,14.835335927002802,14.234887648205472,15.930264461067054,16.707857308311986,18.37172521737284,18.906192878880688,15.175313370903666,15.464951845734163,14.880399428367923,14.476378070352212,15.322287190272505,16.429724466107928,16.081282137358755,16.137340107193495,17.226434629637083,18.640460940683113,19.304857475556958,18.057048110125493,19.91807905734794,18.746458103384896,17.748957644151744,18.000725886464807,18.285741049353987,20.81870464943296,21.993637663803725,23.5178524447291,24.251460658780104,22.25278329066424,26.77072117533362,24.6359600318371,22.749434366995104,21.57573589200075,21.722489931775726,20.791307690777387,20.351998884807927,21.49503155092947,20.81511363436357,21.423644046063146,21.10172786742271,20.69489064489443,21.068614310851387,20.863616765287077,21.146120393130104,19.743972690213525,21.555972406898547,22.337331114071446,22.79574235788033,23.192150624568512,21.68584406807065,20.68461316177826,19.852807489795396,18.006233307999082,18.742738344016857,18.47687995063427,19.31159861612855,19.351908176401537,17.031159159241952,16.43455562599769,17.48445813802607,19.784377956978403,19.126636851919898,19.485317308790172,21.51574379734984,21.46695832124942,19.94322534194015,18.44291117808382,17.490747341519523,18.993909788857934,15.996962864353577,14.331914081229627,15.572987370590909,17.138429888554242,18.173995778859194,18.325529024137154,15.552592492744623,17.486408597438583,18.36616938712291,19.64444406831069,17.822048301913696,18.87187220041494,18.70042836167073,16.72005635377195,16.743179323985487,17.283360104994472,15.013919376648289,14.974112369757336,12.226325137958781,10.529597510915835,6.934258378862637,7.843693440401637,6.844667827662363,9.673634609108376,9.979521754673954,5.1911024583359335,3.9839750879942812,3.830551457282411,2.9944111943266876,3.4188820793548302,2.441456632215818,3.2264092574330334,3.592677201321578,4.885473022321321,4.108334114917,5.341213400670995,5.141053136406015,1.563940552635927,2.630623010300667,3.7280891690241447,3.0072434409929656,2.356538693709922,1.4076831091878717,-0.624210825198702,0.46376220590633466,-0.3436564684691916,0.8349724323731493,-1.0456357035910742,1.5472373578040788,0.6436651732209953,-0.6747346659483924,-0.10057558970999025,-1.5864741138214526,1.0590887631419719,0.6900012643241098,0.5817518487567099,-0.13393940407564742,0.6927749685428353,-1.8070855903750953,0.20974804876527742,-0.40995809038787456,-0.11426832742665738,0.6916953090636753,1.3564435135513122,-0.7692242703058128,2.6723577205838183,0.9641863509605173,0.856695962469189,0.9168796382266464,0.779357328805304,-0.8756273276136426,1.564877969449526,2.775388144263218,1.3742351032799434,2.830946764475925,4.976775761919384,4.121001790333992,3.798612054578257,4.207404626707387,2.5836903825091895,2.3001323160934817,1.9198533682791208,3.9949288865905714,-0.42775396171435887,1.9176552141761363,-0.8006452101618606,1.3910849412696393,-0.1909990025812931,0.052461273125061325,2.598969284665202,4.666629129007106,2.892459438143817,-0.5349774331416484,0.1631515767817291,1.4193103141026882,3.5928730090855083,2.795014287172819,3.460089566863587,4.242668830905416,0.5289196164276291,1.6762004425426085,1.7534176270331727,1.0273532966247103,1.1455877425446488,1.2757817196912242,0.8841798527788569,3.2489773225376553,5.089134602139097,2.307999046888085,3.5343813703636897,-0.38461570832691905,0.2728050007041247,0.2965902469933326,3.9252646336559565,2.1486955075858987,2.8216179872130738,2.8694762046133633,2.2370316366540806,1.7287561666141755,2.0914127138352683,1.4884510365019423,1.3372269336574618,1.6617244734688938,2.0549278345212088,1.2511479335236118,3.071884202395779,3.5038275983333165,5.198127999858741,5.297908812065202,3.9980507327329633,3.86809823649196,3.749018738010818,3.9598981616327933,2.6125771837522507,4.276720791805133,2.8251553330633215,6.06469720564229,4.649757739985773,4.918524515536319,4.860673904573389,4.19952436564887,3.780189525544074,3.5800457746817074,6.787742318824598,4.571633816278336,3.754615262198854,3.7692308527821297,3.192250482981251,2.4439495302008822,4.795311060433562,5.050978783948665,3.742188949062495,2.8122866739933556,5.093227542584543,4.694005431669609,4.118480652118308,4.486083113759776,4.99796838879314,3.9374449211221645,2.4533296880571243,2.6377376130071184,1.233845385767495,2.025753504624788,2.3298194245598722,4.082914313993456,3.332428517544031,3.2847027772027673,2.523747789803906,3.1625198465629865,2.878656993156767,2.8967024765880183,1.1625890265017063,0.9847063582631961,1.3440362340647027,2.6255672756359445,0.8905575015526495,0.9086539500605681,2.428537994177816,3.181831589885377,2.1549629688648793,2.3324069196151243,2.2337637475602605,2.441972758282162,2.2405498162130186,1.1275338570173972,2.729305267109396,2.689730892415639,1.9556100451897578,2.937029122228182,2.9501412192972225,3.60254200955427,0.8479725010251968,2.7838958756615284,3.866600914211233,2.928200093642232,3.4780668568010356,3.6439672980504554,2.939989185430676,2.1740889411399564,2.4283010625181305,3.042823281644644,2.750019225464257,1.8661145213268355,1.6399364502913159,1.3066707493832723,2.709916687923709,0.8207300696055881,1.66612040662244,1.9720564796806457,1.6895893003356832,1.519235625319908,2.867459918383446,1.9234565938918138,2.629196879073959,1.0582741232663295,0.031061808393445745,1.6156139746149165,0.1955669343748241,0.7683263698057488,2.4570608829369576,1.2783258397851682,2.3138466487468463,1.5367365298390894,1.2838322265772035,2.6895777506777563,2.300938347779038,3.5774308744441896,5.23032671788485,2.8078872640147665,0.43202755051967756,1.0916819876169086,1.4181647030632973,-0.4264180482244626,2.846779348806905,2.169230632116637,0.809704787212354,0.4182877213507368,1.0250243672630006,1.1380937711252272,2.0173075670405183,2.7358928026464184,0.3620256646700284,1.5751949324600218,1.7811161558032325,0.11237240274826377,0.5893639460445002,0.5984120677118767,0.9890643091934521,1.9287850222082739,0.6324780347642047,0.8636614839437584,-0.5541947741917284,1.2654283464591742,-0.36676550432528643,1.2783994867293416,-1.116940082803751,-0.32300980373813104,0.21430135234288628,0.9530840520827155,0.47475047389781366,0.5391337214041982,0.25976558121129756,1.845392629765314,-0.7119133871516397,1.6387417235392263,0.7661608141874297,1.9021379062760957,0.7874543714300728,1.3720893891071455,-0.05767422904284558,0.948371362319449,0.5814013763832975,-0.4292010606867791,0.5693327392507115,-0.1427523627440337,0.5323085790574567,1.1798002341788845,2.1660130782881026,0.8717028011040213,0.9269534890257205,-0.105014872389944,-0.29529025160951505,1.0095277272352234,-0.6268487987234721,0.3237392281783116,0.4154733067588552,1.3261005772909584,0.8847658435778953,1.4704337231021327,0.6849538767054071,-0.12682796599361268,0.8603568297609456,0.4832069873299645,1.5429292006789979,1.634217664281124,-0.12887017836322912,1.5804762487229311,1.086184886198481,1.1736398155031225,0.9777428317232904,0.03954643045294404,1.795214093495872,1.3327647674510104,2.420667658848913,2.770514704713065,1.52784993154296,0.9083312245288937,1.0308832228144382,1.0138048643584057,-0.3038332264179644,0.9728561239167988,0.1817104844383408,1.1141424612141577,1.9562027036640046,0.8964441911997483,1.054594939546547,1.86115863162118,1.3224750265214595,1.6512511899051958,1.2067013183663562,1.223825271010412,0.9816977984797006,1.9322756091120254,0.35405339901322463,0.850476842936331,1.5032859527877065,1.2823584728087667,2.7912237303106338,2.3337054189974253,1.5314904178063387,1.8452088537492557,0.36087979981007834,1.138597461834678,1.6949837195417103,1.7968587030478176,1.2051219628150704,0.902352557119741,1.153470427143887,0.5658179091858813,1.1187388721462384,0.6915557660389027,-0.4652771740233561,0.0737277872525226,0.3723915436495986,1.2031836632189084,1.4965326611471426,2.2616480602324316,1.0938979860608526,2.2294508141280716,2.478739336906756,1.6552707699208042,2.0072597224217503,1.1872022543450242,0.14434715458742176,2.2174465723294645,0.4891796442701093,2.077015324426128,1.7734484578376026,1.6293278688548583,2.3454655833895828,0.7185291773114955,1.5877274958498333,1.763933741091705,2.2343744109413137,1.7521678557181133,0.7254004640228402,0.7501085835167487,2.6593508892235036,2.0695188058626286,2.296397718293008,1.6102176896752667,1.1558041956201919,1.8694635687830896,0.8296605345399257,2.0490332153043482,1.561292038219392,2.044892098571495,1.1649826714553342,1.3826570413432933,2.8872798605847265,1.1740094054700307,1.8788117690305626,2.028506808732459,1.8959774265827605,2.161592283651828,1.218518923677891,1.8513431312712783,0.6817095901866423,2.031015606661356,0.8989115925901388,1.4711897245393857,2.3026911614500705,-0.21851401991438024,2.861203414147269,0.6244192575980492,1.1025005221866877,1.4816603486260078,1.6773445554649697,0.6345245699221778,0.9964977623220079,1.3755174331885769,1.5645695104468018,2.314723890915161,0.9156626806777126,1.0495390678227494,1.2880554042436074,1.9886881678365853,1.4754435538839203,1.8803033278422419,0.5881597216371688,0.8807935120743196,1.5530621993698333,1.110890395367278,1.8787145194950199,1.3847825255998032,1.4996120771181722,1.9732411152678537,1.6095633273016574,2.034276249779168,1.515994891360151,1.664993603175219,1.3398414150777853,1.770830365470772,1.904396920540421,1.8931045361380825,0.639871244521089,1.4521292013804512,-0.043624407585859615,2.1772321529315874,0.8421980948015744,1.6367382629997564,1.085592778389298,1.6960836904447092,0.6533397943289856,2.4170601806845227,2.2941614346341908,0.939208520200232,2.5232494788733675,1.4339498424519093,1.6204754397256806,1.0825138066753084,1.3990026529272654,2.265201143577322,1.279356737658759,1.927835411581384,2.3287473985849942,0.6307775377098892,1.7809579082659184,1.7581541751669079,1.3129565261586507,2.580434495876773,0.8133752305811299,1.7366305904120622,1.9156819318091678,0.8209062200195447,2.0779078898548846,1.8923465308528833,0.737997522074636,1.3970390684835436,0.6633299042704266,4.889001939351942,1.5623678949970667,2.4045624217875456,1.5716412787165837,0.37230891010221967,1.8821229356179856,0.7277502516715799,1.3559678875031977,2.001169529314218,1.8374345492424595,1.6492890492404513,0.9633205625074766,1.5172980979387418,0.23232873338037052,1.921124772146186,1.7072619891899947,0.9706979558787339,1.2381872530287978,2.0421873367990315,1.0134450292755446,2.6540372095561793,2.192687078733968,1.7334723393440754,1.6898805698675687,1.7079736383290154,2.010984569448624,1.1315143506942675,2.099718547487953,1.670812121377594,1.2886580478162912,2.1002365057813037,1.0759719118390834,0.8131157125227446,1.1591481286039311,1.29688789207205,0.8177763607006341,1.3466028460708799,0.8873622817213196,1.816978085915089,0.5870634532910266,1.8302445040901034,0.9580073920100176,1.313722853348679,1.5363605123680486,1.3149634856150705,1.2531159805073493,0.8979312019948829,0.30687341074616725,0.8800657742189628,0.7531069693447421,1.316753055751807,0.4105744098470723,0.755202830317387,1.0652523898555728,-0.023245678037767448,0.6091553572504154,1.8162526609331167,1.0845738213164964,0.5776710863900689,0.5992409438304662,0.8945195879516632,1.1129141431339313,1.0064298346131295,0.7578025960361323,0.38196163504040115,-0.7257336949589899,0.36108178063153673,0.5829958905296166,0.9641688150398409,0.6308457896923869,1.467483089464796,0.3464767608445527,0.6595079055971382,1.3586442485550378,1.6567585786048689,0.8095969313370119,0.9836736855771733,0.9951251026923806,0.6485955701696149,0.6928230802068356,0.47850478865808554,0.44246601695806476,1.0636176862744833,1.6461670755053888,1.1377329935399985,1.2744873225659603,1.5228245330238792,0.45371507874534345,1.3494406016114908,0.7047327255975802,1.1289870174933867,1.1545878652169677,0.719793796107183,0.7041149768045898,1.3513689055349118,-0.4586826234327077,0.6029198181991546,0.008755922341947553,1.5933418898290483,0.7424253048953346,0.24485932822028644,0.5187561557377194,0.5267759935636604,0.4234010479399881,1.0056658482246235,0.249551376491695,1.1977947627226513,0.2988013706108177,0.19165408689241303,0.7936673892116897,0.646176312524517,0.5542849622003114,0.11580482222808541,1.162822185365144,0.8652653203980663,0.18833234595706472,0.10864154408437621,0.45383008362887267,0.4491724898233542,0.6671169333135936,0.5751034145227436,0.3961632596792697,0.4361944062024481,0.2502946191434603,0.8881800357668226,-0.22825992236681714,-0.32356975277593847,0.8411501555485756,-0.44872387993075336,0.3990491125974813,0.5045494395840837,0.49109699922746586,-0.0048820145984809216,0.8734574729239739,0.19846523124573245,1.1174735855996687,0.7638787985862336,-0.404344693724056,-0.3150839284381277,0.6357271036234788,0.07762540359101422,0.20374558815973387,0.13270883089876406,1.747194398100758,0.45891043530423303,0.10084100585743272,1.5239106484580152,1.3572278287920199,0.8550524943710247,-0.38793863475240187,0.8701526412162366,1.0947495952687518,1.0554002455349405,0.7236702847883976,1.1512053326113687,1.6060625267953696,0.8475784920619276,0.8788669676118275,0.6168876238180019,1.552083510268801,1.109010163692119,0.8720006069037822,0.5515083191402255,1.085081342706415,1.448018862571132,1.020848570002272,1.247301823110945,1.320354567865138,1.4785224814594926,0.5381943390336801,1.0258265168984622,0.7292746066488576,0.4282010812449357,0.6132296825771846,1.34099267752606,1.679665545574892,1.620685274563698,0.798083975503971,0.4448134658077265,1.1531222817847038,0.721619732218926,0.6634392796864859,0.6934135714981284,0.7270053766093252,0.7598737752488773,0.7917099099550455,0.8225090693854895,0.85228553651325,0.8810554194090514,0.9088347409151538,0.9356394357683939,0.9614853478221335,0.9863882273659215,1.0103637285405966,1.0334274068482046,1.0555947167543422,1.076881009381907,1.0973015302944873,1.1168714173675198,1.135605698746133,1.153519290888596,1.1706269966924765,1.18694350370356,1.2024833824048073,1.217261084584834,1.2312909417840956,1.2445871638165613,1.2571638373672727,1.2690349246626056,1.2802142622123256,1.290715559622754,1.3005523984789988,1.309738231294375,1.3182863805267289,1.3262100376601893,1.3335222623504706,1.3402359816321905,1.3463639891878643,1.3519189446761857,1.3569133731193688,1.3613596643477877,1.3652700725004365,1.3686567155802436,1.3715315750630452,1.373906495559197,1.37579318452606,1.377203212030281,1.3781480105589594,1.378638874878959,1.3786869619423214,1.3783032908372093,1.3774987427830183,1.3762840611688603,1.3746698516337688,1.3726665821884012,1.3702845833761899,1.3675340484738285,1.3644250337297308,1.360967458638811,1.357171106253361,1.3530456235290558,1.3486005217044976,1.3438451767136712,1.338788829629891,1.3334405871420358,1.3278094220600565,1.3219041738496458,1.3157335491956133,1.3093061225923748,1.3026303369606467,1.2957145042903448,1.288566806308495,1.2811952951704484,1.2736078941746882,1.2658123985003726,1.257816475965626,1.249627667807374,1.2412533894807325,1.2327009314782913,1.2239774601669637,1.2150900186435933,1.2060455276073867,1.1968507862486035,1.1875124731528217,1.178037147220266,1.1684312485999158,1.1587010996371419,1.1488529058339054,1.1388927568222016,1.1288266273485874,1.118660378270306,1.1083997575619264,1.098050401331875,1.0876178348484586,1.077107473575154,1.0665246242132866,1.055874485753634,1.0451621505345656,1.034392605306948,1.0235707323053589,1.012701310325042,1.0017890158035812,0.9908384239088832,0.9798540096294914,0.9688401488704699,0.9578011195515614,0.946741102708188,0.9356641835962023,0.9245743527972081,0.9134755073264387,0.9023714517420558,0.8912658992541651,0.8801624728357069,0.8690647063329493,0.85797604557564,0.84689984948659,0.8358393911910298,0.8247978591242031,0.8137783581371423,0.8027839106007377,0.7918174575086141,0.7808818595754587,0.769979898334384,0.7591142772304238,0.7482876227105066,0.737502485310074,0.7267613407358908,0.7160665909444788,0.705420565216059,0.6948255212243453,0.6842836461005959,0.6737970574938572,0.6633678046241585,0.6529978693321823,0.6426891671213752,0.6324435481952264,0.6222627984883502,0.6121486406909185,0.6021027352668966,0.5921266814655155,0.5822220183257514,0.5723902256740416,0.5626327251147245,0.5529508810126345,0.5433460014695584,0.5338193392918811,0.5243720929518076,0.5150054075394337,0.5057203757074262,0.4965180386076895,0.48739938681990225,0.47836536127226736,0.46941685415282564,0.46055470981286817,0.45177972566233393,0.44309265305531653,0.4344941981680108,0.4259850228672235,0.4175657455705277,0.40923694209681116,0.4009991465080702,0.39285285194284825,0.38479851143989663,0.37683653875234313,0.36896730915361786,0.3611911602334317,0.353508392684887,0.3459192710820389,0.3384240246478498,0.33102284801344695,0.32371590196765965,0.31650331419672284,0.30938518001511284,0.30236156308706086,0.29543249613800526,0.28859798165711936,0.28185799259040323,0.27521247302405527,0.2686613388585215,0.2622044784728814,0.25584175338030946,0.24957299887370255,0.24339802466181482,0.2373166154962405,0.23132853178884716,0.2254335102195455,0.2196312643356464,0.21392148514104292,0.2083038416763543,0.20277798159020222,0.19734353170065333,0.19200009854802147,0.18674726893829074,0.18158461047727315,0.1765116720961828,0.17152798456743312,0.16663306101241915,0.16182639739952265,0.1571074730339319,0.15247575103813915,0.14793067882391142,0.14347168855539394,0.1390981976039143,0.13480960899318006,0.13060531183703006,0.12648468176848837,0.12244708135989413,0.11849186053524363,0.11461835697366496,0.11082589650538921,0.1071137934987405,0.1034813512391679,0.09992786230100137,0.09645260891011276,0.09305486329952828,0.08973388805696914,0.08648893646494571,0.0833192528324389,0.08022407281987398,0.07720262375528364,0.07425412494444572,0.07137778797283545,0.06857281700018802,0.06583840904863791,0.06317375428278638,0.06057803628351621,0.05805043231401896,0.05559011357962618,0.053196245480535254,0.0508679878578846,0.0486044952332918,0.04640491704128635,0.044268397855773856,0.042194077610417935,0.040181091811859915,0.03822857174719729,0.036335644685550506,0.03450143407303585,0.032725059722224614,0.031005637995463076,0.029342281982565055,0.027734101672649558,0.02618020412091937,0.024679693608959496,0.023231671800374443,0.021835237891025372,0.02048948875346923,0.019193519076679877,0.017946421500596443,0.01674728674618109,0.015595203739223962,0.01448925973141968,0.013428540414452073,0.012412130031236757,0.011439111481593045,0.01050856642399367,0.009619575372937561,0.008771217792286734,0.007962572183828343,0.007192716172369273,0.006460726586283272,0.005765679534420087,0.005106650479660857,0.004482714308267077,0.0038929453956484394,0.0033364176689474334,0.0028122046659859734,0.0023193795907445747,0.001857015365942516,0.0014241846824347704,0.0010199418468346266,0.0006433270662000723,0.0002933704502083856,-3.090426025664783e-05,-0.00033047622883941585,-0.0006063243133667129,-0.000859424099928674,-0.0010907451724051498,-0.0013012486062962125,-0.0014918846788418705,-0.0016635907846307418,-0.001817289548739609,-0.001953887126489917,-0.002074271682033668,-0.0021793120359347995,-0.002269856473276377,-0.002346731704051308,-0.002410741966684782,-0.0024626682667872046,-0.00250326774369114,-0.0025332731561888977,-0.002553392480876937,-0.0025643086144668814,-0.0025666791752883,-0.002561136394888308,-0.0025482870947826086,-0.002528712741138861,-0.0025029695719354095,-0.0024715887908541845,-0.0024350768223939667,-0.0023939156220080804,-0.002348563038140128,-0.0022994532191660255,-0.002246997062798073,-0.0021915827019824974,-0.002133576024334616,-0.0020733212210188867,-0.002011141360469537,-0.0019473389851896172,-0.0018821967273652263,-0.001815977940736957,-0.0017489273449768916,-0.001681271681434282,-0.001613220377066682,-0.0015449662142259513,-0.001476686004025396,-0.0014085412627196092,-0.0013406788871748176,-0.0012732318297707934,-0.0012063197701763784,-0.0011400497828617517,-0.0010745169997221637,-0.0010098052666194235,-0.0009459877915674042,-0.0008831277855847475,-0.0008212790942820902,-0.0007604868201838144,-0.0007007879348748247,-0.0006422118813134148,-0.0005847811644912326,-0.0005285119313498399,-0.0004734145394991174,-0.0004194941143396136,-0.00036675109453199184,-0.00031518176558620326,-0.0002647787820819758,-0.00021553167812271568,-0.00016742736687547222,-0.00012045273950889168,-7.459467070702885e-05,-2.9840023273663974e-05,1.382434737706717e-05,5.641158867319973e-05,9.793484679221365e-05,0.00013840726211356014,0.00017784196558068288,0.00021625207392617085,0.00025365068614746633,0.0002900508794709822,0.0003254657059414967,0.0003599081886136446,0.0003933913178570947,0.00042592804817331853,0.00045753129489867206,0.0004882139307369471,0.0005179887828035135,0.0005468686293852443,0.0005748661972688751,0.0006019941585009292,0.0006282651275455464,0.0006536916586128427,0.000678286243214643,0.0007020613072654669,0.0007250292091498522,0.0007472022368233411,0.0007685926058229597,0.0007892124568229519,0.0008090738537589459,0.0008281887814973743,0.0008465691440164846,0.0008642267624168198,0.0008811733729885418,0.0008974206256198158,0.0009129800821483514,0.0009278632145424126,0.00094208140359342,0.0009556459372106474,0.0009685680090569804,0.0009808587173552041,0.0009925290634100747,0.0010035899503577639,0.0010140521821426773,0.0010239264622668998,0.0010332233927670131,0.0010419534736456626,0.001050127101450471,0.0010577545687056045,0.0010648460626612177,0.0010714116650660799,0.0010774613509170194,0.0010830049881178638,0.001088052336626788,0.001092613048228941,0.0010966966661385413,0.0011003126242030703,0.0011034702465622104,0.0011061787470794116,0.0011084472293418912,0.0011102846867174776,0.0011117000013314282,0.0011127019442369601,0.0011132991755289368,0.0011135002440596509,0.0011133135873251376,0.0011127475313514879,0.0011118102904106308,0.0011105099675319252,0.0011088545543316286,0.0011068519312971148,0.0011045098681847776,0.001101836023906344,0.0010988379469836218,0.0010955230758895595,0.001091898739048247,0.0010879721554601929,0.0010837504347023241,0.0010792405773258906,0.001074449475709116,0.0010693839141140415,0.0010640505696528635,0.0010584560121174036,0.0010526067049454468,0.001046509005561802,0.0010401691661172663,0.0010335933340002157,0.0010267875525187264,0.0010197577615258524,0.001012509798215433,0.001005049397804214,0.0009973821941002825,0.0009895137204125604,0.0009814494106308302,0.0009731945996236391,0.0009647545242046363,0.0009561343239283815,0.0009473390412608751,0.0009383736235122342,0.0009292429228935362,0.000919951697653687,0.000910504612988916,0.0009009062419522706,0.000891161066647328,0.000881273478910316,0.0008712477817880426,0.0008610881902768597,0.0008507988322890014,0.0008403837495620792,0.0008298468985117324,0.0008191921515958711,0.0008084232985083872,0.0007975440466907457,0.0007865580232646607,0.0007754687752026257,0.0007642797713742766,0.0007529944030011393,0.0007416159853050885,0.0007301477579062521,0.0007185928863577828,0.0007069544628848234,0.0006952355080898087,0.0006834389716345868,0.0006715677339457216,0.0006596246069534573,0.0006476123355128038,0.0006355335985404054,0.0006233910103787821,0.000611187121819512,0.000598924421240099,0.0005866053357408418,0.000574232232452232,0.0005618074200128831,0.0005493331495927123,0.0005368116159161218,0.0005242449590241449,0.0005116352652407841,0.0004989845682530358,0.0004862948505319764,0.00047356804498122074,0.0004608060357327304,0.0004480106592836819,0.00043518370642914306,0.0004223269228305071,0.0004094420111755426,0.00039653063163314073,0.0003835944036154615,0.00037063490668742816,0.00035765368187412605,0.00034465223308188797,0.0003316320285193797,0.00031859450177762483,0.0003055410533079339,0.0002924730516724594,0.00027939183479475105,0.00026629871132399785,0.0002531949617718965,0.00024008184010426703,0.0002269605748210779,0.0002138323705480616,0.00020069840905989622,0.00018755985087182125,0.00017441783603544536,0.00016127348612826609,0.00014812790516316454,0.0001349821810094909,0.00012183738664361954,0.00010869458157003464,9.55548134129458e-05,8.241911888262621e-05,6.928852491228099e-05,5.616405013597614e-05,4.304602725824225e-05,2.993423288444319e-05,1.6828017578518484e-05,3.7264356365085405e-06,-9.371625480980583e-06,-2.246731480681774e-05,-3.556168866225562e-05,-4.865558088340549e-05
18.656755358437067,19.53068448188651,16.569955977941675,12.819030139186737,12.027352173476004,11.707244424729254,9.457118122022223,6.3238086166746825,4.732385177575907,1.855688658031113,0.5200628560757536,2.793031804098291,2.8017813477151776,0.890843244646021,-0.784612599833622,-1.679188098047689,-3.1411236348902776,-2.6208463404336726,0.5495338851863494,-0.29339625749048537,-0.11300739826833706,2.5404797103278725,1.7763302978273714,0.8527046033836996,2.5577919853921003,4.933901590024334,2.0441247783761582,-0.5439614978624832,0.21954983085174717,0.05534758646831506,-0.3937908079712429,0.7999462447274936,3.718854220756384,5.138954102250636,4.576409321725237,4.008839096628435,5.126874882079733,4.423637966689853,3.6661138724758757,4.857371663466552,3.6099160722345687,2.936641970616506,3.2177534397690124,1.2871896187471066,1.719673016237266,2.5059416372066607,1.782790443561339,4.960573716925978,7.594115775489854,5.82210274607246,1.8454148202999932,2.1951318029011873,4.890858704688753,5.2865509028996485,3.841876176309597,6.2826760914455235,9.55201595174151,7.2623329909565655,5.928102061867776,7.656692798831045,10.397210083235564,11.321780491739446,10.196645772216698,8.57271450911378,7.808206278931266,7.304613726679918,7.034961919674743,6.507248339300077,5.381386267350763,6.1451691942716025,7.718213802837454,7.739984794118641,6.5617991247085,7.826782059232755,10.12215000301228,10.07979631306489,11.58301714278673,12.010407930563474,9.795433561947675,8.068579205825927,5.708681102323112,4.811920876112254,7.023368741154741,8.254451852094576,7.077851544051782,5.443689732950816,5.1137331347439385,2.60420348742025,1.8125476035332895,3.909527464903931,3.8029654189734856,7.353869457386509,9.534880492272237,4.638768094904435,2.3520386760374095,3.60460638567406,3.4962459784570683,0.01198575481851094,1.955701321815809,2.824383519682897,-0.7132240772293699,-0.12228930982030306,1.1767658114597452,1.7141430454184956,1.7541138574060824,0.048254228858127135,1.3632156493927141,3.396740912396126,1.355483807745486,2.037650520019156,2.866752274027931,1.1073035087867993,-0.7964941233648233,-1.2876461120674776,0.7522513055168929,2.9991707922675914,1.0598710686502955,1.849582234901618,4.550013777458162,4.810038083736345,6.074974840056825,7.8601505759557995,8.58750742440941,8.272919837847667,9.015635433387274,10.146041137571501,10.328141139443005,9.663438613440121,9.91572818165605,11.094470003745982,10.513383501699195,6.069072730244784,5.5288682318365545,6.405705410770679,4.172846266893998,4.619592198545433,6.916164596935687,6.668453336628545,3.531847112290052,5.785330143147348,10.594849185867474,11.165840164678457,7.030581206042143,9.288304886242486,10.89145352772448,9.017199969414719,11.002811175939087,9.773993151609034,8.202739862955696,10.0835296506732,11.730615425806604,11.294613837142379,8.93932395415527,7.092337662171303,8.743562847115527,10.793429146616973,10.363007413791593,8.724734609913412,10.009261991986023,9.105418655477706,6.525995097274063,6.9517496537189345,9.456079168712677,9.769423248012458,9.097745454110736,10.017552806151798,7.953618015067832,8.712609762692296,12.153258923777912,12.756548919785246,14.208356976380514,13.864969199824827,12.413969103668592,14.04306088527801,14.949102774059838,11.894320247458836,9.132575471602763,12.308598563813007,12.717997634402991,11.96576676985751,13.056801128611824,14.016258344399148,13.725068671053577,10.415662425627488,6.551425583916171,7.118936439523395,8.49808317778593,8.482327490896296,7.390520846239042,6.746225777028258,7.913214038363776,9.737434445098074,9.731277891856053,8.068206076862907,11.197497596309631,9.068430239566851,3.1499339965678246,8.91325728634024,9.921384052762278,9.349479965573664,10.697538803938642,7.581947455042155,9.444226013659431,12.785464128870672,12.098938005333252,9.397026573065205,7.531768196721259,7.7333741293792855,7.926879089689919,6.3324220034348855,8.311315320114204,9.807390387236183,7.618725768051945,5.606692502105261,7.998078347535284,7.043474212750652,3.1498422766635485,4.68447116227685,7.178162361202567,7.409702736449617,5.467387710554476,3.8179909689896476,5.2110615293953515,7.967437090112526,8.744563715094955,6.739864698896213,5.565923594426181,5.598812050139486,6.719056724304664,8.260796996559293,8.353459660572526,8.266485332371985,8.18032453482624,8.345251182905258,9.632693158703205,7.636306513695445,8.018044675931378,12.227457966080237,10.740890336600387,7.338883735954141,4.994911167421492,5.099192947268875,7.158281900084148,5.822773309286049,6.508764672152438,8.57351501305925,6.5213774320682205,7.927627023452715,10.397506491066679,11.20239544131391,11.075769608816245,11.095158783737588,13.726214207258408,14.820450268855893,12.981150004917254,15.614085204159437,17.92629588843465,17.227542686155175,14.935860800291493,13.882796894653666,16.047173971496477,15.267737961202215,11.813408970684804,12.269511830084866,13.56072565695149,13.915805490320736,15.608182747530464,18.185945657463208,15.159461161620357,14.37777846494032,16.088199650946194,15.618469701321374,13.572210895179069,13.626469242753956,12.934729826747343,12.084558398463514,14.259161505577595,11.967733256840006,8.788130885866963,9.642875956844819,12.163778705928053,9.364301237014729,7.278046039187643,5.9345253096307715,3.1277158497546225,2.2743966018922492,5.915430668261706,7.781134048641206,7.510086311422583,9.386007848446638,7.645865370857791,6.530591936356586,6.336234584150361,5.246107766793557,5.969953525873507,6.338118847116789,5.580364181754703,3.261959601112949,0.8010188567620844,4.1647276397020505,2.131917068642906,-4.167080689334284,-3.239873133464357,4.0321941942404464,5.268235072606444,1.2249361194275252,-0.700696750106772,2.066809053574616,6.208340771784151,3.6273806539973066,0.5866632585425577,3.278488210698356,0.38477910051415165,0.4478717878463385,2.1006782659491137,0.18063929188303973,-2.3145262670468583,1.024033250901084,3.329862831434639,1.6816367523897497,-0.3868929163843404,-0.9094791560138447,0.7951557380828262,4.895114880581104,5.816985193359528,1.662157796285328,6.472330844714747,7.172136898100689,4.366994001475177,6.45406752953204,9.40443599448372,9.633085954543162,8.13715634779146,7.0626498950952055,7.0024679176679,7.266063764832552,8.09135688254105,7.698870970607231,6.656418958771837,7.341322284232319,6.332378769325146,1.9890251506919867,0.9848454809558689,4.641006621649467,3.796619671758549,4.509789406793288,7.385067976508026,9.642729735928242,10.619503379697676,10.926530700686953,6.099268836066358,5.374406740509357,9.353317817356924,7.373886162977669,4.15863849309585,6.008042680579138,6.069123799617728,3.311110913442235,6.189011286964046,4.67400617038993,5.612337230181424,8.403346251337553,10.227319281842483,14.885513209032979,11.3026580186081,10.620889434277615,10.820598885423124,6.85172019636866,11.610047925784102,8.329937958886603,6.412065820669795,9.890468019539753,9.796494875820827,9.187008416103708,11.099765683422447,11.631116552111166,10.834563106838914,11.875483710569824,11.171574978748708,11.048247183022681,12.070594536474687,11.877745791894313,9.633791873917517,9.231032968625186,11.89782786903072,12.203232687232344,10.4887632830455,11.774217987368274,11.566332558785462,11.305130152678316,11.494841752170032,11.269702092683474,10.308500424219687,8.84611617840369,8.465145041166352,10.69526433335841,12.190784318378178,10.182247100254017,10.33140694284225,6.397124025368157,4.721143236103671,7.828436362671255,8.31117442761024,6.889213217491033,7.130613254173113,4.885111616688391,2.297610686632538,4.93128628287127,5.994760771853407,3.237732687054745,3.78428961091322,5.551182376312113,4.542868957237147,8.092664194430654,6.804939603254297,8.135567354647264,9.985792474210825,7.315330853677551,8.53470305026326,7.207199885744103,7.784416992489241,7.336296450115924,4.642069110581815,6.507027103933069,5.184277037415541,4.840987367572325,5.114296735643848,4.2544414433025395,5.774901909698201,10.124705003535837,6.793404359780766,5.873030628271408,8.404100107630597,4.991337493553601,2.401453946013021,1.028418426628832,2.083155223281892,2.9309464311677402,0.974427452791133,-0.065834473531595,3.104519296979106,3.5274676897709014,1.2556704721826009,2.196462351775267,5.75522478554285,3.9240089327082615,2.8855392050968476,0.403594309632922,-0.40019821421901725,4.13912409358295,5.0210003112931645,1.945308556379132,0.7211793738950973,2.5289589346775756,3.5869572046324265,1.8387646584881168,1.1187184825901113,5.0752425934697385,4.37909966297434,0.2649556640205901,0.9702837488027853,2.4770028438009604,2.4567900792478667,1.2853628650201472,0.1730941270340054,1.4756813697003963,4.595941220746454,3.3376301017367496,1.2043330762048754,1.4642222762643087,3.151216783908808,3.0957443237718962,0.8548558405216227,0.8980775551895022,2.5226333572277326,3.458181128311935,2.892630450979368,2.3907826517930744,3.5374582993033528,3.6166354378252663,4.204222910272733,3.329193162738534,1.4342755451135645,3.3115643087434137,7.528544186546924,6.317677607629662,4.336414041212265,4.768325371622154,2.916245744857747,-0.8306874589770814,4.596106207971729,7.114885827520538,5.6631360960936945,6.724544611907959,7.361777899054232,2.4435320826065663,3.647157336617397,5.261881032192832,5.733729492128077,4.66821337631302,4.267156247826506,7.0694783708943305,4.949060520527496,4.943173878070411,2.0749289737112804,0.04022637066452717,2.8187799012152936,2.6213824951869356,2.6620006286514126,1.255247488197483,2.164588533276742,3.3693094103164185,1.4528825610027525,0.6217048947793273,2.5705154609571537,-0.02132761269808725,0.11842905234061618,0.4088896316802675,-0.5891791132584103,3.4363323114939703,4.102959154654741,1.9698867119330998,2.7962510406175625,1.4497085088200947,-1.5646946582529608,1.032074436039352,3.5374967960034382,2.629363381331814,-2.4076016082825618,-3.8439110524898297,-1.0767629800583336,0.5691313654317582,1.8340738417591638,0.7186201560400605,-1.3712786602046663,-2.0098352215341038,-1.0216147777871356,-0.8301617048704202,-1.8205581162675344,-0.3861176529542263,0.18704180199301845,1.4718149771263143,1.3308915041676528,-0.039543038592228186,0.8731030440487757,1.627991662986915,-0.7080249285037326,-0.5697425891677312,0.06709524185464488,0.7262014494665436,0.20704574780086205,-2.24040173334879,1.5755405408871184,2.4058414220751274,1.950749389382736,3.086049790769607,2.8696566853698187,0.26610003464986676,-0.12904800642047576,1.3657832256747042,-0.1864256365665824,-0.22129028863184885,-0.1348737991438611,-1.183100327202169,-0.27252746228020897,1.1003941336850858,2.1768873952163403,3.391107275703689,2.1380849756912994,0.7784275284880096,1.9544189996884143,3.831841912200275,4.960694902083446,4.305954249558226,3.79017630518058,1.423990719380754,0.4297577206018559,1.2632968675446818,1.0431474024973113,2.3042302773546908,-0.3907016290525007,0.41105794496468206,0.5117064337287047,-1.5233141406370123,-0.5830295806173353,2.2124702905500726,0.9572127497457359,0.40776147369683713,4.897462269971811,6.447588151457012,5.742619649104427,8.785518094420354,10.42403184230568,5.346911787077261,6.553149479868807,7.8533814449344845,6.895523824651377,8.998207308088922,10.31343591820314,9.047228891409645,9.90658099527991,7.878576424695552,12.177043989347112,15.036258488411931,16.676760593206836,17.9890113464229,19.6012020566684,23.08988649146363,24.491272219927055,22.304699267813476,25.53676839534421,27.045579597114966,26.65169369295029,26.47541245046068,27.738658507243372,31.41817363069913,33.303501990143104,34.70457035526135,34.98330411851373,32.283729694091676,34.61388366973108,38.72130135791906,37.368834433974484,36.183222302647664,36.42321967477449,34.63535840458712,32.77772676258962,32.16717420418786,31.010988801546205,31.455908535111462,32.632799143607144,31.287025173289976,32.81690200870014,33.49952608536182,34.23949299851631,31.80907077470215,31.82421298135182,32.17070643077227,31.004659459880713,30.84570257914811,26.862511050142643,27.97088839751791,25.259853233114313,25.102051742777235,26.550852684022175,26.863662831504257,26.215671949324133,24.892845923809773,24.60235163300331,24.381553660974532,21.166739912808907,22.8021548398101,20.558859624265438,20.751187094027614,21.1852893101252,19.136920750656373,19.808042271283398,15.981179220226636,14.131726058652248,14.614348110545507,16.737566708594727,17.458644399834157,14.340005631760846,14.046734238818999,16.40858547301525,14.6492951152768,14.871381485359507,16.377312609964747,14.28193295834376,13.352795322953966,10.840300189153027,9.788975124988497,12.618224544164377,12.38917551430086,9.474782454476099,10.281812021413998,6.3616222095156445,5.936529457657457,5.529386677928983,7.232321091110521,6.709969130668469,4.443128616212562,5.121397965886672,4.169848786334569,1.1095604728407125,5.099856632612045,4.885082734554771,3.6255993625900373,3.6580361433802864,3.758841676965858,3.41674447102082,4.575978028428949,4.7577408424316445,4.17268407367078,5.303553133578589,2.7116452624113663,2.2998709396017603,-1.474874030879164,-0.1366511062972222,-0.6410867325089384,-1.0848582486187297,2.106109202636844,3.827373386586828,2.903019689980624,3.6779461051106637,4.458415080062537,2.7555837146575186,2.637554463657011,3.366887514076552,4.330044156363783,3.560274895059081,1.2674350263080214,0.8218409160095348,1.853055629491223,1.0718494252874393,0.712674017251743,2.9763811585370377,3.0036723845449274,4.302466950616463,0.9534377179762714,1.10918704924228,2.015365307392017,0.43977850620308345,2.5776921747135475,5.513623506967917,5.199948325960349,5.918845370119584,6.68326678366094,9.06741289821207,10.197882058714583,10.24042575610298,10.12464944199246,8.634466625987045,8.108935068897608,9.808345798948267,8.574837178000564,7.086575639815578,9.746580276296129,9.211958826155978,5.546342711654063,7.937996222915899,9.836230458713999,6.757006114646174,5.668614445655862,6.167275718486053,7.152798500205563,8.192898455999796,9.308415535774145,10.945268215847307,8.557217059274649,5.8926382338034955,10.367204414740854,11.092754680317512,6.139562130637387,3.5940730729355437,6.195107468068841,4.25634453662758,6.216157703910028,3.1290698719236048,2.285992481216738,4.233268788336886,4.693206176700869,4.048603549758411,4.825814029138144,4.47117324176503,2.090897923779494,5.076726825142032,4.501550830473434,6.526150941721539,6.389890474351262,6.215768565821691,7.267774925540493,6.710289266338123,7.239062644580542,6.510142076463865,4.943154176543715,2.4511941466429334,2.002532475519047,4.027597609934844,3.9821473862438665,4.907266386477318,6.534743140154717,6.977591272006578,10.173073020866923,6.577523414139364,8.050566256841705,5.560650379833191,4.362020928057291,4.317046269689399,3.0814598152182384,1.6359762328810348,1.4609131542534328,3.8792088969229326,0.15935827301086647,-0.12188623664184206,3.4918359871670077,0.43802690703211056,1.7113780777707461,1.1256422896943263,1.8495526307264072,3.1226123398982395,3.7465498130824244,-0.21900281337491379,-1.03597749848592,-2.2504837206350885,-0.6429041492949636,-3.0211870647744377,0.4157038888529314,-2.3120488117967852,-3.2905554562876205,-2.5243299585719683,-0.06216517954089795,1.1499847314844374,-0.2407551461009234,0.2826131989749001,-0.6347665279934631,0.2716646332299888,2.3321152376173586,-0.2564459331196076,1.0998918081909892,2.504624207067309,3.5184002193508377,0.42312099182674956,2.6241004053779307,3.8549909216220613,2.003436438985318,3.552203761410624,3.0235797561688855,2.632966169685915,-0.1889035227208069,4.671137973001237,5.6101038151897455,3.9687322810062824,3.493309182305211,3.331273498520545,6.507047502333762,4.876321443845882,3.1638339947190843,4.561516942499168,4.999766113816975,6.384929027589465,5.517700847288097,5.986892552969493,6.686063108076269,6.530499392987224,6.111146799161986,7.433683951729222,7.061955368609176,6.979238418103478,9.069841256459085,10.750877738483439,8.820381222156016,8.646269244274663,8.608909631474432,9.724228427794287,11.552187681616829,10.007789972808268,12.536340681093975,9.117323872920394,11.46005024195938,8.898371806478508,11.710414341084004,10.6578842735139,13.452315962027399,11.108007591672845,13.043034078439803,16.613732166969385,13.672470012443625,14.006672702420929,14.839554972837846,12.389874592557135,13.45823599101783,14.325344897733373,13.49172381162856,14.133400390890301,17.15104083711128,17.80849963580954,17.630615885524207,21.48722812464763,19.433658968354166,16.93697204715795,20.226619184925994,19.38196506260931,17.824077660762555,19.310540355728563,18.40084514183286,16.7364217796125,19.87822333600468,20.92574490547605,21.82488462396799,22.805260458675434,21.296622471648618,21.416218444411697,23.464887778826665,25.404447959743095,23.152951918490487,21.437287936578628,21.90255487084721,22.01336847737565,25.1693398805819,22.308957398078178,22.58561161569918,21.070201874711756,23.296332777353143,22.66882263915261,21.822467914756373,22.90457499895956,21.525186141419965,21.067351555244045,20.178340492426173,20.78013933650658,22.86684549030099,22.28802302861112,20.292525731741534,18.60939924299163,19.417424725236287,18.294246226504185,19.120911614800434,18.13424085448662,19.528388423614558,20.25589932079629,20.077940859383148,19.437624127917843,20.854443705195877,20.012229384453576,20.428854283638998,20.96606158979,20.95409830643399,19.975711781898383,19.41046123394449,17.736109449168794,19.205197546558793,18.246076639069656,16.31739987421463,15.422099580758754,16.30681983463313,16.65664921448115,15.648190781545168,18.23465725952775,15.161068889343653,14.493763668519932,16.74249848863326,16.53702390907108,17.2291041958307,15.84774805495681,13.449336737161957,12.684213531430714,13.446128584938947,13.508927211987896,9.641112806094384,10.877850007538598,10.02218579327058,9.683470984096175,4.992051492352516,6.5200142053891454,9.636381546506584,8.100678216691392,5.6807287345421855,5.052163205073953,4.5467696124947,0.3511633166552315,3.3346984805418742,5.69006297225917,5.356801015894803,3.6647150555926373,3.387820867004109,5.640038644465278,2.7077735950927035,3.554035586608393,3.824726061660101,3.0969289688201798,3.496983245282138,1.4609809365153978,2.451625066415886,4.41623765340654,1.5508587324665655,0.005721012185858854,1.9620018702870539,0.44551369368645055,-1.128374442134259,-0.45601835976032135,0.24829295319244693,-1.887012573966274,-1.511094927381123,-0.8744137711473172,1.3512910244641034,0.0046947400190902044,1.5560338002512708,-0.1923630854190037,-1.496272831924557,0.1483867279304718,-0.39518708375993583,-0.680300865990489,0.9715237004555206,2.8674337791484845,3.0022900595533315,1.749187807672854,2.4397486006089366,1.4475555104666569,0.08933711732925076,3.9299908018369933,1.9969688673369888,1.5721482730055527,1.9051181806657382,2.347091130081992,1.9777950955069628,2.8193101114059687,2.881631053527542,2.335763257876579,4.178578471513504,2.97127926261021,2.8536505451524476,0.5144881664667764,-1.0548000067977341,2.7905751882154277,3.2026460228983638,1.7194003001326905,0.07444317831658509,2.7725893607050693,2.0014843536556555,1.634015085485828,1.5010455792864263,1.752195798262278,1.2795782312952042,0.23647462564088073,2.422284764659878,2.844660361190222,3.0482096729508044,3.1769364251476873,3.908901655353418,1.418595526806314,3.844832763026318,-0.019153109013643643,0.4070414633324049,0.999688142247976,0.47105708436873783,-0.5754988899664681,1.7519166936471038,2.4847018566628662,2.03444243362361,3.3707989617739145,1.1529154174922382,2.49376234437392,1.3709036765822589,3.074860862576088,3.5603397840364437,4.483187372580062,0.7775094811335634,2.8504034576642425,4.163623554809988,3.7883597753249774,3.4165597622416044,1.6385167270216243,1.803709330486754,2.11189683132568,2.445028249262407,2.529992578378028,1.4714251502822435,3.57479722522595,2.821574789364604,1.7450728366081307,1.9353382564433446,4.87420243181856,6.8955778509763945,4.351442920989257,1.7330270683560798,1.8777506906814097,3.4303460239861465,1.0034101067500956,2.4186155621532635,2.785476709909233,4.76923272552645,4.481838814559552,3.636064524975694,3.0277783217925105,3.549985757593163,4.9150127608938305,2.968775603454418,4.041946535260024,2.9538449703557035,2.2601333023808365,2.657022335645138,3.2476745527417847,2.927732639311671,3.792088223806388,5.748102124326238,3.4591467426530755,3.098100131344694,3.257059967747125,4.030854942638655,3.370636663279072,4.799989805522301,3.4278716329633596,5.234515784666883,1.897466958277704,2.094223551621752,4.574198445629747,1.999142568646107,1.7556141308531892,4.16817468255806,2.246108498897115,1.837490331743993,3.11754314586139,1.8287809820286611,1.5257903231769774,0.8561903062735325,0.6098728649252507,0.024071766065219435,2.20654989044408,1.1205693839833089,2.1077491055430926,0.38371598063778833,1.819553266975447,2.537870062798845,2.112080948457873,1.511230133327956,1.7315985540528231,2.4474607705673463,0.610343366912133,1.897724830819044,2.7284318555874165,2.7861682640797483,2.0963429285812936,2.1412125872912213,2.0296817179936966,5.075595380249638,3.3089086601441693,2.424935633273151,3.0582753226619275,2.6839348340374727,3.7914015581196736,3.5679317822738597,2.1424318053503555,1.089608350656249,0.4448460278413222,-1.4098977864288145,3.310212047644029,2.1339974061664293,2.425362842036236,1.8662974115483735,1.4090536003365628,1.9682555335765244,2.6102911115542895,3.058866152964839,2.676602231098741,3.237695930743115,2.5349745504697694,2.857358815081227,-0.17552706876614366,0.6594259272699787,1.126328935460947,2.7940110397134674,0.7499169339575644,0.760980168464414,1.880984194099426,3.2519692215675207,1.7926171191784022,1.7756591126619412,1.3250225375487332,4.731153716842613,3.452009827373189,1.2804169576203321,2.476974288362925,0.8706097297599911,2.1114026776715775,1.4549774848419759,1.7331912030314243,0.8156662414322113,0.6067843574018355,1.5904712941138541,1.7643398678524704,2.921184010268746,2.157126944353138,-0.6323309576161762,0.5747600458871034,1.9420338129111485,1.149298460434295,0.06906515830183935,0.5191727202183358,0.17494286313817042,-1.0686067029797357,1.6721128813214818,0.48521460450973564,2.6845345544432746,1.7640998104976404,0.574535083985694,1.5572699635210938,0.9248368855375304,0.6996741366007484,-0.19122381479289174,2.1595298859402305,1.3453744015383506,2.3266462617947354,0.4480660172386024,-0.3835885191483328,0.6697043172934798,-0.011595318867279047,-0.21223424921205947,0.4364526847056993,0.5333573518267087,-0.06876794892087901,1.102732592508687,-0.14423367854419666,-0.040379522129427414,-0.0038857528054734303,1.02861933865006,0.3951962206315329,1.3059908299605638,2.437503434056225,-0.4577618019415297,0.8587219925758802,1.0870035540431502,1.3087233298976741,1.9429240026265404,0.7420374060708639,0.20707611239663493,1.0821785350934192,1.0448097881345149,1.459942506669961,-0.11509085431478638,2.622838217784647,-0.5040366211216281,1.193476640756785,0.7298160940398617,1.3285566728904712,0.483720015833768,1.6657146524648567,1.3342526528740137,1.759135031908059,2.0806002930589074,1.4947720788461112,2.5131806230455993,0.508607841010857,1.5875161218749554,1.283385015824365,0.9923724421257987,0.9979424050865191,1.1232926964951844,1.2941524414516437,1.0812854427653633,-0.6421612033177837,1.6154058414170152,0.9002585137915986,2.487916635962179,0.7173307261917046,2.155142704342296,1.8519192842653638,1.2363473866613504,0.4699704975268446,2.8837121672122095,2.6318906744613315,2.0811729476352383,1.4997454272962756,2.3224889870030694,1.6210565061010982,2.028227340671492,3.9298858482638366,1.9226476899527256,2.7413956509139723,1.6138178050156569,2.100678429037117,1.5677343141571498,1.6325807255688574,0.6453261994261226,-0.2571853567074669,1.6661455764687503,0.782931684507588,1.3930593510933136,0.42735817995685466,1.951171490503583,-0.21843319743300071,1.6001210233829966,1.6916847070512233,-0.17205245790725598,0.6257452270595536,1.7774003933150482,3.145790724394388,2.9270685674011787,1.7717926931409806,0.6235895118415158,1.426565908406502,2.3704494329198837,2.555863794078391,3.7406666554284698,1.598319062625393,0.7383168435078744,0.7530887105164084,0.9951569912246043,1.1267286913152645,2.7084253287720514,1.5592224959173677,2.41015911286388,1.3254572323761238,2.7831036198161883,1.9168389973558533,0.5148227541690176,1.895128943702673,1.305946314015216,1.2924604939646827,0.5694355340607444,1.7879833169926087,0.8014632881348973,1.5904624972669126,1.0500118837481978,1.770714127306121,0.4663712655573704,1.1482933987931574,0.791322074808221,1.691206319341262,0.2604477035104935,1.944659201578986,0.981201808640094,2.4621573946571402,2.1140834394811634,1.846093329091019,1.3379072326861632,1.3182334771418311,2.5564601871832338,1.9804760270989448,1.2554359460588387,0.3014843192086829,1.8202595367755947,1.8279980423343574,0.7840971081759562,1.326336697326525,0.4862497461603539,2.4228409822462993,2.0297189663639585,1.248412244059665,2.2401375734349642,0.8911558382386318,0.3411418522582892,2.129672683916027,2.1913906751370007,1.3030857820275514,1.6626979490746052,1.820191068825693,1.7029283121383045,0.6433744439739826,1.8220966285813063,1.8574938445335647,1.3530761247665453,0.881797591368894,0.29881209074079607,0.9689245651846932,1.3443880472388798,0.9457538123928941,1.1255775488165582,0.8793782595279538,1.7030219724386129,1.6257799314772967,0.6006521531415387,0.9334407679621393,0.7083978586117325,1.282820000600708,1.6121978209139343,1.1699814129806896,1.5436839719500028,0.2836138335409544,1.8345379498562693,0.5629990625081476,1.0563916278483418,1.2018117366024796,0.5430478787396638,1.1091102868408882,1.7321860190652885,1.2338457201707413,1.271975016725662,1.06085971098625,1.4396557783041715,1.4044137717829699,1.3113258547109297,1.339299809212406,0.9527161561521496,1.1221579802187875,1.1750541265423564,1.3926182706639807,0.7940514889297745,0.8826779484045346,0.37632216399407525,0.9382965384105617,0.5803707731598706,0.6262575301173285,1.8064153237657479,0.4172282041066069,2.368422325656013,1.0640131994006197,1.342124833615749,1.1696881980462877,1.128925723683892,0.7773900773344167,1.5178524713586015,2.117429590915087,0.8139906854419792,1.2648116835033036,2.477285162000612,0.7313751350749271,0.35552635668750554,1.160830449800983,1.040528507440456,0.7943327589892988,1.5334596937917695,0.9910701492490261,1.579092967375061,1.2203173341919822,1.7907259423632809,0.02392923117315604,2.2569386449152375,1.0076738286151183,1.3285276207939773,1.2982103556408902,1.6004012591507148,1.3006153649971566,1.7973448417358213,1.6421578997356505,1.922061107228899,1.0511940469428964,2.134881106957316,0.6499465854914206,1.752436674209548,1.2752373282729081,0.9577608931504038,1.9517216039990295,1.395432568705644,1.5266882826264805,0.6374918570680279,0.5120814343836173,0.7858894748915759,1.1741938161687813,0.6011268924960405,0.9565879274732652,1.3968144329761571,1.2918995686299013,0.6570436236655688,1.2605633657899489,1.2711584926111108,1.519237407467532,0.2186236087500255,1.3779783945856856,1.5062644023233247,1.212070672651695,1.0865624658723583,0.937791441465432,0.5838398967149487,0.022895244476330845,1.0214973477658837,0.5355781571541911,0.5270681325119995,1.3145432642589867,0.05181890050812399,1.7654939188068397,0.41782850743868494,0.4954833891973749,1.1121677375252794,1.3587406396954975,1.3520029205191122,0.2911603592653478,0.6640557612576004,-0.12146802100267351,0.42128540575805573,0.39310169581847276,0.527783047632397,0.6022911052068025,1.528862346855309,0.08953757298621667,0.7089756104433036,1.58877085450888,-0.2529902897438241,-0.5399017213827619,1.3984499869057458,1.157589656046298,1.1233766686563627,0.639392001799763,0.9068424815061427,0.7753552037282816,0.43744123745568686,0.6605169696496773,1.1814659066135356,0.587211924389976,0.30386258824802326,0.8836354816399989,1.1791307717676318,0.827502065301303,0.6654496649629209,0.9999916313004711,0.95228627814123,0.48626430313873925,-0.11235108874313937,0.8547704518261412,0.8220319730616552,0.6241650738712661,0.93717171773676,0.7967034639265762,1.3265026745981459,-0.1279772090085789,0.6536208005898043,0.59726237209685,0.5767909927650408,1.3983430283528264,1.13705388667114,1.1363398186675795,1.7069621993165356,0.7854519051315947,0.8467307552111265,0.8838956152307578,0.7904586867249463,0.9441611706682238,1.0005943400512933,1.5991893621570057,0.7479571687105118,0.868642013878743,1.1317158754947627,1.5245213339194397,-0.40523442045258484,-0.29609980469575703,0.41853233385864996,0.7845487363717893,0.5356775175568469,0.4994339069704097,-0.5348348728897463,1.2197941104184338,0.0068693005717932465,0.0990957041435081,-0.13483149201107203,0.1816173235632732,0.19037970573543816,0.2584746349991178,-0.3771944362235331,0.5259197632468613,-0.007810510270189752,-0.0005056296464527321,0.19835014167477993,0.3115047916548406,0.0812775927411753,-0.21996384340792474,1.285784683418001,0.3230633264009839,0.08713240128253119,0.4101988696592116,0.6875561941192814,0.3412683879665792,1.3468127868626425,0.145668202962268,0.029077183978074572,0.8006771681463647,0.8372819747678477,0.14820980627115432,1.0498876604460747,1.0745494813209007,1.3677866518803494,0.2554930675883611,0.5680371270227624,1.2079851173352836,1.386409280836915,1.6160489524798436,1.4487239483873378,1.4265674530461183,1.2543788268711165,1.836540341209739,1.2839389637486534,0.7861043236742375,1.3529938163711677,1.197797523811289,1.3945013673984477,0.8007272418962543,1.212517198333499,1.4933952022952326,1.0639071928413841,0.8053562152466593,1.7133659633997222,0.43758036010171963,0.4040341861752381,0.6474362280623058,0.7159325029197685,0.7464960963396283,0.7742790765808536,0.800996662045236,0.8267913847589057,0.8516855336845879,0.8756946393855287,0.8988331935820497,0.9211156004251393,0.9425561741823003,0.9631691370093449,0.9829686168066019,1.001968645157433,1.0201831553482634,1.0376259804684764,1.054310851589264,1.070251396018989,1.0854611356348869,1.0999534852892339,1.113741751288103,1.1268391299423683,1.1392587061886275,1.151013452279301,1.162116226541002,1.1725797721988442,1.1824167162662889,1.191639568498715,1.2002607204100855,1.2082924443503202,1.2157468926433808,1.2226360967838446,1.2289719666918586,1.2347662900237992,1.2400307315389796,1.244776832520131,1.2490160102467485,1.252759557521017,1.2560186422433617,1.2588043070383037,1.2611274689284073,1.2629989190559172,1.2644293224505532,1.2654292178418132,1.2660090175164669,1.2661790072183408,1.2659493460902809,1.2653300666571,1.2643310748488261,1.262962150062208,1.261232945260872,1.2591529871123157,1.256731676160939,1.2539782870357499,1.2509019686926308,1.2475117446894046,1.2438165134938117,1.2398250488221834,1.2355460000091512,1.2309878924068585,1.2261591278125934,1.2210679849247867,1.2157226198260673,1.2101310664921243,1.2043012373264332,1.1982409237190836,1.1919577966300494,1.1854594071955376,1.1787531873558237,1.1718464505050292,1.1647463921619874,1.1574600906610044,1.1499945078615497,1.1423564898768745,1.1345527678211056,1.1265899585724242,1.1184745655536972,1.1102129795288533,1.1018114794142662,1.0932762331049162,1.0846132983146504,1.075828623429345,1.0669280483738248,1.0579173054900366,1.0488020204269333,1.0395877130418967,1.030279798311767,1.020883587254957,1.0114042878619784,1.0018470060350069,0.9922167465358598,0.9825184139416479,0.972756813607532,0.9629366526371541,0.9530625408583546,0.943138991805256,0.9331704237056329,0.9231611604735122,0.9131154327054105,0.903037378682086,0.8929310453723929,0.8828003894419112,0.8726492782632249,0.8624814909286442,0.852300719265827,0.842110568854082,0.8319145600427191,0.8217161289696833,0.8115186285814957,0.8013253296529683,0.7911394218068608,0.7809640145334242,0.7708021382088646,0.7606567451131241,0.750530710445787,0.7404268333406208,0.7303478378787531,0.7202963740986092,0.7102750190038023,0.7002862775684662,0.6903325837392345,0.6804163014343771,0.6705397255386742,0.6607050828952765,0.6509145332933599,0.6411701704518009,0.6314740229976792,0.6218280554412559,0.6122341691454949,0.6026942032905254,0.5932099358327036,0.5837830844590712,0.574415307535503,0.5651082050496825,0.5558633195477114,0.5466821370650337,0.5375660880505961,0.5285165482852108,0.5195348397932662,0.5106222317471634,0.5017799413657826,0.4930091348055612,0.48431092804497666,0.47568638776158423,0.4671365322019483,0.4586623320436729,0.4502647112507816,0.4419445479209685,0.43370267512551663,0.42553988174103097,0.41745691327395207,0.4094544726764866,0.4015332211552618,0.3936937789715671,0.385936726233183,0.3782626036783654,0.37067191345175843,0.3631651198718373,0.3557426501894838,0.34840489533957,0.3411522106822531,0.3339849167372222,0.32690329990879263,0.3199076132027585,0.31299807693443427,0.30617487942851085,0.2994381777098738,0.2927880981856674,0.2862247373194009,0.2797481622955047,0.2733584116762131,0.2670554960486129,0.26083939866413175,0.2547100760683634,0.2486674587229345,0.2427114516186748,0.2368419348793509,0.23105876435772643,0.2253617722224135,0.2197507675360839,0.2142255368250403,0.20878584464060168,0.2034314341112804,0.19816202748711476,0.1929773266748498,0.18787701376470523,0.18286075154929904,0.17792818403370347,0.17307893693686083,0.1683126181847001,0.16362881839535248,0.15902711135544223,0.15450705448847657,0.150068189315391,0.1457100419059998,0.1414321233232272,0.13723393005898288,0.1331149444618518,0.129074635157167,0.12511245745832866,0.12122785377152923,0.11742025399161093,0.11368907589064747,0.11003372549868118,0.10645359747684324,0.10294807548297058,0.09951653252937831,0.09615833133329943,0.09287282466050328,0.08965935566072858,0.08651725819669309,0.08344585716491792,0.0804444688101853,0.07751240103254986,0.07464895368786983,0.07185341888055063,0.06912508125020622,0.06646321825110135,0.0638671004244884,0.0613359916654872,0.05886914948246158,0.05646582524985888,0.054125264455421984,0.05184670694023907,0.04962938713276799,0.04747253427706255,0.045375372653893464,0.043337121797208056,0.041356996703200366,0.039434208034720086,0.03756796231886028,0.03575746213931552,0.03400190632282829,0.0323004901205195,0.030652405382909365,0.02905684073067505,0.027512981719155505,0.026020010997967802,0.02457710846556438,0.023183451418390177,0.021838214694923863,0.020540570815455794,0.019289690116295333,0.018084740879942274,0.016924889459630776,0.015809300400235315,0.014737136553947039,0.013707559191971086,0.012719728111562745,0.011772801739311944,0.010865937229937117,0.009998290560645273,0.009169016622195159,0.008377269305526625,0.007622201584638333,0.006902965595656951,0.006218712712495744,0.00556859361864781,0.004951758375455029,0.004367356487705365,0.003814536964512172,0.0032924483782039715,0.0028002389196899458,0.0023370564506421942,0.001902048552551605,0.001494362573168928,0.00111314566998999,0.000757530206044521,0.00042663752435601054,0.0001195814685388541,-0.00016452834154279117,-0.00042658346995949614,-0.0006674738516494472,-0.0008880851985964,-0.0010892966148503547,-0.0012719784123191857,-0.0014369901192594625,-0.001585178671120957,-0.0017173767772646897,-0.001834401453550072,-0.0019370527137994031,-0.0020261124114995255,-0.0021023432229299033,-0.0021664877658622572,-0.002219267845362083,-0.002261383817597107,-0.002293514068242075,-0.002316314595361746,-0.0023304186901782487,-0.002336436712937484,-0.0023349559523921926,-0.002326540567310076,-0.0023117316000593746,-0.0022910470602255373,-0.0022649820712103974,-0.0022340090748684815,-0.002198578089746661,-0.002159117017697554,-0.002116031994489731,-0.0020697077806062225,-0.0020205081877975317,-0.001968776537694339,-0.0019148361488419141,-0.001858990848859321,-0.00180152550819912,-0.0017427065936317376,-0.001682782736622812,-0.0016219853158645492,-0.0015605290504367986,-0.0014986126017788592,-0.0014364191821982786,-0.001374117167699751,-0.0013118607138835614,-0.0012497903722987758,-0.001188033707080649,-0.0011267059093711396,-0.0010659104090109395,-0.0010057394814566578,-0.0009462748495252526,-0.0008875882792267475,-0.0008297421684346773,-0.0007727901278258287,-0.0007167775533503118,-0.0006617421906867094,-0.0006077146893517238,-0.0005547191476011903,-0.0005027736476677092,-0.00045189077962959345,-0.00040207815584381024,-0.000353338915203949,-0.0003056722155747593,-0.0002590737167338375,-0.00021353605239937679,-0.00016904929123029433,-0.00012560138782191643,-8.318028000076083e-05,-4.1773893030949694e-05,-1.3701440479962912e-06,3.8043054246372776e-05,7.64777888093704e-05,0.00011394614278970039,0.00015046019171904845,0.0001860319997604165,0.00022067361624067416,0.0002543970718420496,0.000287214375248368,0.0003191375096776028,0.0003501784296418009,0.0003803490578206947,0.0004096612815942535,0.0004381269502005125,0.0004657578722344624,0.0004925658121806009,0.0005185624878549788,0.0005437595677904028,0.0005681686685647946,0.0005918013524137677,0.0006146691246726732,0.0006367834315597065,0.0006581556580158576,0.0006787971253743308,0.0006987190889162775,0.0007179327359381205,0.0007364491838188769,0.0007542794781443263,0.0007714345909448639,0.0007879254187628248,0.0008037627811177117,0.0008189574187440485,0.0008335199919429215,0.0008474610791040504,0.0008607911754552333,0.0008735206913570437,0.0008856599510522756,0.0008972191914153882,0.0009082085605882639,0.0009186381170707136,0.0009285178282993911,0.0009378575700225156,0.0009466671252766901,0.0009549561831931896,0.0009627343383726839,0.0009700110898620551,0.000976795840529121,0.0009830978962099834,0.0009889264651974372,0.000994290657217789,0.0009991994833171702,0.0010036618549520426,0.0010076865835344506,0.0010112823800341175,0.0010144578547510719,0.0010172215166335263,0.0010195817733915646,0.0010215469309287073,0.0010231251929440077,0.0010243246608752088,0.0010251533336145258,0.0010256191076791765,0.0010257297769271645,0.0010254930327846523,0.0010249164639617447,0.0010240075568503926,0.0010227736951264887,0.001021222160261459,0.0010193601312948886,0.0010171946850618951,0.0010147327964773467,0.0010119813388200782,0.0010089470837897352,0.001005636702245738,0.0010020567639799083,0.00099821373839859,0.0009941139945226496,0.0009897638018401267,0.0009851693299651743,0.00098033664983177,0.0009752717339210903,0.0009699804566025705,0.0009644685947591825,0.000958741828071652,0.0009528057399279533,0.0009466658175938392,0.0009403274532360228,0.0009337959442632382,0.0009270764938946741,0.0009201742121263123,0.0009130941160151451,0.0009058411308728864,0.0008984200907207196,0.0008908357389145749,0.0008830927287704071,0.0008751956247010639,0.0008671489026710333,0.0008589569510490946,0.00085062407129044,0.0008421544789030122,0.0008335523043569992,0.0008248215936532688,0.0008159663094602365,0.0008069903318528304,0.0007978974596198896,0.0007886914106620679,0.0007793758229581726,0.0007699542555883454,0.0007604301898709309,0.0007508070297603808,0.0007410881033251826,0.000731276663486824,0.0007213758890429744,0.0007113888857475104,0.000701318687163166,0.0006911682558552457,0.0006809404842442746,0.0006706381956860241,0.0006602641453810065,0.0006498210215113431,0.0006393114460934157,0.0006287379765126389,0.0006181031058076769,0.000607409264148373,0.0005966588199726175,0.000585854081123216,0.0005749972954731675,0.0005640906522899058,0.0005531362832016384,0.0005421362635615878,0.0005310926132437999,0.0005200072978936987,0.0005088822298944251,0.000497719269674235,0.00048652022690021113,0.00047528686116038443,0.00046402088366903627,0.00045272395789197617,0.00044139770102447073,0.0004300436849575817,0.00041866343747187784,0.00040725844303324266,0.00039583014421396,0.00038437994294326927,0.00037290920141686,0.00036141924334742725,0.00034991135515838323,0.0003383867872344126,0.0003268467547172804,0.0003152924393248213,0.0003037249898625305,0.00029214552353096224,0.00028055512740365884,0.0002689548592798019,0.0002573457487073938,0.00024572879846118667,0.0002341049855658639,0.00022247526254659533,0.00021084055850906225,0.0001992017801626389,0.00018755981324147797,0.00017591552358453555,0.00016426975810190925,0.00015262334625276708,0.00014097710095484217,0.00012933181977814456,0.00011768828613867299,0.0001060472704921267,9.440953164130406e-05,8.277581747506702e-05,7.114686695786077e-05,5.952341047077425e-05,4.7906171459999314e-05,3.629528390547421e-05,2.4690407713023887e-05,1.3090843424379273e-05,1.495647040883341e-06,-1.0096254925429093e-05,-2.1685950969185797e-05,-3.3274429199536826e-05,-4.4862463312256295e-05
17.69957064566188,16.830142614923204,15.11317863454002,13.453887653884863,12.325592345387008,8.531814231400176,5.96948790835927,6.282983642955003,6.252779503367606,3.3145653318213704,2.0788045151858796,4.475418116686001,1.8177498432279435,-1.6616675926975404,-1.7528236330317668,-0.3374881442068727,0.12617034467382382,-1.0405333738915488,-2.4167361801776224,-1.4005343797410887,1.5306539444234204,3.2241926410190445,1.240763276776761,0.7622018811653106,1.063911254107552,-0.34066877131851925,0.18561979329354017,0.3064886019382129,-0.322407350575304,1.2697114116310786,0.6605611500184523,-0.3933089931105087,2.2339127538032244,6.120251528733775,6.6591619337636985,4.234881650357579,3.68458958859469,3.4544730241283332,3.1430015789968593,3.4930537094789997,3.9340309950530354,2.982920115111142,1.9665828439231063,3.125943157467418,1.6839194639701418,0.03939421453196701,1.355776059048594,1.8926040145713614,3.6038139352288,5.193829767139846,3.259042869479458,3.1059270898517752,5.155396867925333,6.754269653088841,6.778170972940984,7.180057222622736,8.550396326488908,9.40561984635815,8.518384074946425,8.864408329251546,11.539650332244946,13.091971217332912,12.503496100674624,10.787781894701084,9.983774886493734,11.420764522636887,11.667785345087395,10.798692531069037,11.83295776680859,9.467236717257038,7.509084742975801,9.583072859365302,10.065297209823257,11.268925733346805,13.387008174903144,13.48747108225416,11.653193277742503,8.923961414651103,5.887534613756429,3.4578429784386344,6.013659773324662,7.284954206319526,3.2691509386498865,5.222829176484083,6.917704517825314,4.922183932925009,3.8458113955767885,4.6774028482933545,4.712597579475187,3.5408576519699864,4.8149991495535005,7.685457430821884,7.751458876777974,4.313828220972255,4.373584734309588,2.216110049280587,-1.3504485257010401,-0.09100298586372446,-1.0226492226211121,-0.9779729491133367,1.6630259293403924,1.1210651971657626,0.985087570142241,1.0430102613178178,0.6895619086692477,3.782239600559933,4.287732250927775,1.768187379862411,1.1684425083673204,1.6307837110957735,3.526989133357347,5.249832851132851,4.033397181454575,3.6640710452776375,5.329854288342631,6.220089163420653,3.2594079176408286,2.4176081917488546,3.2073339802366263,3.1419614577107495,6.605288841325319,8.20242751060107,8.08273867281082,10.322706738422198,8.907628786191594,7.301255452448686,8.967519588228697,10.9483562441294,8.981073109152362,5.377134492307732,3.581975972467262,3.0650804423517,2.6656203778903773,1.9002581828798384,0.8621330453358951,-0.020594064095348585,0.6959848093318897,1.8488442304943646,2.537959182951795,6.086021750535792,7.822315560157108,7.687695895749357,10.03036589182716,11.299235921948139,11.409157739445163,12.847369663040922,15.53812058929168,12.122577075329446,10.183554515099104,13.028476465288009,10.857099448602867,8.51712790365309,7.92743217552561,8.878952070094783,12.483000135647217,13.744869966168835,10.98998330187601,7.796812266311235,8.910148684799879,10.448746005329667,9.453842136436151,7.5543204261558685,8.54275956620313,9.65607343036072,8.376658436572598,6.295003298894244,7.8077482374653755,10.388192999175317,11.734856276701521,11.980215684838981,10.969760360210103,12.701749237509148,15.68695236148551,14.976665850464087,14.929801441573773,15.460933436777168,15.180740602088463,14.283884532427919,13.274656652298631,12.868284457814525,12.492823707468347,10.74002516198641,8.50296889921924,8.550527380046333,10.133810984581942,9.385032753512178,8.036319264923122,8.120028091991799,9.019162976919006,8.293789838184466,6.581488340788951,7.683289468792054,10.957718665291395,10.532587714431202,6.749757597552161,5.52048521539291,9.577682067153546,13.466331853892143,9.169405600148252,6.590893491641168,9.805317023711723,9.19634009901813,8.899944975624067,10.928028519303552,12.613897838647745,11.331935609602283,11.344706840472554,11.938396011839018,10.724442817468343,8.45411730025603,9.149989700184165,8.969578142292221,7.578273371776618,8.992173244688729,8.760944195190177,7.198106738693468,5.740227389517258,5.16255602420074,7.4468238788537064,8.933465286611863,8.448082292959725,7.838065600816208,6.549254775323561,8.262901195473887,11.641700897833061,11.792196748927836,9.457832306583214,11.517609031435995,13.53625741880819,11.460831031010912,14.974954342354295,14.20536591544078,11.799676838813866,13.940591995325121,14.018578759732804,11.657257409610793,9.380393305050234,9.020039214635403,9.451215718911271,6.789237906574954,4.703924315733843,5.912944368071294,7.509333225815681,8.183415498963882,8.263576570016767,7.751846022664722,6.915389332990799,7.954659776111839,8.87021979888732,10.41476728317889,13.711665727732452,14.104553468723566,10.6550850492863,10.049120145067945,14.847395295894898,16.49083402496285,15.446908663696831,15.165389699126195,16.407142264995514,17.335190623041626,19.226021749756,19.217449013111036,17.624163741289863,17.28716149307388,15.145946807016117,15.191963410921517,17.274380568781908,17.591853330080312,17.144121442643154,19.431289106048894,20.783048649214038,19.26767688370728,18.76192022247983,12.816961628278477,12.749118906407602,18.053297447663454,14.708837403086136,13.175606903542757,13.98451753089148,13.53238531114846,11.079000946097267,9.164549292095217,9.337209703068766,7.474018038364193,3.1887645947010697,2.8509762260841853,3.960306420767438,5.6301779131567855,8.01325864709679,9.473580749507164,7.449638436607302,7.426922047570997,9.487051547702322,10.269934733831406,9.81245111033354,5.826589017872152,2.586225464302288,3.126162167789289,4.567626369125719,4.5408171644564845,4.334258388476428,3.509117464766973,2.393346051452909,4.448989694028114,4.0913407689640735,0.3662454070522472,-3.0397035997375497,-2.297396406215853,3.2092331954029305,4.263693590723278,0.2864557350510495,-1.62537410048958,-0.39940891170147097,-0.5898325172458954,-0.848236891011311,-0.8554440073879732,-2.7874456658772715,-1.4529766619286875,1.0426249453454375,3.331218098488989,3.8455039209395636,0.37749716785697274,4.9451643582879115,8.224369922748338,4.000413832394088,1.7020278531311988,5.017525870355939,6.984037517230149,8.448750518913357,11.203859226379905,10.428703141823007,9.983284709549935,8.837041366154153,6.5930765420882835,5.810303330975103,6.947902721817513,5.618619575712955,4.768511047250058,6.6787167369682265,7.103703405274473,3.5478150743920196,1.4109028686732472,1.3985426553458637,0.7131363324219819,0.3239313611845773,3.4152630222282596,7.492206309848143,10.361410583844304,11.942073282921456,11.679819032299633,11.134223899710605,10.770075187247585,9.620457423425478,7.566964801939548,7.080851198969981,8.048469831657599,7.2969080723388515,6.723870164284563,10.233529347637159,9.026200768277022,10.696485658106553,14.590815401096052,15.69825947172285,16.292065572883303,12.63125864624169,13.278756047223965,15.635913809536873,13.043722869480234,12.035311271637852,8.80493856872124,8.070666820848487,9.383992266237783,9.118859066509458,12.075052730040852,12.033559025198429,12.43655636049948,13.974329851262269,12.700627724617334,12.756904329794224,14.29657563658418,14.74777557736968,11.14618060018779,6.075561381422858,8.261166975029255,8.914085671154908,8.396527980705741,10.103113191148395,11.023613558890133,8.981967810495917,11.225941695169013,11.707401626416413,8.643227543588637,8.70147009029597,7.4232869559823484,9.943096678694474,9.848869300244473,7.957333633759617,11.91914084732366,11.056755278131732,7.402295833182734,6.624904239581838,7.290938281079434,6.166217969560307,8.287741787034747,9.95581326295337,8.686433340180656,5.759945227717935,4.242702008111337,5.901068394942968,7.337590318149978,5.6787999339692306,5.206441067221704,8.424669084223865,8.196952795491711,7.63395255188675,8.157363040825203,10.334447033985043,11.714278010744465,7.90391181547534,5.262356246121044,6.435300439140974,8.408215719601685,8.581367690915272,7.9249063695785935,6.881820269419904,6.759476994589704,5.241097953243525,2.9600991900897498,4.098113999164184,6.608320788648825,6.967212986602135,7.595802403219068,8.20593267150457,6.826524301602376,6.752366123688034,5.416246773565945,2.5397115360223097,4.207952615156955,7.918210300941837,3.1953123531784513,2.041929978129019,2.8154703906488976,3.9139289803073325,4.446421460594934,3.0082692082972926,2.6878961829017953,0.39879928525624564,0.657197315387748,2.874572705318542,2.942632430726235,3.6317452892060373,4.231505858309106,5.147108938349561,5.76891736352195,5.855823726747758,5.277193676869274,2.231676945114714,2.004348516243681,1.2866552221601069,0.6227658623020034,2.907862291035258,3.862931964511745,4.285133923097192,3.2992635396137757,1.9837900747768344,1.7585520882817036,3.2876506367572347,6.864947343164999,5.713929966544811,3.508219856785672,1.947133593164608,1.1590035174182276,2.6764586515696465,-0.2869028599768626,-1.4435085310881277,0.35578923033210685,1.8311361938339132,2.1750291676071356,3.3907557923530476,6.656225073300902,8.13762692660498,6.294485563734042,3.1408898120821505,2.9327491586572023,7.280037717784126,4.7561082167635504,2.7179430259855053,4.095216911323405,4.131202999669313,3.5562345552677925,6.726437886275335,7.783095195224519,10.021662816691787,9.940233025693942,6.726289184925463,7.7269816318079165,7.063263742070944,8.059335189058856,5.9049955257269175,5.15906205378451,8.191447675847485,6.4581243489380995,6.044518777340045,4.1602635624933555,1.3187016388864095,0.20492845466856124,0.7089343456505048,1.316656892775086,2.9710038209354934,4.078200594453165,3.0749289235178594,2.7551699151870253,4.692689525275341,5.8077500161119815,5.465254294038687,4.859450387747188,3.741836755966233,2.9180495550733667,2.3922108953876204,2.087448943079039,4.0241816641593005,2.7343014252704734,3.574346186730054,2.9978384987072104,0.5034055344044646,1.2060071750541965,-0.3105857132965184,-1.651506193794603,-1.600106911038779,-1.0121728901851839,-0.827701830956471,-0.3849358070950757,0.8447736261233558,0.07171934928726387,-0.888581232116735,-1.276885133836572,-1.8043995590415989,-2.0805124291118773,-1.917901907341843,-2.5789936263593063,0.055275495000500996,-1.0326026097498016,-1.7627849384050478,0.2731339800988053,0.35796671683408476,1.0472919288412186,2.3578698779892875,0.17932449094939784,-0.18301009217577757,0.06783843437779069,-0.7255015149509063,1.4780237604620652,2.2524951632364036,2.8298913974090283,6.508414086298217,6.301718671794902,3.964670882449923,4.012572828360135,0.8410362817492114,0.06765747686472423,-0.05581216271150424,-0.6327847943822462,-0.0064181167599599576,1.850192588455343,2.213097610916975,0.5485936372890592,1.2404576016759847,4.422222242698467,2.770999276492944,-0.11453019880627835,0.595088563614695,1.4392113467645231,1.9269204366413533,3.5243292253228446,4.0270186856322425,2.6318755903025703,0.48561541092840343,0.0812668324790593,1.7166070265182043,1.7311001682019196,0.18277715555632312,-1.1825261107213692,-1.8769083185237605,-1.2243460971728837,0.7046815093084433,2.144639218547809,2.280919412080493,3.1559699210399685,5.029401434405372,5.994442489620951,6.390475906347774,8.03167638527077,10.306314667715583,9.84808305512081,6.721519986262024,8.628308911200975,7.368765420347131,7.834940081122227,8.504942294384819,8.976448548592543,14.84652413014669,13.347487334053426,13.835861513636019,14.101396226530483,16.553773728818328,18.24683990550443,18.7597685760594,22.0156038055826,23.80414803710289,22.906107273807606,24.470715411906667,26.096117631218135,25.337732055113406,24.22552253719607,24.68196748714024,25.61928898581789,26.56957969277937,29.414417010333636,32.7057858400816,32.07446452890167,31.87711926637462,32.70509321041618,32.06104224919932,32.3141351136685,31.62150119585158,28.073250054800724,29.357510548355094,29.94732083640406,29.36576497121098,28.66314568999485,28.279350195741586,28.840969368091578,26.73679828999991,28.307594492356316,27.539193398776888,28.438973012274687,27.36184276163067,26.149647708291468,29.456058790800284,29.632254098360477,24.6772359230074,27.34677849589434,22.19774000623272,22.189258623399496,23.832960531373146,22.059781218642797,20.834467266964793,20.830137075554262,20.898556862523378,21.905650919221102,21.50109388854662,22.06392834002088,18.699940298525462,14.778402352079524,15.873114027302222,18.267284994066358,15.550458784151829,11.176801126047735,13.148327755697437,13.281811592145118,14.470257149758595,14.881569958474756,10.984618456673047,10.955606020357664,12.307343813789316,7.704680479886406,8.899987844896941,9.43048803881777,9.647794391491857,8.782425539713131,9.952289292215255,7.5799190443322,6.703630887576196,8.159286542185441,5.825532702566875,5.688376087042002,3.1257906048173254,3.636232994698844,2.397603042288324,3.673005247689389,3.586871996245236,3.0174194856866734,3.6366257620876468,2.4540540189996136,0.7061347620925744,0.02932266569348485,-0.03178557664011805,1.4632807491540234,2.0909789999407167,2.092500272975485,0.8151145579780632,0.011243002606079244,0.483782747224609,3.1099717513864107,5.715656324703673,1.210117524385737,0.14588534779386464,0.47533097987241035,1.0023880909769787,1.3674771203358205,1.0840042467832518,1.8282173092795801,2.0804411868228954,2.067033290433187,1.9295729910552382,-1.3641276369138495,0.9725299090605404,1.9318461129381603,2.0409724356447896,1.2416719613286205,3.115539113008367,2.5462922129732988,2.551987650865385,5.308945721853547,5.810564102626813,4.486702341323053,2.256111006586366,3.601444026984609,4.736922488287064,4.281552272368117,3.5462943538167337,0.6718822282850851,0.6561657360151685,8.832077657872105,11.243915455199613,5.386903440507581,6.780861969883404,8.394463399786787,6.2291552874971785,8.865302807879402,10.729156743350472,8.787128122610739,12.581920846756361,12.677356102233489,11.417954500890346,12.75651175402652,11.501535321771144,10.28684877141518,10.494992781814062,7.29598258907663,7.233306500905655,6.997668892280785,5.829089821101547,7.554014426749973,8.427354062575091,10.792032021836292,10.672428274589265,10.559352375748858,10.186471699705635,7.356239186009589,7.494336736031016,9.785356648329753,9.417186370469494,9.708571746477674,9.776414416945329,9.349004211761326,7.75835923122105,5.279062558687542,2.9889191579381986,4.412175115234845,6.351732223806778,5.374163710665528,4.75026580046233,4.635630323009877,4.200130859657122,5.150566797720785,5.039867475598726,5.29553447053803,3.3521489339244113,4.472813216105465,7.772039244323537,6.853504758305121,7.052972902213469,7.364775470799145,6.187754051561797,6.658267806071024,5.34547557008915,3.140556997927206,4.557097215207875,5.923469851857476,4.6130920274050595,3.859640278798679,6.1101390703488505,7.46722161126155,8.03461913254148,6.277725936830393,4.23169870690208,4.35695594892951,0.8344968006031763,0.9543592705588253,2.796895004685382,1.9554865592955935,0.9881768555435997,0.5641231209883699,-0.06969769141028337,0.37064810200456577,1.19616396669403,2.0695379013666297,3.5416413788650516,3.2611239853902703,3.8757804607920434,3.857349310604377,1.8795034672365318,-2.25008183709042,-1.4058909819336805,-2.0301045768998165,-2.404214264446466,-3.0514213253242133,-4.236114176062188,-2.061914940134443,-0.010791254656226101,0.7169563847305653,0.0686105970298172,0.3607471424405162,0.39562903015985285,1.0650578075292287,3.1524975799831054,0.735327141372295,0.7768502632663967,1.9652546769053743,3.311420906938224,3.9275781584412925,3.160727033864589,4.196551824931646,3.2045316733089066,5.848713172101213,4.585073746304147,7.08104653486987,4.102239267071468,4.96952629806168,4.257077471206799,4.567870726670435,4.8255622898460615,1.4338799508245188,1.9965632241714957,4.880779215439873,5.395070562947865,6.786822190373698,6.796460474075843,6.276654764074465,7.943660156524857,8.336240885542225,7.43603148462546,7.21834851497772,7.640899151620943,6.417981644617271,10.016029710407452,7.25264219511871,10.419171826087961,9.603326806559494,8.72466244239206,11.105534592783158,10.265991115558165,9.618809470879455,10.648360330591572,10.623193092158317,13.20696717219164,12.43629624724997,12.128066110694931,13.603006527102593,13.097220804101426,13.080270361675844,12.498033669463211,14.671998240636185,14.796208932314357,14.640423245745467,16.56231834513477,16.877608260723207,15.814847163394688,14.811480358538347,12.9461258864647,11.306250403992408,11.977060972546383,14.51049936277036,15.66742948744536,15.584263124709025,16.966868493768402,16.954034618685682,15.158700438163919,15.859666232612483,17.18558428219552,17.42611602329805,18.033610382731013,19.250392572037526,19.79418883143103,16.84204354444489,17.452407806600036,19.27955622452521,18.874795351014996,22.391846803095575,20.732355115001326,21.09193841185993,21.812056251422973,24.10193341623284,23.2310036892664,21.584054888620415,20.74008637647836,20.4112435499776,20.849678277169005,21.9870447795102,22.548635330209493,21.810826429552606,19.720432996789498,19.928033639228147,22.686194738227016,21.88365011593504,19.552472390334742,29.328003475418654,43.99508894516646,17.583963286460516,21.08335268042441,20.241075788066553,19.509722111278847,19.165945289954948,17.55286429817272,19.586472169977924,17.761159842333143,16.681942514256605,16.420538930916507,18.672506501317912,19.522957877177703,18.830777036321365,19.581921199591363,19.71879712076759,19.445986109110322,20.278004025437212,20.07296219807671,20.944737749822707,19.44662840359439,21.53467026635309,20.728068887115853,20.133979321589152,19.01018931829742,17.430005852601653,17.620512075015768,15.596600672349837,15.936974825222364,15.607695773732189,16.25603654318718,16.903078412578736,17.591751621232163,15.534631934961794,14.829120020563096,13.603498780430982,12.385951977798186,12.80854385148524,12.065532225936124,12.608375793178084,11.733991023060014,12.26028921834336,11.87090316464031,8.974867253565549,8.172102140815241,8.857266354129933,5.859923609899511,9.497307637224708,9.79755856163581,8.003445685885367,6.317820340782703,4.471456640776864,3.5877977462692456,5.180514642000048,5.0992764890859235,4.976344704029543,3.418833709030878,4.900281989202483,4.725312892851548,3.4945087509131554,4.633585699135153,4.7377541527205835,2.9696068760140406,2.6358401634908546,3.19796568649366,3.7605612590314195,2.033978301097477,-1.6376735984489983,0.3169183149940977,-1.248232664830823,-1.4338557075136578,-1.3999937970158953,-0.7882736225182612,1.1775691840028344,0.12762759526106038,-1.469016275974468,1.6444088792872549,2.729419137907371,2.6150658126970256,3.946592570478515,2.242350726723714,0.39373807724547305,-0.5427171911443338,0.39615979750817587,-0.0899089598962064,0.8401253982244725,1.6322320571443356,1.8859445712502065,2.2958891051431465,1.4040121914702581,0.17743103172739438,1.6484177163059712,0.6647960756668567,0.7257569629289833,0.05885420184125678,1.0272921783424636,2.1349613076422997,0.46888178503388644,1.3676605063768648,2.8680244378301722,2.6898669126929917,1.7192491903527412,1.8866048198037788,-0.4397971285250719,1.504186250572161,0.021337470199171094,0.7488810317128696,0.5923519812114932,1.187326793811451,1.7784822271906933,1.8309539046695704,1.6398028088296996,0.7298871024382834,1.625301844829437,2.1326127254732796,1.6425527517787373,0.2786428038307349,1.3054253259747952,1.5445106057856606,-0.2463950082980091,2.591995488258135,3.0860369689866047,3.50076202673597,1.6752996254385266,1.0288565039504078,0.1630122804729126,-0.651616664444191,1.608851414307253,1.742993433543404,3.726296549585811,3.5416635159411953,2.5618892916115783,2.706185717760775,1.8624533442073243,1.944166180620016,2.778830032844212,2.899974682230493,3.4265178158401,3.2586878658931937,1.9144802559425216,3.150995308281267,2.0513829584421615,0.8717359420928688,2.4007090456220226,2.4734352397289854,2.638334608557898,1.5930884635188818,1.8810199420321965,6.126293086662486,6.197914281169176,4.391158827932429,4.415516497431611,0.6829912694676068,3.7833210572899816,3.260741996864226,3.6893665548086005,2.9343835318233573,1.0370983030309162,3.163510774335009,2.6712711385536068,2.7098688717637174,3.6047880559617624,3.6277710470790225,3.752464137443212,2.33614973121405,2.4910842225395413,1.4806163012494267,3.521127855330633,2.7701932516614534,2.749461212038966,2.485920757412714,0.9758294326138639,1.047079055366055,2.2772866876072158,1.1234638178167984,1.45024499776153,2.605602069205503,1.7531958158023144,3.4934695975593684,3.8374043188910605,4.05576141865393,1.5458430896594848,1.5166576621116974,5.205182671981646,3.494132197910915,2.2285153302491096,2.7803946429404505,4.068661710710472,3.1050423029016656,2.654511904060371,0.28461221654913516,2.4616883882167144,3.134080167356956,1.5467426566808626,2.394124053694412,1.205724891463717,-0.3636798781544428,0.10817114838994257,0.7754765688275143,0.8420412933141961,1.462506336098727,2.034814018827433,0.8818637922864809,2.3403335903041977,1.5322863903583368,1.7412687005418377,2.2831297321642126,3.0116976483847395,2.8319631037762747,3.0124723599450363,1.0396821619025047,2.5241029084910735,0.880505148491352,0.5987019028827376,0.7734255381882633,0.2791935173105742,0.7169789142863578,3.317073012537719,3.0429670970309814,2.475675314384546,4.013121296959326,2.422735265486125,3.4811480891881956,1.3733308491167406,1.0448743953958797,1.1243986156211179,0.4385060809865138,0.3766196848165464,0.12123783810852728,1.3356328399790414,1.9138051268350296,-0.22743310883151935,1.0161385813564152,0.9296968768558997,1.71657021097883,1.1176235451611092,1.1666751603924865,0.8488219124239151,1.1415921809636416,2.163902200290863,0.530044677439605,12.675814788600462,10.950368252662656,-0.3779815435189846,0.45230278952965364,0.4566381157219439,-0.013102447430867414,0.9615740449655448,0.1301543198635784,1.5064987873551274,1.1299042458838642,2.882547592266775,1.0705405468539197,0.9126532331468127,1.1810461705225066,1.901694484358444,0.17071783524770012,0.7413249270123856,0.32709737120745785,1.179122808771183,1.0933039114084693,2.0386541948261367,1.7452344286819539,1.300862747127411,0.8328468558843838,1.0191535102759701,1.0842429126140871,1.4125635666155745,1.0559680423775717,1.5353792033110665,1.6169590650428631,0.9989831371227353,-0.3605076075953946,0.7105169616566798,-0.8490637522028521,-0.8641796214087947,1.7130506219100141,0.9089408732688185,1.4686006332448756,-0.5384740917988609,0.6979199551013551,0.5383301069199149,0.40070719129232657,1.8450002730367032,0.36710198041603803,1.0362690150058995,0.07668052702308614,0.7576052847373376,0.3313442753129152,1.2511414033175186,1.811167664208,0.3384308423894993,0.8574940831427114,0.10771847153790759,1.0501446943961525,1.401459179719609,0.5517186118242705,-0.05147957156535199,-0.2265597164119697,-0.5637809861789549,0.540554166384851,-0.08396001675635034,-0.38260117386542447,1.4295479797956716,2.2670777061698857,2.015082884987436,1.5175967679036262,1.553817810338785,0.3917291059924253,0.569531488690302,1.1024765343349827,0.16592623550906183,1.0674446229847092,1.0359061357461883,1.4166096665799444,0.06427630692817843,1.500733634989615,2.3625324281019715,2.677237412650612,0.09025670669717556,-0.15060773541642902,-0.01490778917479929,0.9491852503095117,1.3232533483040783,0.7610524474234666,1.8160804844216898,2.0284381031507905,0.8708505827492843,1.4069701235352028,0.7649553695031273,1.5101367599856559,-0.36393268592993877,0.37456589104070304,-0.7077748442478651,0.7786434118720251,0.9204932307813891,0.8443030630280361,1.2855795385947602,0.7772611488349384,0.32499591230570957,2.111380317201224,2.4206267249780353,1.8967724202317555,1.614777907409234,1.4133287820416172,1.0547020919518246,2.430279357887599,1.779075356942954,3.1304641202541745,2.372431561596926,0.6801336918565823,1.7188691069409856,1.6698207341586908,2.2980946687749793,0.5667262213974311,0.5647880704801764,1.5303320248166017,0.3830733499047625,0.09114329590499892,1.0304413241819361,0.3414924363023317,0.658275510280987,0.21070902621400478,1.753468783623589,1.6541837469962672,1.1524919828153486,1.0234699297432712,1.7761111475215472,0.8694594475483939,2.120049003161796,2.3743592742889916,1.2152968159812758,1.961005067436048,3.1093835108715098,0.6193070793781601,2.402302372647199,1.7151870661341775,1.3923695374475074,0.2422112397469789,0.42957983461187155,0.8476983671150151,0.25728251515243983,1.5125842488035346,0.07163053683333942,1.8546216586625235,2.6037412239510616,0.8119279669551815,0.9987622072603983,2.299897791657571,1.9474621609090832,1.5272354798890149,0.9851661757565466,0.22427191991991435,1.8025309175948223,0.8682381240307677,0.5435728967437683,1.0363163130664645,1.458592047341483,0.7382890511390201,1.6166963987247414,1.0656710226640769,0.44879332666531013,0.24404637886581781,0.4283145697110342,1.9215135762770217,0.6528516353473606,1.6061174800308606,1.87828947541675,0.3661886604549238,0.6342460547233202,1.3407494527043013,1.4405945566473122,2.2359898619727403,1.7528909734597846,1.8554261848861415,1.6226207705021238,0.9876792013395459,1.2048812256214774,0.6851684801075919,1.0855609722804047,1.783781766105406,1.3361808311523191,1.4684042232608618,1.4868473763715429,0.8046560658657427,0.8006589018384602,1.8384714012236998,0.6784222577255434,1.7705906525874866,1.9443319748455394,3.0470678427265625,2.066486098481107,0.8150080137838245,1.9031541714828677,1.0846602523690194,0.2237468238218483,2.1694175173622057,0.9199412314429765,1.7078815389325825,-0.3506493427223063,0.9880660713692464,1.0355931283957887,1.7116704471007154,1.1948179757735033,0.4566310530599722,0.9179656097940168,0.648683421039209,0.6332885040469023,0.8020703336607653,1.8374202195892053,0.9715798552006163,0.7634470916742089,1.3938412223378691,0.7669167302879032,1.492516435799189,2.075437763851255,1.1966445245957402,1.4541878755721314,1.7037139169112834,1.529986950493317,1.3906997272116541,1.4543755334377053,1.3339497479181546,1.1654060048411452,1.3782153538280184,0.412114078301272,0.8223740599460214,1.9577165410912585,1.1392786059009907,1.1539678642028548,0.4984887174143182,0.6662609972102587,1.8313265862466892,0.38580209913760655,0.47008735359469256,1.1401399900775004,1.5337390436875467,0.3966651444966942,1.6853196493298128,1.7544574520052265,1.3758712416766912,1.442607499337221,1.4589186230801943,0.5654589968652886,1.7958615269731624,0.796056121244078,1.7631810040259097,1.229297110588334,1.3401965841600827,0.8310192843956656,1.4423637687171436,1.1684906208195684,0.9068127459817674,1.359129071549603,1.178765076033585,1.295760426982099,1.3664387011667145,2.0936702818179356,1.495049384028455,1.7052545166972664,2.5234347118260985,1.5418716128736492,1.6658043746268092,1.9341962103318906,2.2925653424355232,2.2092798365860062,2.3402380467532637,2.4048680742408877,1.922349068066751,1.1715340090276456,2.209809621232239,1.4722366144189891,2.746624348194821,2.5970538550117226,0.9248709073073655,1.4428033115154903,1.5331153721588748,0.8789440522143614,1.3477637773139577,1.8308621328760601,0.642744342980226,1.1444642920037609,1.1808499852298269,2.1247425428654196,0.3852569233312124,1.130743254653737,1.2613211881012525,1.4345527362330017,0.48155706696985945,0.7875589634447806,0.5752865938624154,1.2821954494049237,0.4596707122610155,0.9228608641341189,0.6676966588759079,1.0090422449906669,0.9997415931288174,0.5906240314106412,0.9000297743106103,1.3866882289492537,0.572482933025583,0.7950092606672037,0.8008362226012231,1.557903447075546,0.6057351837922624,1.0835087706819309,0.8418177296082376,1.0173024558956172,0.2876207930352166,0.13661906616210118,-0.0030267774723711227,1.4022026252871456,1.0269113385815558,0.8443196956330326,0.8081414725044738,0.24695875377153698,1.1705097016426294,0.42701626405522575,0.8729590914758205,0.21741316727963067,0.1371219208712695,0.9051136262467594,0.38690387889545264,0.9101015370665095,0.6663443509829676,-0.5125799499517711,1.145784403110099,0.7799546958188444,0.4454250279572385,1.532324202196321,0.9612031873576861,0.8352948363841506,1.0567744720159453,1.9537683374923063,0.35298541034046593,1.2580353363583185,1.5126747444778061,0.4444896361184192,0.35969974204749633,0.33519468571705247,0.23257017033142802,0.28250145541949223,0.40687070932085767,1.6362312604794056,0.5156837446747318,0.10358375338671522,0.6632447885633024,1.0834896038786042,1.14352365340625,0.6586965394623121,1.4886130066634564,0.46779991393236564,0.7764470420092948,1.3691114573128385,0.7650435995449243,0.31184097761189555,0.9172330505880364,0.5323690843150644,1.2230728210879533,0.6661060221691741,0.2539457348389078,0.9833675313803933,0.37478759131192874,0.2920963839375208,0.8623965450617561,-0.05342655047058997,0.6160235935258243,0.016918744285874254,0.5451960035601928,0.6970541596399471,0.3380528700635068,0.5206404174272166,0.011590955368205869,0.4334506038925383,-0.33322937594113,-0.46851139862133273,-0.6472398885034067,0.405295043307774,0.6928412561873074,1.0865495993763243,-0.6796237806521486,0.7809604119768228,0.28966728710662437,0.8082761144607957,0.38544014297451845,1.0094478175497574,-0.16557230652989574,0.5387220159677213,1.1070005819162816,0.8481595137118347,0.7894585849523423,0.4465188430624494,0.2916282029320332,0.5414612077726151,0.8575680887961994,0.6195928951385117,-0.11532159237759743,0.2766720951722732,0.8031086340702682,0.7002595503727793,-0.4550332603458873,0.8570804503145268,0.5892147205565816,1.1561312155824925,1.1569348796855952,0.6885275538753604,0.47211001284517806,0.5663625538051633,0.5650263093226044,0.8500999542055183,0.7743577110073829,0.3028536092392642,0.6415921853880491,1.0612790259776261,0.9199018341589635,1.2247678556975075,1.452526476119317,0.42412913590283097,0.9692198716680309,0.4795430880835738,0.6694596700442066,-0.07007671866603005,-0.04857005414635207,0.569477792701889,1.3193897650114081,1.7319635643361835,1.7779076489629801,1.8014177765164163,1.822250478063209,1.841890658300258,1.860459285427055,1.8779846370453015,1.8944871753163852,1.9099871746031454,1.9245047198196517,1.9380597048811978,1.9506718312525209,1.9623606065923695,1.973145343492206,1.9830451583072204,1.9920789700780688,2.000265499540717,2.0076232682232558,2.0141705976272988,2.0199256084916897,2.024906220138405,2.029130149896673,2.0326149126051973,2.0353778201896375,2.0374359813143315,2.0388063011056943,2.039505480946218,2.0395500183377635,2.0389562068314717,2.037740136023615,2.035917691614827,2.033504555531522,2.0305162061085866,2.0269679183302856,2.0228747641294262,2.0182516127420627,2.0131131311165973,2.007473784376316,2.001347836333025,1.9947493500513929,1.9876921884609828,1.9801900150165466,1.9722562944036213,1.9639042932889197,1.9551470811133527,1.9459975309275137,1.9364683202676929,1.926571932069919,1.9163206556235082,1.9057265875604799,1.8948016328807853,1.8835575060117549,1.8720057319004582,1.86015764713801,1.8480244011151399,1.8356169572068097,1.8229460939855926,1.8100224064619397,1.7968563073520158,1.7834580283694095,1.7698376215420808,1.756004960552218,1.7419697420979787,1.7277414872774557,1.7133295429915165,1.6987430833668213,1.6839911111969172,1.6690824594012383,1.6540257924999082,1.6388296081051976,1.623502238426454,1.6080518517902647,1.5924864541728994,1.5768138907452567,1.5610418474295784,1.5451778524665087,1.5292292779924992,1.5132033416266495,1.4971071080646539,1.480947490682297,1.4647312531444072,1.4484650110209714,1.4321552334085368,1.415808244557411,1.3994302255020443,1.3830272156960746,1.3666051146498717,1.3501696835709822,1.3337265470065631,1.3172811944867249,1.300838982168898,1.2844051344821992,1.2679847457721394,1.2515827819435117,1.2352040821023706,1.2188533601965332,1.2025352066532946,1.186254090014529,1.1700143585686646,1.1538202419787922,1.137675852906284,1.1215851886302062,1.1055521326620124,1.0895804563546108,1.0736738205054621,1.057835776954164,1.0420697701730433,1.026379138850757,1.0107671174689017,0.9952368378707206,0.979791330822593,0.9644335275672233,0.949166261368191,0.9339922690456888,0.9189141925029389,0.9039345802441403,0.8890558888818418,0.8742804846352215,0.8596106448177352,0.845048559314705,0.8305963320502769,0.8162559824436357,0.8020294468541351,0.7879185800154005,0.7739251564580059,0.7600508719207255,0.7462973447499621,0.7326661172866693,0.7191586572422466,0.7057763590613604,0.6925205452731689,0.6793924678286771,0.6663933094268941,0.653524184827404,0.6407861421504322,0.6281801641636662,0.6157071695563445,0.6033680141996456,0.5911634923938323,0.5790943381026068,0.5671612261734822,0.5553647735442837,0.5437055404369744,0.5321840315365876,0.5208006971579948,0.5095559343973832,0.49845008827071524,0.4874834528382621,0.4766562723156085,0.4659687421698777,0.4554210102024854,0.445013177617966,0.4347453000788164,0.424617388745844,0.4146294113053841,0.4047812929820793,0.39507291753767504,0.38550412825588865,0.3760747289132951,0.36678448473600156,0.3576331233425094,0.3486203356729334,0.33974577690406704,0.331009067350692,0.32240979335290376,0.3139475081497949,0.30562173273926874,0.2974319567245516,0.2893776391466645,0.2814582093030822,0.273673067553716,0.2660215861124584,0.25850310982610836,0.25111695693908587,0.2438624198454704,0.23673876582779485,0.2297452377821969,0.2228810549308946,0.21614541352158767,0.2095374875139555,0.20305642925285383,0.1967013701296878,0.19047142122991545,0.1843656739688413,0.17838320071444969,0.17252305539807367,0.16678427411278562,0.16116587569933927,0.1556668623202313,0.1502862200214281,0.14502291928221211,0.13987591555326162,0.13484414978273662,0.12992654893105282,0.12512202647434378,0.12042948289604283,0.11584780616760781,0.11137587221719514,0.10701254538838612,0.10275667888708995,0.0986071152178738,0.09456268660960632,0.09062221543030091,0.0867845145917272,0.08304838794362013,0.07941263065714566,0.07587602959864626,0.07243736369309772,0.06909540427818683,0.06584891544730453,0.06269665438469474,0.0596373716895755,0.05666981169162,0.05379271275700148,0.05100480758454751,0.04830482349416343,0.04569148270513779,0.0431635026060917,0.04071959601662911,0.03835847143960791,0.036078833305907665,0.033879382210557196,0.031758815140619845,0.0297158256951775,0.02774910429712918,0.02585733839777049,0.024039212673585553,0.02229340921513767,0.020618607709195658,0.019013485613015746,0.017476718322200213,0.0160069793307116,0.014602940384577323,0.013263271629341489,0.011986641750411309,0.010771718106241224,0.009617166856685344,0.008521653084642367,0.0074838409107655934,0.0065023936036823216,0.005575973683278335,0.004703179295745485,0.0038825533853241723,0.0031125923346735362,0.002391754089217102,0.0017184657797884029,0.0010911308586969426,0.0005081357658696106,-3.21438613468672e-05,-0.0005313374159641171,-0.0009910739726706197,-0.001412977345978561,-0.0017986615388849714,-0.0021497265657899334,-0.002467754634380981,-0.0027543066702264696,-0.003010919167991233,-0.00323910135477945,-0.0034403326495748843,-0.0036160604041697297,-0.0037676979113143716,-0.0038966226647403346,-0.0040041748578687475,-0.004091656107789277,-0.004160328390128143,-0.004211413173209166,-0.004246090738547537,-0.004265499674374951,-0.004270736532987485,-0.004262855637762186,-0.004242869031997998,-0.00421174655645018,-0.004170416047884373,-0.004119763646542651,-0.004060634205586666,-0.003993831792513447,-0.003920120274301553,-0.003840223979068469,-0.0037548284258264175,-0.0036645811154016883,-0.0035700923755257463,-0.0034719362546411503,-0.0033706514573736968,-0.0032667423158727615,-0.0031606797932113295,-0.0030529025113423813,-0.002943817801565274,-0.0028338027714767122,-0.0027232053847683346,-0.002612345550403461,-0.0025015162175918704,-0.0023909844731520025,-0.0022809926389300017,-0.0021717593660355305,-0.0020634807236206143,-0.0019563312803825283,-0.0018504651766306779,-0.0017460171849279504,-0.001643103758340203,-0.001541824064361208,-0.001442261003717249,-0.0013444822131987166,-0.0012485410510407746,-0.0011544775651941563,-0.0010623194428376337,-0.0009720829418711219,-0.0008837738027978048,-0.0007973881428142704,-0.0007129133294370149,-0.000630328836280114,-0.0005496140656759962,-0.00047074835674720816,-0.0003937109935350236,-0.000318481213355426,-0.0002450382141319096,-0.00017336116189881068,-0.00010342919847516896,-3.522144805856442e-05,3.1282975498925225e-05,9.610496164214055e-05,0.000159265396405317,0.0002207851561024654,0.00028068510096090904,0.00033898606938009834,0.0003957088715083046,0.00045087428378565164,0.0005045030429187136,0.0005566158409351374,0.0006072333190445534,0.000656376063091102,0.0007040645980396221,0.0007503193834281774,0.000795160808138462,0.0008386091860188571,0.0008806847515074878,0.0009214076546300021,0.0009607979577594961,0.0009988756308416669,0.0010356605476431469,0.0010711724822272117,0.001105431104804211,0.0011384559787188664,0.00117026655641439,0.0012008821766471556,0.0012303220613603116,0.0012586053119889584,0.001285750907243255,0.0013117776995841268,0.0013367044132337469,0.0013605496411059903,0.0013833318424758545,0.001405069340648879,0.001425780320460035,0.0014454828265115793,0.001464194760785631,0.0014819338807114946,0.0014987177971761412,0.0015145639724778448,0.0015294897192461576,0.0015435121983955469,0.0015566484178748397,0.0015689152312461374,0.0015803293364911042,0.0015909072742488206,0.0016006654275315668,0.0016096200203605804,0.0016177871164586577,0.0016251826186248763,0.001631822267768257,0.0016377216423393293,0.0016428961573637935,0.0016473610641583036,0.0016511314496483465,0.0016542222356861203,0.001656648179448439,0.0016584238725272371,0.0016595637407021968,0.0016600820441112774,0.0016599928763412208,0.0016593101651665165,0.0016580476723220272,0.001656218993332459,0.001653837558194482,0.0016509166312630441,0.0016474693114219008,0.0016435085324246756,0.0016390470634064513,0.0016340975087132392,0.001628672308925161,0.0016227837413111956,0.0016164439198860237,0.0016096647967742683,0.0016024581624947132,0.0015948356464150493,0.0015868087178887436,0.0015783886867097863,0.001569586703794812,0.0015604137619789071,0.0015508806969819489,0.0015409981885454727,0.0015307767613990109,0.0015202267858853702,0.0015093584793817172,0.0014981819069248559,0.0014867069829733737,0.0014749434722034493,0.0014629009904183476,0.0014505890060831916,0.0014380168413481442,0.0014251936734126502,0.0014121285354917745,0.0013988303182372874,0.0013853077711019068,0.0013715695037035402,0.0013576239870189966,0.0013434795550324452,0.0013291444057585977,0.001314626603061697,0.0012999340779629165,0.0012850746297772275,0.0012700559280460766,0.001254885513503723,0.0012395707997256977,0.00122411907472042,0.0012085375026913425,0.0011928331252306634,0.001177012863024629,0.001161083517388306,0.0011450517715729802,0.001128924193039893,0.0011127072342560496,0.0010964072350247989,0.0010800304237932323,0.0010635829193574864,0.001047070732283828,0.0010304997667844873,0.0010138758222524302,0.0009972045950235042,0.000980491680081741,0.0009637425724804416,0.0009469626693885402,0.0009301572717390627,0.0009133315855933688,0.0008964907243012021,0.0008796397097512454,0.00086278347436064,0.0008459268624960714,0.0008290746321790721,0.0008122314565639499,0.0007954019264957424,0.0007785905511923374,0.0007618017605750538,0.0007450399063486657,0.0007283092641046096,0.0007116140349125999,0.0006949583469122445,0.0006783462572457211,0.0006617817539904536,0.0006452687569549198,0.0006288111198387014,0.0006124126318240997,0.0005960770189972209,0.0005798079459964356,0.0005636090177745245,0.0005474837813039812,0.000531435726941254,0.0005154682903594221,0.0004995848539124381,0.0004837887483972736,0.0004680832545886915,0.0004524716047740185,0.0004369569843447607,0.00042154253333137603,0.0004062313482222635,0.00039102648327116185,0.0003759309522024523,0.000360947729518557,0.00034607975209155484,0.0003313299209253273,0.00031670110183767974,0.00030219612756354763,0.00028781779877817826,0.00027356888597296347,0.00025945213070599493,0.0002454702471368364,0.00023162592350445266,0.00021792182332092125,0.00020436058690620484,0.00019094483303661036,0.00017767715968375342,0.00016456014571986088,0.00015159635199779586,0.00013878671001066323,0.00012613065064215334,0.00011362623064314903,0.00010127025814199442,8.905841656314806e-05,7.698538627209928e-05,6.504496639081481e-05,5.323019354364078e-05,4.153346048951789e-05,2.9946633333111095e-05,1.8461166519045946e-05,7.068218451422581e-06,-4.241235217250505e-06,-1.547628897924369e-05,-2.664599509216714e-05,-3.775925273430403e-05,-4.882469727363059e-05,-5.985059021895722e-05,-7.084470945528665e-05,-8.181424033182338e-05,-9.276566692051347e-05,-0.00010370466333142758,-0.00011463598508498762,-0.00012556336128000112,-0.00013648938619326145
18.066144479786203,16.27517259552843,16.51013884606249,16.991346193741037,14.132058596387424,8.802111799018178,8.27401957680388,9.836835352047387,4.935495508712165,3.410992575984551,3.929483384422838,1.544545077783198,0.6218271607794463,-0.4890122272663575,-1.8831392279651595,-0.7187339405347757,0.27798797966636357,-0.5233873295197213,-1.3205650178152837,1.6725806301857347,2.278229663248453,-0.32902104493223305,0.5659219776874806,0.35689691553773173,0.40221943551887307,2.5477539969672307,-0.4027492388158862,-3.267610677804896,-1.4859353129745614,1.5296324347010568,0.4171220346955806,-0.44715594648016577,3.380858039409418,4.299451600256248,5.058169330085548,6.643310764070748,4.978919072193662,3.8556749436986593,3.626514429313602,2.551172510604715,1.5453286307060807,1.3923377588839685,0.9558159403408126,-0.6832136923920871,1.468808518728565,4.337150655718347,3.5309185443358047,2.2795789047507924,2.919409627478217,2.8674989219496183,-0.35884556778137267,1.7116019726202012,4.788718370997913,4.134199131691389,5.494419455949583,7.423005108163807,7.134286869690413,4.860600150678692,5.178090683005394,7.706177638268855,9.615976447601724,9.305713587925311,8.609588695656612,9.463057800860497,11.13043349451732,9.778920487707978,8.844887417532618,9.437919716636316,8.367614140206797,7.406518159796406,7.710723332070756,8.633097816793452,9.11732931515644,12.076587086916447,13.634671804315985,9.532021115532416,9.901039078713666,10.724897841774009,7.703748542992457,5.126791541127432,3.991173201905667,5.370760569781169,7.817447633840516,5.859385170313317,3.8345376268093787,3.947812224374502,4.045412187320153,4.790923157676389,3.9726862323071828,1.7024673219530086,1.978628619773076,2.8594076369613504,2.9038351438800873,2.190411839794365,1.2576601062423833,2.3075542541585037,3.290420519492045,1.0612479933748773,1.1119883285216474,3.496177544178863,5.25966111870639,4.828960450377963,3.6211359622827786,2.301965856332572,1.6976893981063768,3.214196501893639,1.7386391192455903,0.3575097006064425,4.554761460056852,5.454789470457399,3.943829169505193,2.478427949418574,0.7513998978763539,2.3190232101834454,3.9485745416607188,3.5079772883832447,5.263469881256356,6.355924189450093,5.55054016906854,5.311918996092118,8.039597814884814,6.363032672212512,5.921261330412676,14.365650017081634,11.616607336440097,9.454892018643477,12.762579991561324,8.75438783913728,10.8263052831187,13.45958728309597,9.539906661341547,6.9468313785444025,5.119681859370985,4.539586915836821,5.697501508144683,5.28536891207068,1.850783689109221,-0.18176803793778618,2.5835741803712153,3.841744858606944,5.574787627982232,8.023351692566848,9.092758550514077,12.784093057799055,13.482106153308223,10.467604626425327,11.189667844104633,13.63405625544624,12.623199112458224,9.334993053743688,10.651129842304044,11.058524917016712,9.474512573520997,8.969807349260009,11.02894119360053,13.119416350335314,12.227960034581429,8.515675590920978,6.543323344264422,8.537312182017558,10.076650434910448,8.191822630722527,9.465436313005966,9.676997620193106,7.50615822854752,6.386353026320876,6.8136382214613604,8.669689500469076,9.946472395824458,9.530787998820188,11.432178105320077,13.252285608890816,13.134805482537558,12.856243874037204,13.675344387217137,12.708515355905774,12.71205632452211,17.980229433821023,16.969832174446196,11.784938071049282,10.122392388798744,13.04122183155664,11.394275333133805,8.645362437281051,8.083547895978427,6.630830166981923,7.384866079380686,9.341444123399356,9.557875488276295,7.651040741605357,7.409084143630139,7.107331806678076,6.461599824824589,7.790059538442847,5.285210255027437,5.339318569473562,10.108322423155414,11.076894575077631,9.977143296850272,10.501991182081838,12.02075142822855,11.02621030364162,10.270552288659928,9.656656561782484,8.653563383828327,8.442653358544476,9.393782786821816,9.857275875286064,9.143050617747122,8.446644139475211,8.215484741278487,7.78774694961362,7.71022263345094,8.337930422049112,6.172799794737557,5.450279904866079,6.409115186941563,6.206811737474482,10.424642101907466,9.81337283390792,4.566335362648033,3.3910813273685108,2.6224812466145977,5.9041821552916645,10.188485611213537,9.369098831776,7.370306628807043,4.697142388944258,4.49440926960699,7.9646492163127505,8.84824552201303,8.008932733976167,8.943257014645724,10.78960942869685,8.387368916010814,7.0357522046952,7.928323328652368,9.138101184615834,10.10016442336132,10.151080039666795,7.694918901106803,4.342904180460096,4.040975077888675,4.933739792858205,2.9195292652677836,2.1265933752370074,7.722671457025626,9.201979683015907,8.392900933791907,8.189429962708004,8.969203261954362,12.158379453996531,13.790904350317305,16.18600086687411,19.68327628272141,16.718039383314135,14.50574835296652,16.579547692470555,18.182114143449553,14.561554918478805,14.30099738457784,14.844651436986396,13.482428665844054,13.16341886432565,14.194315457831635,13.601903328858725,12.471620725627758,13.750965083044548,15.91453219822779,17.056301258824533,16.980577009466288,17.12722157118492,17.31402505445567,11.445262673437128,8.084204492917593,11.585135058158357,13.562897188031911,9.701912621021961,7.742021661197896,8.530912763531433,8.433668628323403,10.313540048096229,6.838586542317671,3.9019032201958908,5.680031772704865,4.3824114498474955,5.172094214873027,4.657199952165001,4.9137435367098306,9.904885373867614,7.677647682311772,6.857115655071084,6.9549093619405085,5.317242913566588,9.566818982917425,6.810043324518233,1.3792118494934584,0.9866857059320182,3.118324439157959,4.4156881794203855,1.5479246357608645,-1.3554307407538317,-0.29600720463110974,0.34494073651103463,3.785587775057138,3.0716842524914227,-0.8034490674795052,2.8384447951202674,4.577058997068548,2.567953110517692,1.326610566320369,1.5100550658773955,-1.679401736133741,1.2120775428650177,2.7555344115288563,-1.8788686489449447,-3.5036964836938296,-1.1290661378366167,-0.5917811613039703,-0.9619713286152773,1.4319996982494558,3.3745097144199008,2.397128754638402,3.4130183130713476,6.257214644172336,5.129865965780709,3.274821041889254,6.378005760222777,10.107523415399328,10.177008890798788,11.220262074673883,12.697925099294935,11.211263974906274,7.664949203678589,6.267239033843907,7.373058427608157,6.437429376702994,4.867338467586251,5.8196495726595,7.99291308931015,7.017746704054275,3.390428925210472,1.481322031979289,3.358786011393022,5.695489784382744,6.199929572719839,7.236423782533052,8.652627602300981,9.466605653110946,12.105784483755997,10.9240423330873,6.665759159065601,3.493038436621873,3.6634419584863736,6.644309000116664,5.462914994063794,1.344166544385189,2.402007794784481,8.859757754548355,4.847290368544577,3.5969567230083612,8.545758298353121,11.29109660592087,11.145277087634781,11.671580618807752,11.633116061787632,10.201255271920445,9.059759077959143,8.940605061968881,7.188440798476677,8.031335819511469,9.645295949976799,9.1192290436735,13.038929196904746,12.026688617488276,8.906458365598724,9.433279607335862,12.079721915028585,12.82116153486561,11.276589227719569,9.557243007503303,9.079108295626838,8.904898073401,8.073520703288978,11.068402700232241,11.658614303070863,9.717777866460779,11.256965751071675,8.855120439545317,9.926022156014596,11.009548871913012,9.231454030915188,9.126120346834568,9.436120528308265,12.77682910573617,13.098580603405935,10.513329361672959,11.353914641502683,9.938953461121514,8.658594906489498,8.028475350921326,8.06825862218443,9.351501788167752,9.792947633371796,9.383143671209154,7.079128135016845,4.974779140129613,4.396518039281773,1.6023452775737042,4.71689904404775,6.858713851886364,4.701682629301331,5.0966385366018585,9.137212115491252,7.858683788634153,6.4238355063798736,10.160365425397458,13.586217642003248,9.924596466946241,8.644310321103376,7.781854621173579,7.542669231924265,8.774161013375078,7.83368480174795,6.56913410662969,5.229219525332951,5.5864547091939585,5.525169192877229,2.9273115813085724,5.3910164503338365,7.376600700255494,7.4786580360241715,6.7278776163373095,5.594828223119748,5.443876793633535,3.6207129478458455,-0.06028527382068205,0.29027201401709135,3.5871659185662566,1.41509939300704,3.157542121646884,5.061550073064382,4.940646185239984,5.440323104843287,6.252520738384874,2.9034069639683366,0.15846788210160412,-0.1018204626732313,2.5782132708394556,4.707708228733054,0.7269556430292141,0.5363292827917121,3.741280969388299,3.5414397166475737,0.08876570723930399,0.07544093765739035,2.893293391613156,3.9229816116799157,1.5241677573517336,1.5139720919187312,3.724346269222451,-0.7230243215738028,-0.14535847233503318,2.1428177298894298,3.306838035536316,4.2696043401358565,5.978188130409535,8.825766423149844,5.929148449830336,9.67333103591102,16.058422718623888,12.885617493649761,6.223807946139118,2.9667144742438722,2.1951296076412063,2.705177610587043,2.532057234855415,2.5673512390467295,6.413518593398976,6.003584417665479,5.244328073059705,4.197069336061986,3.622895525126296,6.352534652280724,7.191384777420126,5.483783754873912,5.5264612979574395,5.523190028639533,5.291694652961269,6.897379988707826,4.465525812775809,7.290966876386506,6.873920784989878,5.877202071189458,8.203309638790415,6.119487897627778,6.188695769237256,6.76399166086162,6.96973463040581,6.716110696094233,6.348974124490269,5.74286503398389,2.8399498611923946,4.1223114606339095,4.318248223144337,1.9483554906096288,1.4322149894974245,2.0985879389399997,1.8359888328163834,5.15390363483516,3.149769785261924,-0.004268759778256026,1.554422363519393,1.3222055885637474,2.5069910448842165,0.8652727141643481,1.3472088781700222,-0.10320681864118342,-1.2016488352830947,4.786465738634888,2.3681926473265094,1.5422863751089153,3.7694152319797922,2.13225665105233,-1.2977427802520651,0.9409389958560723,4.3042216504445605,1.9742210495502377,-1.0028116290251319,-1.2960184713077751,-1.1153031198639383,-1.5196774804268216,-1.2052884133229327,-2.53318472625881,-0.3905873766168497,-0.6277049385633973,-2.48829680694962,-2.131277295160203,-2.609518016035281,-2.4805691898011446,-0.28974817120547414,2.1261483363887237,2.1755657559380097,1.7267881649715946,1.6589026461180083,-0.8069628750477023,0.37240188069029045,-1.3123360880510972,-0.3055684136445507,0.676780853506898,-0.08267415562045244,3.3374745675821487,2.26604551816763,0.5339930879094936,-0.073382854898,0.9480285397964963,1.5797558407219867,0.3948192210233401,0.23839445758846978,1.6426079714179878,0.9880358667033988,1.1442067200948713,-0.037966713217201686,-0.8602207182450456,1.7027351630579233,1.368155471329942,1.3172227995909225,2.7656655024837846,2.1179935412098985,0.3723445300918229,0.16357462165228753,1.226271376492491,2.774453491199779,2.739119520202621,4.203611490484718,4.901844885586343,1.867783596811364,-0.032821865344999424,1.6447583150209084,0.06302771624962134,1.3123461975185364,1.5292772249832751,2.4718440945028988,2.059446902133004,-0.277039893878964,-0.1254187990441551,1.1635099355407874,1.1173042340186612,4.331759208869244,6.320150329591456,5.357837593445993,4.954311225053743,5.811199585126701,6.6588170623830365,9.58459416364019,9.689815710302469,8.562459901252168,9.115027892171497,10.796580041090124,10.27126368516042,9.152932113126326,12.909258387387013,11.361125104266875,13.543402826977285,17.46636381464839,19.333516276757564,22.379067359739906,25.713626085272153,24.458297283999286,24.769217394891484,25.43167080171395,26.370343708185146,27.905427587356712,28.31054145102712,28.5922727118583,30.578983295208104,30.81167875158212,30.578431886087856,33.65278605547735,34.35387482037822,37.905064215983316,39.80321537725422,35.80891855880225,36.491597925542465,38.577412342748175,35.44425042497005,34.97939634308045,33.82818736415152,31.979157940909545,34.984010529980424,37.14322368694968,32.65223096509544,33.80442362915471,36.80560422942267,35.250243810751954,32.13954801868522,33.33183567295919,34.72356935201219,33.534206347973736,33.42137186733544,32.26863991160553,30.231797937030024,27.140763473771813,24.960338724126927,26.72240081303346,27.422813627208598,27.55658388894176,28.48919897667838,25.39022066164307,25.533272807547178,23.416708184391837,23.160825251038887,19.82250459733541,21.23908104001498,22.106835167466556,18.220434116046476,18.938446620021068,18.875787247863627,17.090605978889926,18.00164660796247,19.05163803728965,16.42927904860244,15.062097084874495,16.445794215682554,15.883993367675316,15.01326260026542,15.909133228216433,11.612345025903323,13.666626899443713,12.633101613252393,10.973342225237388,8.563166135465622,9.76795263495137,12.987381916203617,10.078042374624715,8.408178821722231,9.914943752605382,4.9777495637533775,3.85479183983864,6.692693402133955,6.214492702057555,7.6915673655083765,9.791900842248538,6.775211652727535,5.04220854914206,5.036995602260731,3.391847765351372,4.521571226262495,5.32333267350225,4.084496097328156,5.576860990820137,4.0487279034528,0.9606771004520169,2.4719578757639056,3.477293060081138,4.170233361898681,-0.6621649986409466,-4.31268020279515,3.1082891704890017,1.4460146792026762,-0.09784815214652554,1.8801993180653653,2.0887104110971677,2.6289994906560423,2.497095067047553,2.7581171845507697,2.7198003838304885,1.2473740469259837,3.5788089831162324,4.299060740223467,3.6705137074073946,2.4136817267353763,0.6194396013468122,1.3599241000458733,2.8649867734417285,1.9904555986514652,3.033198305356791,3.295087307005474,2.9705118035694795,2.4462434780122067,5.638106450620626,2.1534529173702595,2.253137928394949,4.493426474732473,5.230754220545805,7.546776107216601,7.88954059601997,9.095217952147891,8.890419546368662,10.448960429772455,13.163160623783256,10.79832494477273,12.025945857639499,12.711423438857082,11.575014960740987,9.876588240871229,9.840121267450968,10.342850318368392,9.473253363280719,11.195722864904837,9.138346627693409,7.450390535746692,8.712821219485932,9.174023997887389,6.873215838176179,6.71313818080057,5.512364298417765,7.748280268933854,10.511430798706783,9.928370561453107,10.846295269590655,10.966342513793506,10.416650753231693,12.321023854347004,11.611309075509553,8.050834376581292,6.849887005512187,5.139712877824536,6.876813571708453,5.881093471695408,6.726240454322578,8.437540929111833,6.4747899103047075,3.4183870371387,3.949195168559527,7.050994302143295,5.237410231952708,5.709384941482199,6.168287136579124,7.7685489169963375,8.099233113313517,7.140698165974754,6.574717721125921,7.494868910061996,8.189796565980828,4.507470944468196,4.752099275099681,5.336469879672222,4.729645018834901,7.8009549742776585,6.477346742226189,6.410009702872799,7.523325948049774,8.437843920777027,6.130007307834603,4.596431071359007,8.390980537049074,4.104813051429176,2.5143268211436975,4.861465296653364,3.780627731673462,4.283593264866795,5.157775422458144,4.87094618903194,1.7356646310511223,1.241857491946746,4.657954759551899,2.3443662779831698,1.7568688572017663,1.1416138285918578,3.365662992382056,1.3402980053425608,-1.7286136306818207,-2.9677545967044807,-3.2098756655418015,-0.7527556022868112,-2.2636482302007153,-0.7500403987802997,-1.5115718403732785,-0.9909717857557325,1.7795679597949174,0.21037028443458894,1.9767115116434866,1.9686506587086114,1.5077345823552264,3.0645272764280094,0.6219216855604373,0.8887931139491911,-2.5835454522607506,0.11348817130567568,-0.49165572457968665,1.8407158152876377,2.4978836213163618,3.367677656249498,3.01914101194825,2.593032752099873,4.0024199880867855,1.0005795329255989,2.180173785719205,4.627181695903175,4.4823000124739,5.751673019756424,4.444709934705315,2.39851715301387,4.909947940357711,5.977210303029551,6.1662607797645705,6.48314930571803,5.828395414262673,4.796945480690965,3.9448964205024595,6.686743107002485,6.841490517053444,4.700219374859216,6.581170365006017,7.175508506745587,6.93477413777498,3.4689846614436988,8.00650395559245,9.486205805069744,8.444894102277033,8.388762660135626,8.83990410528071,9.966436836799119,10.472641699865562,10.480309529339081,11.767693735861542,12.242075002356387,13.149844163102614,9.695337605515647,12.6427658903076,12.702078354750597,10.61380168512153,11.534873651005057,10.902870609043248,15.408327967469233,15.112293960244187,13.919504245340761,14.98176328200202,12.661109733223725,11.824097365387615,15.850553825249392,15.614629307623431,15.420404062894022,15.349849846388452,15.716290631159723,14.707469021291104,15.091387279705941,17.873839167330516,18.788461174233817,18.76429205583497,19.512839391832244,22.278659422604107,18.516847208729132,17.00369309268615,18.755933563315807,19.879170596589688,21.616669087807907,21.26769170021271,22.88629019514525,24.36767021303683,23.449320261939647,23.304120700248518,23.561797685957288,27.285729831804133,23.44648943926927,22.269437341025764,21.684125140331844,24.795913981080332,23.719257077032694,23.618715025640427,26.992983015319737,22.46157296441254,22.8533446778996,21.045617628667173,22.347502217157626,22.926444141595198,22.519131250219687,22.20908137401682,22.312445590106393,21.234056836731156,23.087363984951878,21.208775208204884,20.99734895908091,20.444884489214928,19.166347895819797,19.817291610525956,18.667371372938533,19.087315159683328,19.67810420760236,20.100135569415386,19.838236703078735,21.351995019425715,19.393476414215968,19.190910419494116,19.786123260769443,20.47176321906977,21.904215610482368,21.088038752746172,19.687456741929054,18.538047766466377,19.88890122964176,18.371612005152883,15.820989530541624,17.68063657220415,18.46046901170348,17.940023765273395,16.15374923317887,19.911024883010555,18.21269585214054,14.463230775119712,17.290332549213588,15.524797107786583,15.775555862201145,17.401630224074495,16.28007591614005,13.301374655343125,14.750812438824823,12.61127525194803,13.27632265382249,11.71565429985236,10.922894299059578,10.22662652640031,5.525929370010601,8.197663398488544,8.924932524323594,8.219727779692164,6.903640134355442,4.490428925555079,5.695085710325031,3.758144809546991,6.055210775375031,2.998386807586712,3.339497180125761,3.2996041483473846,4.535469096547445,3.2533525907804233,2.0050042455070525,2.1648357033680554,4.448933211191502,3.5274233266655983,1.869443393053814,1.455299834471191,4.349588438869716,1.596763247108754,3.2395078455576822,0.04529814137845278,-1.7086856923742744,-0.8402952254565434,-1.275305785464468,0.16458056033502544,1.1007896045770167,-0.6803969195298123,-0.5270052501842883,1.2739802665946627,-0.6656768220789218,1.5027253800735707,0.11059189273424863,-0.47423442640575786,-0.14923055493346737,-0.9554844981711881,-1.9348457235120122,-0.7008095124899114,-0.07693499947868077,0.9672295254120513,2.1796658306040513,1.7066404999056886,1.1839828874399814,0.3367250575252001,1.7149721982689243,2.0326478234811702,0.5424631172716659,0.5762001054071675,2.1032445191738134,2.585749366221876,2.8739289673147823,3.107548165891046,2.0023908051055628,2.0517672728273055,4.219141565279813,2.4311732742911545,2.3154187865721383,0.9126422535288157,2.5076261497127916,1.997915309583334,4.592211543399628,4.4846290592856235,2.6780889791909317,2.94849171293032,3.7289334474317,4.091456607976738,2.1661476805477378,5.1958246755748405,3.2342795079674147,2.0788948816459083,3.004378616556039,2.229560639207193,0.9689675971551424,0.6302106317966718,2.4930016177096945,2.862473509029371,2.493862770356259,-0.255665709018956,-0.39906447669181944,0.34200673403569226,2.6619382831781877,0.6661617563150912,2.463923170097644,3.5739838554203516,0.560789711238499,2.408586083796422,0.8869271011501496,1.9423380860440602,1.2982912940140636,1.947423825424778,3.460711273858635,2.4723309424525155,2.2746934308502773,1.8063272555252183,2.3546071410281684,2.946043373464704,4.209654548401602,1.9418173652387054,0.8958172820979371,2.421100451591485,1.5898607394839814,1.562334982320749,3.774669281489139,3.6976470333148654,3.527332018375489,2.559152881858722,2.462103590047434,4.4757650115121805,4.565730952206991,2.572014936524795,1.8213243682234292,2.2675636594835282,3.7134834759006594,4.189831082485796,0.9397557166515185,3.088150581592913,4.306997409576468,2.8714270381159963,5.71135503027557,4.818006476429957,4.006672057927233,6.244100714549688,2.6814587100217864,3.173555482485824,2.7848559636572077,1.0841277464109567,2.6375441509966038,3.74495148495339,2.41835399519141,2.996507263109578,2.111684694678246,4.71671603684166,3.971782509946024,2.001923871455034,3.1906328507945716,1.4404449459483715,2.3366040760710973,3.7117447633432334,2.5082577660114396,1.4485932856010209,2.036878518905212,3.5319402248891834,1.9017876980881283,1.2183117157805725,2.4114961267852664,1.944268383675393,4.0342096285389175,4.009862723099218,1.1939260094480346,1.1266725019327737,1.9744889871098792,1.4324944386731318,1.2684242100159224,0.3841840435086965,2.3925407607342777,1.1035420286460749,2.093668990763774,1.6042586372839764,2.635726728528681,3.6742218966205655,2.016729302101851,2.072248508600353,2.0554887169381004,1.637183090634153,1.723919690197647,1.351986119450629,2.544684580331136,2.421981568289368,1.676200502041354,3.3950350415035473,3.3699750656910226,2.5383993963418163,2.800210932258949,2.3019553848116914,3.307289391402861,2.129353612169467,1.7380876929257454,1.7156136837380416,1.950480462817211,-0.07258711572669085,-0.2791884895109433,0.4069544535139471,1.6021616518637245,0.7827078373431959,3.697694729978224,1.067369601407023,2.33677183396685,-0.40742721666373427,2.4687763351884655,2.7868751499372024,2.7138511430715653,0.46250809494785017,1.9954511502794219,1.13984839581002,0.9794442568241948,0.3679720582934465,-0.4805291866223911,0.6709744935565141,0.6336948011817185,1.3974017211166085,1.0375280166520042,2.316899499815122,2.218190511692825,1.72720321343985,1.484066936969981,2.7005661149141247,3.085143356691759,2.4068794294002203,1.838236139278763,2.577859133909982,-0.18622624013460154,2.3823205356181347,1.054351100624757,1.9924252301333638,1.024111138878709,1.0588402456733945,2.1855635202391284,1.9973211818823415,0.5041301600640509,0.9776191229897222,1.4059389052487745,0.34158655714523434,1.4307479532329808,0.4424879622274318,0.21336093379275667,1.527186798344303,2.2852323643753323,-1.4351798041363963,-0.06994148306449688,-0.6479020417602044,1.5388909903068395,2.691667371920772,0.6262959902031753,0.6993101359603315,0.0008550979158314931,1.2471136925184965,2.115740293748871,1.1846729643526714,1.201740912923384,1.7549221553684617,0.17726599855399172,0.7601803385022947,0.523420831829327,1.3887511157736867,0.49799703109124493,-0.43661166760284686,-1.169565856547905,1.1923682473862982,0.12054574724305667,0.7606380330786919,-0.05508378565974681,0.5438898498017011,0.36642353575365405,0.017722756480623048,0.8254661041559359,0.8261029211337529,2.8150851527684893,0.3598525768432239,2.928448937679434,2.762187596933586,0.7053631908000568,1.5857295519106742,2.2592844609155236,1.0298709988761345,2.3856734515896676,0.9245638070419488,0.6723541833035966,1.5852307514969084,1.2061639783017029,1.9790183369137822,0.7303257214165342,-0.03621237220379214,-0.23226927685276166,1.0362986834571188,0.8047126184567901,1.5698863443058144,2.152280959973808,0.5204821022658734,1.5447780736183034,2.42272000283738,1.2238147358334288,-0.25058908273931024,0.7387156509347221,1.6917951499210346,-0.09316585527770371,0.852320541387968,0.9960412640127743,1.1247910249943232,-0.2931093787917405,0.844327729238529,0.4097380690536738,1.1097797981621085,1.5184968973561581,1.7968472989503255,2.315864161827051,1.241120870457479,1.3531274063395529,2.031415538480232,2.435958184753275,2.3979087849886582,1.325935183858121,2.425023040441559,1.5198859696043598,1.4009889916587213,2.726159951002444,2.11980217449306,-0.04447474065921142,1.5069172284710248,0.9634143234293759,-0.4621174943247581,1.2535437804632608,2.278377230452776,0.6279112514251892,1.4688733521447261,0.5970650752642257,1.1507942252405172,1.011212174753524,2.589522366462532,0.1446759446398289,0.8946539459728058,1.5812182154353138,2.1418092194732026,2.3482254817426593,3.335767814160164,2.3899061663784096,2.998991013848098,1.5970207863888106,1.8796360699756747,1.7608610799442772,2.0697817943502343,1.0245373598894787,0.4522602465531804,1.8681855440466393,2.096142046849252,1.5368321419186657,1.247787840582788,2.287158981443355,0.8682466455107942,2.356756470236064,1.5079966673782508,0.3837251031576159,1.1023782649673421,0.7832165764375816,2.674482894905765,2.637357926633854,2.1372320103377547,2.8132775696302588,1.9470465751430766,0.7927011898131013,2.0830105596068904,2.0910879895020855,1.5502745424839475,2.0105309454756934,1.0523429778926072,2.197838979327372,1.041847684626532,1.4687331313137122,0.683240417278455,2.439423270392382,1.89976735703911,1.7359744082536679,2.2604091120671796,2.1524251186552874,0.2857194190474672,2.705818012663144,1.8635737136115438,1.8864061430569876,1.4280866645172807,2.0249471828500134,2.700181642721347,0.8110978610096709,1.705710782036192,1.2804819242855956,0.42792060930443654,1.0508051956301756,1.8153493627775106,0.9365871807863897,1.5728585073999,2.5510516906869327,3.2112232563914347,1.499363618218723,0.3311818018572694,1.1712605844262498,0.8904899303856553,1.9555772529874105,1.372505999481291,1.2230460121354554,1.5801664893756708,1.222750051024093,0.9919617211420189,2.4779478773458905,1.3324812323822286,1.5300233075993788,1.6705848075035874,0.9155051715383067,1.405200057586569,0.943098490232785,0.9271499223888284,1.3382581193949292,1.0620508749702324,0.4443227801601779,1.2766919892390547,1.6538695685914107,1.3608092242669159,2.0246237681683965,0.5069687227973532,1.7392816652728058,0.9346277770462166,1.9337156508457838,2.518537965624539,1.3874041930477645,1.5219258600556032,2.2189151605117488,0.06676052158553603,2.8869624837595893,0.3175079394833915,1.674377266923841,1.8652713935518932,1.1240515103091937,0.613480293973403,0.6495147364074043,1.3346718267196707,1.4918397354049944,-0.20002202834086802,-0.132838809095972,1.7341099191606233,1.2209306105912106,1.807748466845453,2.5537214654292484,1.604192858396118,1.4455548367632218,1.0966090990973498,0.4740835299762125,2.191143740010091,1.1650476996272232,2.7962951950538013,0.5304985058742773,2.0170011689088483,1.0126066899003945,1.726720759366458,1.1804822124134944,1.692759203663229,1.8866189884391815,1.389328634478261,1.2679056922420386,2.5235869336108863,1.3707208811159717,1.7257775395487442,2.1738707280446192,1.375671801901312,1.3766900032776448,0.9740442390109934,2.4035968695784007,1.626071303072024,0.8938967924293024,2.58212205688676,1.5175474352757305,1.0389816752073102,1.4762650192664637,2.0728957482297616,1.630267655647856,1.2676072745587703,1.6233670491927157,1.4253013600072677,2.4040674097424812,1.0603189016745276,1.5576312041903293,1.3808400319156213,1.6299733570427861,1.1665145495690012,2.014178261806652,2.2878522014137275,0.8895828406950805,1.2351893876474414,1.0392694952448096,1.5051482625222548,1.7558360483578248,1.4633600136288543,0.907951031568814,1.4984409032937833,2.0654142688125035,1.266684164432096,1.5116331678432893,1.6640466536522318,1.6095089328261487,1.2373501826422206,1.2566502515801368,1.0033351778611745,0.5936920495786353,0.9825870323487038,0.00427122692508064,1.9124406736444826,1.0709789429340049,1.281748158483481,0.4893296056836789,1.3100993331079316,1.4910581115147465,0.3063557810920656,0.6508619425900406,1.631966765488471,0.4607686213926172,-0.6037083321919532,0.7136732974132656,1.2961501413182077,0.5618784980348437,-0.05569806424767876,0.46838809061722486,1.4833315295817897,0.8994725552298632,0.520889114781312,1.9287624895807198,0.13579627826857177,1.205425545544358,0.8260891572254003,1.4484901102952676,-0.19344266768757734,1.0804953170458056,0.18206450471910784,0.6305539140297469,0.7305404025240705,1.1344000658405662,0.6735784456066689,0.8820775801172545,0.8769358630387387,1.2216084546881802,0.7337160771031677,0.1608186001797698,1.432583745857471,0.4368224542467374,0.9251284048902448,0.3218933903863217,1.4522697614553977,0.30061241231186564,-0.29257423459478105,0.8738671367077018,0.664495481352219,1.4374571609816407,0.6847228192389707,1.8600377820711742,0.44914880231425336,0.3529073128281084,1.3459087124832632,0.6038323110874462,1.2760349190501774,-0.38217063602627377,0.009866900238817422,1.3553531486014645,1.0375380937600198,0.6162586896749644,1.8175495633471996,0.8243525524910638,0.5196615744180804,0.6896725208895873,0.15259131013107385,0.18555666798761017,-0.041996857552305755,0.7787256908007425,0.29423578870529354,0.09359263210399149,1.4191814220619108,-0.18621000841909563,0.0742038344793059,1.1240604162279624,1.0791263300093306,-0.023840999491312687,0.46632328386579047,0.4906421366265459,0.8022598600006159,0.7557678115411477,0.6001435600791751,-0.5981514991535164,1.0244230553637976,0.09032279231587204,1.1773521464509713,-0.12090210025246506,0.6728184770078087,1.2488615355482562,1.1797997020252655,0.5158790087875786,0.4765605725350497,0.5681516192689173,-0.2969985736667695,-0.9181696996226947,18.724421813959335,12.86014332891909,8.944692999144081,0.22837008661156233,0.33882090499622564,0.8815970185731317,1.0165845982382393,0.7389406083804033,1.0935474442616737,1.680279149357034,1.6159984120590138,0.8551503409282759,1.059747097891261,2.1665886621912023,0.5975813752974091,6.372502188741578,8.687053249118723,13.797964546303547,11.066223738757913,1.169632481429062,0.7567697879127309,0.7842923670364126,1.4376938651949995,1.176099899915016,1.3228327222970506,0.9567410084958397,0.6583498618307431,0.41390357019014345,1.0806619043334535,0.7014467274189542,0.9211296221141101,1.0458651171466613,2.0282300353009077,0.9720042502922297,-0.12768420501782796,0.41609462987310053,0.48398898240969856,0.51902306076596,0.5507350208412722,0.5813292302129307,0.6109710456962603,0.6396846221751957,0.6674845166930368,0.6943847454875822,0.7203992580479621,0.7455419344248639,0.769826582628923,0.7932669361165949,0.8158766513615205,0.8376693055108149,0.8586583941237791,0.8788573289925807,0.8982794360437651,0.9169379533177562,0.9348460290272556,0.9520167196910165,0.9684629883430489,0.9841977028157203,0.9992336340951624,1.0135834547477884,1.027259737416614,1.0402749533863016,1.0526414712155656,1.0643715554352866,1.0754773653121674,1.0859709536756554,1.0958642658077338,1.1051691383931939,1.1138972985306168,1.122060362801335,1.1296698363972837,1.1367371123039902,1.1432734705402936,1.1492900774511554,1.1547979850543584,1.1598081304383072,1.164331335211898,1.1683783050028183,1.1719596290060963,1.1750857795786374,1.1777671118815078,1.1800138635672397,1.1818361545115295,1.1832439865891047,1.1842472434909155,1.184855690583447,1.1850789748086754,1.184926624622733,1.1844080499740244,1.1835325423180052,1.1823092746693646,1.180747301689621,1.178855559809051,1.1766428673833502,1.1741179248825802,1.171289315112574,1.1681655034673213,1.1647548382119908,1.1610655507952288,1.1571057561901057,1.152883453263371,1.1484065251712536,1.143682739781525,1.138719750121254,1.1335250948498015,1.1281061987540966,1.1224703732688681,1.1166248170181348,1.1105766163788644,1.1043327460654382,1.0979000697348624,1.0912853406107388,1.084495202126618,1.0775361885874872,1.070414725848707,1.0631371320120593,1.0557096181379961,1.0481382889728366,1.040429143691938,1.032588076656907,1.0246208781866244,1.0165332353408303,1.0083307327173543,1.00001885326094,0.9916029790826428,0.9830883922920179,0.9744802758381184,0.9657837143614074,0.9570036950541976,0.9481451085304116,0.9392127497034721,0.9302113186723204,0.9211454216144261,0.9120195716860167,0.9028381899287297,0.893605606182291,0.8843260600023655,0.8750037015842622,0.8656425926902784,0.8562467075823861,0.8468199339580451,0.8373660738899389,0.8278888447687791,0.818391880248555,0.808878731194568,0.7993528666324892,0.7898176747006005,0.7802764636016377,0.7707324625567367,0.7611888227589816,0.751648618328602,0.7421148472666346,0.7325904324093813,0.7230782223815595,0.7135809925485432,0.7041014459679786,0.6946422143392965,0.6852058589517469,0.6757948716306146,0.666411675680024,0.6570586268250622,0.6477380141492972,0.6384520610305913,0.6292029260724803,0.6199927040336775,0.6108234267522334,0.6016970640670252,0.5926155247345832,0.5835806573418836,0.57459425121408,0.5656580373183715,0.5567736891626396,0.5479428236889134,0.5391670021621167,0.5304477310525044,0.5217864629137807,0.5131845972547353,0.5046434814056511,0.4961644113781176,0.4877486327196152,0.4793973413609933,0.4711116844582648,0.4628927612278062,0.45474162377490757,0.4466592779155576,0.43864668399180573,0.4307047576797345,0.4228343707907811,0.4150363520658402,0.4073114879623745,0.3996605234342496,0.3920841627040659,0.3845830700286115,0.37715787045607385,0.36980915057625907,0.36253745926319425,0.35534330840994244,0.34822717365580047,0.3411894951057661,0.3342306780420472,0.32735109362778303,0.3205510796028648,0.3138309409723661,0.30719095068599245,0.3006313503107094,0.29415235069404844,0.2877541326204778,0.2814368474593607,0.2752006178043871,0.2690455381056154,0.2629716752928175,0.2569790693912637,0.2510677341287533,0.24523765753554017,0.23948880253499283,0.2338211075267509,0.22823448696152582,0.22272883190817083,0.21730401061182647,0.21195986904496067,0.20669623144925708,0.2015129008705685,0.19640965968500268,0.19138627011784592,0.18644247475322118,0.18157799703658384,0.17679254176920267,0.17208579559445525,0.1674574274766769,0.16290708917125585,0.158434415688248,0.1540390257468971,0.1497205222231628,0.14547849258877932,0.14131250934366335,0.13722213044002274,0.13320689969856403,0.1292663472180493,0.12539998977644018,0.12160733122544798,0.11788786287633002,0.1142410638795468,0.1106664015970864,0.10716333196648975,0.10373129985850937,0.10036973942743543,0.09707807445465733,0.0938557186844946,0.09070207615320669,0.0876165415117498,0.08459850034057581,0.08164732945834885,0.07876239722412492,0.07594306383191451,0.07318868159956082,0.07049859525056945,0.06787214218945792,0.06530865277119347,0.06280745056329806,0.06036785260249644,0.057989169644713456,0.05567070640898919,0.05341176181525498,0.05121162921642508,0.04906959662417876,0.046984946929171656,0.04495695811499445,0.04298490346673134,0.04106805177377737,0.039205667527028254,0.037397011110670064,0.035641338988057214,0.03393790388309981,0.03228595495534137,0.03068473797037541,0.02913349546520294,0.027631466908076163,0.026177888853851528,0.024771995094170052,0.02341301680280594,0.022100182676410896,0.020832719070369876,0.019609850129938877,0.018430797917289965,0.017294782533213038,0.016201022235350138,0.015148733552052818,0.01413713139140782,0.013165429146511087,0.012232838796819578,0.011338571005182985,0.010481835211010093,0.009661839720024545,0.008877791789302591,0.008128897710037108,0.007414362885697301,0.006733391906607267,0.006085188621852922,0.005468956206811981,0.004883897228467049,0.0043292137071944126,0.0038041071746874877,0.0033077787300612727,0.002839429092205137,0.0023982586488386914,0.001983467503805514,0.001594255520956267,0.0012298223660991425,0.0008893675452554817,0.0005720904417216843,0.0002771816338054123,3.826036220289097e-06,-0.00024879418049295055,-0.00048149688359444553,-0.0006950974769210916,-0.000890406597591209,-0.0010682280013156742,-0.001229356628698497,-0.0013745768447961382,-0.0015046608440343334,-0.0016203672124674995,-0.0017224396399342368,-0.001811605774491909,-0.001888576211911186,-0.0019540436129545924,-0.0020086819415041646,-0.0020531458160348848,-0.0020880699692611415,-0.002114068807827607,-0.002131736066587564,-0.002141644551045374,-0.002144345962619809,-0.0021403708003617794,-0.0021302283341810835,-0.0021144066442388976,-0.0020933727212764097,-0.0020675726234458125,-0.002037431684357216,-0.0020033547687035025,-0.001965726570517745,-0.001924911950538899,-0.0018812563087067247,-0.001835085988489027,-0.0017867087084368904,-0.0017364140197742017,-0.0016844737851897662,-0.0016311426769561876,-0.0015766586906238444,-0.0015212436737215285,-0.0014651038646888992,-0.0014084304416428495,-0.001351400078306142,-0.001294175504881423,-0.0012369060724495284,-0.0011797283198689001,-0.0011227665406181586,-0.0010661333488997116,-0.0010099302433559387,-0.0009542481683411097,-0.0008991680694521165,-0.0008447614454212271,-0.0007910908929602556,-0.000738210645693016,-0.0006861671052433849,-0.0006349993650474062,-0.0005847397254115094,-0.0005354142002715889,-0.00048704301451607535,-0.00043964109249827743,-0.0003932185369421859,-0.000347781097900679,-0.00030333063267562466,-0.00025986555539248,-0.00021738127696835363,-0.00017587063570090322,-0.00013532431751173135,-9.573126749273797e-05,-5.708041720708934e-05,-1.936068883878761e-05,1.7439001226193795e-05,5.33297382503406e-05,8.832260601820963e-05,0.00012242868280054608,0.00015565903805736525,0.00018802472897050393,0.00021953679691932848,0.0002502062646954073,0.000280044132864532,0.000309061377265607,0.0003372689453158273,0.0003646777535664114,0.0003912986848035871,0.00041714258526326375,0.0004422202622436089,0.0004665424812060337,0.0004901199636151432,0.0005129633836986613,0.0005350833669126587,0.0005564904871562248,0.0005771952648387924,0.0005972081646063998,0.0006165395935795459,0.0006351998991362962,0.0006531993668659197,0.0006705482187499001,0.0006872566115134759,0.0007033346345224345,0.0007187923086462433,0.000733639584325374,0.0007478863400933733,0.0007615423812694644,0.0007746174380258708,0.0007871211645920084,0.0007990631374923396,0.0008104528545800349,0.0008212997337864181,0.0008316131120409409,0.0008414022439069413,0.0008506763009563656,0.0008594443706329002,0.0008677154554561639,0.0008754984718848391,0.0008828022495777077,0.00088963553071153,0.0008960069692989237,0.0009019251303925557,0.0009073984893461784,0.0009124354311893512,0.0009170442505137544,0.0009212331503363203,0.0009250102422697637,0.0009283835456699308,0.0009313609873515816,0.0009339504014178601,0.0009361595287487035,0.0009379960168871548,0.000939467419925677,0.0009405811980514045,0.0009413447173187706,0.0009417652498200368,0.00094184997345792,0.0009416059717750613,0.0009410402340108703,0.0009401596555562719,0.0009389710371578985,0.0009374810860549587,0.0009356964153539593,0.0009336235444266094,0.0009312688990803508,0.0009286388116720445,0.0009257395213921882,0.0009225771746059763,0.0009191578247964571,0.0009154874334171836,0.0009115718698922137,0.0009074169121277009,0.0009030282469097983,0.0008984114701320323,0.0008935720875342668,0.000888515515043764,0.000883247079116245,0.0008777720171906367,0.0008720954786554103,0.0008662225250191113,0.0008601581304219508,0.0008539071826021427,0.000847474483350652,0.0008408647489659415,0.0008340826109929367,0.0008271326170188331,0.0008200192311278443,0.0008127468345833222,0.0008053197265667222,0.0007977421252576278,0.0007900181679474372,0.0007821519121762321,0.0007741473366422724,0.00076600834177043,0.0007577387504511535,0.0007493423090636497,0.0007408226882716917,0.0007321834835352092,0.0007234282161903138,0.0007145603342451068,0.0007055832131754869,0.0006965001568346452,0.0006873143983057162,0.0006780291010386463,0.000668647359532315,0.0006591722005850897,0.0006496065843180077,0.0006399534048568967,0.0006302154911850266,0.0006203956083936646,0.000610496458250509,0.0006005206807344621,0.0005904708546609072,0.0005803494990459512,0.0005701590738453888,0.0005599019808073535,0.000549580564779717,0.0005391971146195829,0.0005287538642164691,0.0005182529933449587,0.0005076966290857854,0.0004970868461668942,0.00048642566872558746,0.0004757150710474889,0.0004649569788170993,0.00045415326985676074,0.00044330577543405525,0.00043241628111445607,0.00042148652818241317,0.00041051821460769133,0.00039951299612539515,0.0003884724874865242,0.0003773982632537809,0.0003662918591089692,0.000355154772989863,0.0003439884661702308,0.0003327943643398612,0.0003215738589688044,0.0003103283082168673,0.00029905903812732504,0.00028776734353641586,0.0002764544894944265,0.00026512171206150015,0.0002537702194445046,0.0002424011932475878,0.00023101578938167222,0.00021961513942869715,0.00020820035189217379,0.00019677251322036682,0.0001853326890000062,0.00017388192497946875,0.00016242124860355034,0.00015095166980927388,0.00013947418227644448,0.0001279897647918915,0.00011649938204527643,0.00010500398570911784,9.350451597356368e-05,8.200190217166892e-05,7.049706465522831e-05,5.8990915192680404e-05,4.748435884494029e-05,3.597829447699041e-05,2.447315114295634e-05,1.2969001431883953e-05,1.4656757230113726e-06,-1.0037124127393326e-05,-2.153971064444704e-05
18.49521085155743,17.49962167133924,14.494692262693889,11.787486897231929,11.33381107287562,8.86174694083013,7.810984405638635,7.938595298169275,5.060305453348292,2.8549990919294714,1.9139744794174476,1.3901140684733946,2.3766687727045337,1.5725412221750048,-0.9530658977481608,-1.0452566995779762,0.20001964733762634,0.5571246146608928,-0.778926049072652,-1.9267763190090363,-1.0779384354885906,0.5317218776397112,0.3913861892123123,2.564027518797957,2.8607877921407407,-1.4620619268872588,0.601077752788342,3.175632708374337,1.7796679171252663,0.9925273356082016,0.3767090392980208,1.5611172544168994,4.793491618735175,4.392006184222737,3.1435234883455223,3.5636653949935635,4.080651109954033,4.620319111553954,4.332933739587588,3.296249106191226,3.687506194895377,1.3619241752313656,-2.114584792645701,-0.34810575508561215,0.6891472736077731,-0.5930172316541302,-1.177552095343117,1.3832597914392863,3.9991222930137837,3.0730863033436435,-0.6718513944574624,0.5516367301032687,3.12268173384723,2.7364546574945052,3.7042150966846066,4.667117392942828,5.795734462685459,8.273883384523174,8.908183391868306,8.080265097776419,8.431279708859279,10.987448424484,9.984098046202007,7.04803376900702,6.942412328545288,7.547455185347417,8.571569140857946,10.489090417558145,11.978516978427365,8.306419468005402,6.373156395480237,9.798323720647659,8.368447918331867,8.780943155399655,10.352912703278662,11.459686494365315,29.946442058577418,36.730011053301155,19.455493625653844,9.019756269282993,6.350120075255745,7.239872029538674,8.880735983086083,8.55159326599096,7.73951523824087,6.80883070544553,4.684597679731951,2.9483676329693935,1.5867208654419755,0.7707466599410964,1.7528329687111182,3.464261709890252,3.2650255638340013,1.120402509002247,1.9459265450091152,3.9190944500530804,4.621028296021677,3.557959626173897,0.6837513576040237,-0.03503863589048706,2.288191396425418,3.0204512670134136,1.6403228251408564,1.0377645711549803,2.947583474183375,4.5033901105149425,3.833118492148401,2.4722339190250295,2.722131483555927,2.800343726240726,2.1196543802100223,1.4118166251226967,1.459547784141023,1.46945419940198,2.033273903025247,2.8734820848726486,1.8949878135101699,0.8264913740614475,0.8548227449638262,2.310366509505684,5.356209802212106,5.949812085164922,4.523485800450317,5.608908029547706,9.343712432838629,9.70964832075083,8.00267305371608,11.130010111045294,9.88090121475011,8.149079161342115,9.728239138148865,7.412991044933506,2.919574668010682,0.7523760250519445,1.8729341620842206,1.726064417084217,0.7107445383913955,1.4844970236138124,4.449473205535469,5.525829639584117,7.369745385459282,10.617135278402657,11.936323084649985,10.423976235286318,8.781009014639267,7.924765328701483,6.669682931927355,8.089415094888409,9.974289225875395,9.236091885174801,6.872057854394711,6.416469331377357,5.8074774556658895,4.834856260313018,8.880115037467249,11.362421287198003,9.13587814500056,5.194907434347215,3.9644720573098766,5.165005587875839,6.3820535082734295,6.792286272511205,8.410996743267788,7.0624370649309185,5.042965474382299,7.205519092103941,8.54713853818771,9.235762149673633,9.192806412794312,8.134486694894008,10.198343127629641,12.215823720615845,12.062259740976742,11.850224886597516,12.848419578825315,14.091778405547075,14.447632130745092,13.611129933442498,11.638015251024285,11.049240120699551,10.990755415876038,8.96629899097502,10.999932308373218,11.86821837522416,8.01361265337573,4.953459554573101,6.156091458730998,7.869930582450024,8.968825772815308,11.20241854694973,5.41757852900048,3.351066800997387,8.88448032899396,7.845277560343106,4.9748564836366995,5.4889795373143215,7.293655244360934,5.123443824957576,4.0859516449195326,5.924343639749054,8.595468418384371,9.554892259048074,8.694459877291138,8.890512103487708,9.468058332159671,7.255830213309082,7.2654197782572965,7.923152219461372,7.9257987801804575,9.240210477764094,9.730881579951983,7.089392832805288,4.1734617046111,4.849471946903691,3.256878182934315,1.3512356252253994,2.162867227017955,4.2752574275234565,3.9802644731042847,4.056928799784487,3.5231820471241235,0.05936999977177493,0.23487617599505484,3.0339400451557594,6.127385525784348,7.628052834579421,5.185524739563789,5.0480770936110275,5.881892945885738,5.2807671454326055,9.556633601544263,10.425234289186847,9.354873704225838,10.743542800002842,9.81253481702879,7.595214675366378,7.236518579450035,9.232761368724368,10.676631670700772,10.35796074430209,5.607960616726132,1.5170585879677674,5.301291748788685,4.445617936682083,4.1506316660434095,6.599837162956192,5.501274371253658,4.07329751619136,5.7404370307097,8.504798624013347,9.314593388294497,10.765431467609233,13.372721879242135,14.378435063934717,14.068973718906364,17.395839201189574,19.226547085919037,18.38326208755211,17.60300295492243,18.11399753603746,16.93554857876086,15.804364246119007,15.494809698989911,13.900206037346265,11.469781014804994,12.236684334806341,15.025019143656095,15.241467930397903,12.910875744073564,12.700420093952744,14.838617530249394,15.797879817509966,13.835407275482112,12.684717003500282,11.061380381421031,10.960447501097633,14.935133852151921,12.392291523472977,8.49579015340612,10.375135348098183,14.737590653180177,11.19477648692532,7.537022731347861,6.528779242734686,5.113511236951581,3.058535816049016,4.558232559007138,7.466892848328143,8.572828606784242,7.868818783896359,7.091598991433557,7.553160401939522,8.725954904579453,8.8884639066398,7.109512181093351,5.118140897222702,4.2230413922653725,4.319696483832558,4.154784856293759,2.601876851892257,1.5533412255185794,0.2210044796877355,-0.9516175852942297,2.4108755744030077,2.2451121853425775,1.2814824400320504,2.897593103341933,3.6027646791826555,4.618414549674071,4.189885517909147,1.7442826204523953,-0.3854667712139417,-0.13968985456767768,-0.5765688976836145,-0.7843140825824548,-0.44024121137772454,-1.6088653527233419,-2.1135473145417336,-1.208967426206982,1.466547914837406,3.7007707057066455,1.3696685976425442,-0.0392188625653489,2.0486838677185233,3.104009848302212,0.9240520903756533,5.188122337696882,7.541413589274839,8.790556313587558,10.93126713903439,7.5630215805840635,7.658585075703741,8.482165176652416,6.181452556549175,3.667503739515837,4.954646115903984,6.278642256189755,7.034861168978409,8.822711762354857,9.981775580761678,5.448374009026338,0.7586809494238196,1.134660775017096,3.1644276853444353,0.4834590477286156,1.2902812294557862,5.861606584622223,9.478175658609416,9.504956926262821,8.034151801329926,9.219728325187248,9.526627856889718,7.580740540551005,6.131734864497503,3.4524719183563093,5.614701338737177,7.177416069346236,4.591698336169657,4.625463143545971,5.112115759299741,5.432607375428006,6.288750489122663,8.306551390252253,11.477433220278726,14.018953543915245,10.024157059381878,6.911953762222083,11.08941182525109,10.960669042588506,9.183646279100685,10.010135373899402,11.038179689138019,9.913795218769337,10.728248317771659,7.351002591931206,7.245392644521871,10.853023828092546,10.715232215965443,11.900696546160816,11.218817141425234,8.135975556310655,4.670798317237768,3.169791996404456,5.703522757522478,7.570339650449569,8.536120451565694,10.052777336467443,11.03035150995106,10.646827507472835,12.023853312235133,9.474482092757626,5.743528510487295,8.575134892704227,7.262820433742036,7.480901810264413,7.765267238277829,6.97016356069912,8.869392507980479,10.23522923465157,7.952435801271349,5.482555471439127,6.93733823304126,9.484319658521713,6.523090290653045,6.185173317525823,6.067301235859873,2.5063792637006372,-0.24155956966751546,2.0580941745583914,4.085020685995914,5.57944682345294,4.94138907629781,2.917909274392059,6.370082425332498,5.725267424613548,5.963740011189657,10.681375937426537,13.132375554628425,8.71522525533669,7.527811974323868,6.108695602965781,4.795385475168814,6.755468438970183,8.426489358962499,6.029073478879354,2.050141586523523,4.023427831635104,7.802978658939651,4.530865013163634,4.910619461079477,6.102439155435604,5.027323980574465,4.57026246840735,6.242768527019052,5.44691957231214,5.008010169349859,1.3627234986597614,-1.6759760217501025,-0.25679403201911555,0.015769873000976986,0.9432245000941748,3.7045200607178685,4.07900950403814,1.8568486314254642,1.5985785785368307,1.533807678157018,0.8841484977444907,0.42870856856382034,-0.24493298684694764,-0.07104767475823337,2.5904972788647456,0.061231835803710055,-0.331149750428267,0.5513495019340553,1.098316767100755,4.115415824303682,2.1974949132550137,1.6336767644695556,2.03772988480614,1.5121921490060686,1.3811588452254,2.475622083056578,4.603136333976977,3.518460411745309,2.3538551112128516,3.7451819496042162,4.580987755632805,4.019350233494606,1.5770502425680206,2.044671951233795,3.6294253467306135,3.18512665714195,3.4245395015152553,2.491030207729068,1.391246011207386,2.635923253740202,4.347126262993697,4.429328771009978,5.398210129805648,4.331338896902366,2.1749964689065564,3.303991641322341,6.508049984341142,5.956047128381101,2.9562623499298297,4.558124232214254,4.542445340178574,4.394322450923255,5.513585774022999,2.5338907632144583,0.7862800161876748,5.301808084275308,8.010211080806812,7.586952127993186,7.5646712813997965,6.285272974615168,4.6376579550737915,5.467635521369857,7.0968445864571095,6.129394219650635,3.4587604563625973,3.6399177425029166,6.388667814824657,5.446324741401668,2.532656541284041,-0.12597751423481895,-0.20177797744031523,2.599974791872455,-0.14718897474017467,2.7575189950622416,3.534663821415961,-0.9144035184820041,-1.8349388462136176,1.9944858739210076,1.57485785914173,1.0404649084696302,1.8488368509403017,2.124251458417575,1.1481518452260389,1.7893222218584697,5.5739563519616695,2.0170173515002716,2.6141806696684853,1.4190439172394917,-2.459802880649818,1.287463069389105,2.343552682324571,1.0466943225035266,1.773995514448643,-0.25380839229910634,-3.368960741223418,-1.5163122263863897,0.7277890491423022,-0.16513844371570485,-0.7637984747868813,-0.021841909495151413,1.466951229589995,1.413549671290184,-1.9345789788299044,-3.6309926471863037,0.3488948921371957,0.6365783704779915,0.19857445693958198,2.2957723155618623,1.8316392155270478,-0.7514173738716181,-1.674076104005735,0.7700548010666353,1.442779198453195,0.0752856338813217,-0.7356369052621403,0.3364148186934699,4.719841072318104,0.9451539049466646,2.1582823743981407,2.6973551510080824,0.8174318416270125,1.5467041075891075,-1.1193513152650212,-0.04359524810865878,0.726918467900191,1.6940255833526408,1.3145788659919617,1.4515588438465556,3.758595327549301,2.4428458146082903,1.7120777782349705,1.331370459074492,2.384894723439629,2.218662124818593,0.6712376891473468,2.336618349402329,5.605737006592335,3.931538046814694,1.4863866823113767,1.3108728298270762,1.348967605124244,0.2217049811592915,0.636422506929307,3.1513488225423316,1.1692559614955371,-0.5765789867554076,1.3150897003197315,1.4057917736955687,0.2238537278374224,1.7608587525694475,1.8606849372048373,4.840598866846221,5.963362545996347,6.971107612285323,7.8830647163822505,7.108356389970595,6.534620001427129,6.950065938762123,5.408651006836294,7.510412858472591,6.827495539222582,6.871983749846663,8.446061606011995,7.275496520562683,6.8377640461112605,9.969714007720995,10.608842519334758,13.780291182299266,16.247664892545686,15.949860136726215,15.571316210320106,17.34694688803961,20.53858089137134,21.635462199295148,27.308900608026534,38.57596791039077,45.34588404723013,43.549593617414416,38.538324771162706,37.315706088891375,41.13603368390261,38.98168831683461,38.579797611284675,34.98670892549387,34.289588513629496,35.70413917025087,34.046524128145506,33.24685568640621,31.429151430879415,33.14125374772573,30.909517505191275,27.699198065990117,27.91616049485333,27.89705321940494,26.768805078777632,28.103471516930313,28.509970535316143,28.557178262541356,28.043032917621417,28.996365859947446,29.558005156326203,29.369447360646745,28.919537145216168,26.362216343053433,24.262861883505025,27.1884960089144,25.083457871276437,21.532037517017443,21.118400413905533,22.09535001322422,22.398610017698047,21.66672174473524,20.94807534610186,23.23179367017292,23.920083408016126,21.39567871267616,20.22240265378298,20.56569969655493,17.248605057407758,15.050755900093236,17.75007867912791,16.09446904707761,16.09634724868772,14.791874595038394,14.719652193824686,16.36121180246073,16.114343472019982,14.509037765892572,13.264126409471714,12.328725321777938,13.208284544638332,13.462757281538302,13.182246782322636,13.98316110290375,10.936191648938575,9.816923447298791,10.583557618737132,8.952411978095256,7.278597227171417,6.902879910804359,8.173289029566376,5.123399768742274,2.9452947970692094,3.961610470162668,3.743334899890783,2.5817316808655733,3.0890479200850223,3.6134313452806737,4.235329179965902,5.1170364308432,0.07386281780009085,4.023839716989528,6.499988731554026,6.278067878656657,3.7927700723384987,1.2509433605515596,1.4838250604085488,1.801473164709023,1.967375693651661,3.4511362099441385,-2.2626883071625343,-3.474087121968182,0.5044606948101773,1.6204591963864914,-0.7913195480647346,0.8574974428042879,3.4434379570595866,2.0139891696757104,1.7847287315947824,2.1522033306407593,1.3625078160093835,2.1998837943319813,-0.1702016780733402,5.330132785903743,4.965171625559378,2.1586836104560234,0.25142920113955824,-1.4244983498991814,-0.33662739734518254,-0.23201320897294408,1.760944623802402,4.811212087748345,3.528611927129873,2.6985645496231427,2.216902607699012,1.2917143433469391,1.7064051596789795,3.0210526939169995,4.350849158735741,5.858105605330479,7.0160457357492305,8.3252974513847,9.310474768431959,7.924596632274643,10.196486721311885,7.896239894138603,6.0824631732956504,7.800335057324446,9.544130116207498,9.31068561645634,7.868139139701498,8.25794276619149,9.055422301080512,7.1470599502900996,8.397974709513619,6.233892769893487,3.697971123399725,4.662894947208088,6.228277759633329,9.823017280670001,8.118991564516477,7.800528854943764,11.705948283043085,10.40232796547707,6.315448461595793,7.324397395983965,9.323642621057274,6.989755748979064,5.97605306501714,6.722227108588527,3.423279880099358,5.07951055929459,2.8051095851541277,5.243746869175652,5.532622315783442,4.964819094089648,5.991745015256811,2.0248293666222708,2.129065289472919,5.777770917926091,2.5201919075675505,5.811274019799157,5.419500361660425,6.340770451250364,6.55053648737487,7.107196812106508,6.642940616369515,6.215432454588381,6.111645298924486,5.02840257421451,2.114370355850042,2.766871442943966,5.8702889700484775,6.18278509190236,6.160519423091046,5.281745686483987,5.493589059211331,5.333445186321796,7.21950750334986,5.632041666390933,3.457257433808536,0.9778483757628464,3.201849513562024,4.198330926980589,4.272019113888916,4.1313266757619544,0.6225136872627672,-0.20875833460843296,1.1652887641150755,0.7005357900454214,3.0208932184220885,3.4678007513059583,-0.17128780703450275,1.761503364170494,3.443460961127414,-0.8746116504045744,-2.3893906970591843,-1.3587314909557904,-1.8721917634642296,-0.38195617537223825,-0.12092205394083066,1.9011310686070146,-1.505659371338993,-1.2855201411741746,0.9247709797651851,-0.3498078971452969,-0.314381292069811,0.31204423987890095,1.481241623150538,1.0327400986464568,-1.0986858795278636,1.9391574730528305,3.2936103158506853,2.3990609542559014,1.2699754892979627,2.0512519110061476,4.330689693740396,4.924664766891851,4.6165326072512585,2.2583432675023687,0.9954812996132887,1.4253268793272582,2.8735315672141155,2.194646927795702,3.9772025097249184,6.081273052346205,3.0000200554869707,3.932140299518892,3.5261288487959632,1.4732049838331704,4.580859605188607,6.65359274344388,5.38515568007881,4.612579060510825,5.312266770938777,5.051595136694175,2.864858897194381,5.429906974197138,8.737942495162144,5.612748610964388,5.0562997373565395,6.541455959285315,9.965454297473457,11.795935171232827,13.174457681064098,12.218348790842924,9.144757145046924,9.60979501006824,12.241344978057782,13.013937850108732,12.924442070367718,13.156797535493297,12.837447732512715,12.196167352304542,10.66661774145581,10.384058148030533,13.335004077649614,12.97383498776253,11.064590867552738,12.209628279913886,16.63138935120253,14.744972457515587,13.965687934857783,13.4559149572367,11.319162893888006,14.968326975487173,12.434648468762191,14.049904252983595,16.318263762785136,14.815672371560197,17.08950936775068,17.552509003543832,17.072054701082266,17.549402638976403,19.809208167537577,19.243080448543083,17.304546828865057,18.478504801380154,17.9138210757759,15.954154215061351,18.292709330707225,20.524270749315576,20.51815710103017,22.496315578802182,24.255825601110587,23.91978362391228,24.589372056488003,24.625353435671002,24.370512985842254,22.290649826268975,21.238401459479576,20.814785727297135,20.508544177782596,23.34506788884636,24.09257425668534,23.79894142892715,20.93514084706669,21.38266403364264,22.10182732197609,21.640927084856344,21.71332706496787,23.04010978816831,22.127023577732473,19.652788085736688,19.913277733976884,21.19505711764208,19.053609739030946,19.842146473124103,20.076962227041236,18.96075129087484,17.636208388427406,17.175439189223425,16.883885001510066,17.79031305270962,18.32717540529336,19.01151706926362,19.259429073468084,19.119385799508734,19.083280113201113,20.64303348600015,20.594184865798468,21.592134417435318,21.194013644769086,20.532116687366567,18.85195578023695,18.15410702314648,18.973080177540794,15.783568736329926,18.080863660350133,19.85457806254965,15.021874517321635,15.495549599929461,16.53855707485542,14.041137975386164,15.04550922001522,16.786696381715956,17.22781190781734,15.338344740806576,15.923017696092927,15.185264213454332,15.028131618882526,13.306325876092842,14.451608330753174,14.895494857273718,10.396221076309985,11.37260461506196,8.675285791576243,6.7300685815606585,6.386706288507185,6.723100956963265,7.778122010383981,8.939515153039338,5.372765789902473,5.941386996448557,4.592845168297799,5.68918740575981,3.379539207281823,1.318884877392179,4.635841195165199,6.033274075365114,3.752073871515563,1.9302555779535169,2.6949085208397037,4.885951423153301,2.653269779397988,2.9626970818106884,2.8913031295667793,2.4869826208844756,1.034202230476751,0.3098600249832657,-0.17077322964212271,-1.168580362884768,-1.3253629237310065,-1.9551215855813666,-0.8475213909775334,0.21087424863287652,2.673622616951718,-1.3582275683286866,0.49310554155948694,-0.24562645933502836,1.8853724073195508,1.2129964988228608,1.2379070737808888,0.7081102402031547,0.23294010730842274,-2.4115517571986516,-0.6347386135950046,-0.17861144935756101,1.0234082643708007,1.7307414008723185,2.4798778228854985,2.113490081402631,-0.22426636627477592,0.9927522511963502,1.6762815250056065,1.3918350232390821,1.054749144401569,1.1140820716424855,2.2489944216988533,2.174657442086925,0.9066571944860584,1.6853720035786068,2.352559497912523,2.9009475964828084,1.6728123228723462,2.3510971351786907,1.2641615839836504,-0.1411047418030762,1.0892982160152087,1.9315276742908054,0.5431677428992998,1.365615815126148,0.8157025795492814,1.615739545216286,1.6672068407764868,3.424471396195713,3.67734919346924,3.0634341924576347,1.3079969872397328,2.4217998089102935,1.9932109589361744,2.094454697776257,2.8836315514120656,2.8404360746607153,1.099897006632716,0.5173491988790602,-0.002495165632467433,-0.41655725645046005,0.643955892906888,0.14543658768195655,-1.1074966129191353,0.8575299627192408,0.07704889964793438,1.09607658388353,3.199589110534589,2.8730934709614644,1.9026944810966597,2.1039156148761435,3.3213328903410684,4.206773091703781,3.999953296043202,2.3662493394484727,2.6673562380915996,1.2497099824570341,2.444334919340463,2.726420309629191,2.0219303162613187,3.7537160365641284,1.1156244594220084,3.4132270518632026,2.6628495638848335,5.81413649595828,3.850362453363573,3.1277567822328365,3.9802095764742944,3.185763449251965,6.30865446336486,5.637300491942142,5.119603640528624,1.8606614958609953,3.1179454002937064,2.307801021833825,2.229050523334479,3.2861982099155966,3.4443865915262677,5.945552283089739,5.34074410391878,3.948100122520316,4.718112609655691,4.675187015494714,4.933816209020847,5.26233170302703,3.283556704424427,2.0543348899849434,3.031869715546577,1.60006120885771,2.7914602175266054,3.904791745561397,2.3700671389183867,3.2347595112775025,3.070420108452538,4.9340734855940696,3.6000290470604455,5.356145508490329,5.4749308837225215,4.808345165629419,4.666782858184433,3.7443660118700564,3.5032520991624096,1.8722272464211756,2.1536734210871487,2.285012686581524,5.380287374356612,4.290447546347764,0.2888060077116563,2.0033504275290284,1.02520321162487,2.3674988945908524,3.3697574065450056,1.0874255648791973,0.6669990443451752,0.3386373513820615,1.1397203847132573,0.20798506486266888,2.132996201311869,5.837509500712542,5.711428283565283,4.4448261850571384,1.9669120114197938,1.7103578695193846,3.395555396093613,2.629385925008023,2.2653429994011844,2.263334694394615,2.6092850939272125,2.82656312396378,3.409179539384354,4.44799234659223,3.3527526436900246,3.781181665035774,3.3999419601028364,3.98374318559803,3.298795512726059,5.632014891075158,4.215003830002502,2.8237063166791643,0.44124975466661454,1.9497328227727735,2.4962840629072502,0.4301192243500793,0.8633627422995289,0.5259826368719587,2.365521915089545,2.1624245323527873,0.9519712436427028,2.6826200779324836,1.8002654924352726,2.5699392493446,3.21263606559296,2.6301670515094884,2.0835043731129588,2.3955858757881288,1.0847837668817988,0.4811460395727636,2.1241474584442983,2.175607710668089,1.028700030766771,-0.14039780355574294,3.8489932253079076,1.008959164551726,2.057625105181444,3.2108424777362643,3.225295026524293,2.3540803593396333,2.249007919649955,1.4944888442257707,2.572639123062004,1.0896895869388175,2.26022347050548,0.11574894827029425,0.8068840761411877,0.4260498769668004,0.6460811112666818,1.8488731659006987,2.660187329917534,3.4775132231035,0.87489964746851,0.2806583629349859,1.0532463056074164,1.6458927223916078,1.9920971406108094,1.4729755001474985,1.278359361986844,1.081387024582142,-0.5776768766054658,1.7455459552775778,-0.23208426762494128,1.0579770625885772,-0.016360965928868154,0.45236141042812505,0.13947215923056433,1.4141010826961065,0.41556534702485237,2.671869110795882,0.34382899103135856,1.461737655926271,1.5726418896830694,-1.0149828366616305,-0.10775825523387539,0.06981149411566889,1.9274091293587503,-1.399864547693653,0.5198592605050294,0.5704590597696608,0.7108560285387,0.4047015128138014,1.4920811136829855,-0.9906305457359394,0.6525174244822551,1.4187247351772498,2.527145377640039,0.9965242657422948,0.7046911436488017,0.16901728184853937,1.3598157748927804,1.1916135676183899,1.7827338555993322,2.324741902748343,2.138902501735913,1.978029285024121,0.10811926493477131,0.5963930108694626,-0.37591524670710896,0.6271894052178197,1.101397984030399,2.082944046937115,2.0515424863168903,1.5293274198479025,0.5157734582962661,2.399835650315765,0.7282143543107367,0.46051252073337423,0.4520315745772905,0.7509668767187065,0.15675733413903004,0.6295549745237565,1.840357757148169,0.5767712443476114,1.1381729701835326,0.9403497127979534,0.7593939226483997,0.4674215157279207,0.9306965864844301,0.7391236245182427,0.4854985668874008,-0.37757284777410405,0.1176823069460653,-0.8804554593540388,2.170268655354988,0.10357629949413649,1.9617994391256133,0.6687779034889729,2.079709663046387,2.633937213667309,1.6348699208867856,0.17487257532272338,1.197376393461397,1.4011989268408769,2.028179763023161,2.1764892210325115,1.947784050375816,2.5627469669931173,0.5885952210498004,0.6760876765537063,1.0204930263486034,0.8079093634427181,1.472679918052819,2.0142876101124614,1.506235598029491,0.27714616251341795,0.4486178130447058,1.0776738360768832,0.3572932837485041,1.4869095682040552,-0.25043339947325194,1.419252051800143,1.243108233043003,1.9351962586614917,1.1597800606453745,0.5982666269763968,2.051912988349926,0.8483433031345129,2.3083150694293977,2.424041083800091,1.7048542733089107,2.375571941754572,0.19390917166902,2.0180446752146963,0.6088976236784731,0.9906773918161775,1.0804613354860635,1.773712636771478,1.3295189424636078,1.2532216892674342,0.5301960554475897,2.1275370646496583,1.501299953612886,0.14179572776833993,0.02571677317848753,0.7183327322343587,0.9039623170208131,0.8815863381994689,1.720708587324964,1.4411806681838755,2.293460091593488,1.3311048101903964,1.7513187874996277,1.41894653997079,1.0159329338240752,2.07594541067013,0.8011236005655178,2.106390739448699,2.1121677248449373,0.23114208934333647,2.1838319648630886,2.652951810306945,1.4971039277176317,1.4750139500341959,1.5549334224970721,2.493176792161904,2.2202450571339796,1.40269243299781,2.0952183600906267,0.7773039377968871,3.2367872947487797,1.8448728758907293,1.6854112868635127,2.069822528898527,1.9226474674009921,1.2373278228055824,1.3833732385165405,0.4131545623303339,1.569830772749242,2.1081574866474284,1.668517910498096,0.8133073690600554,1.9466187131114907,2.2015333595608695,1.2463192982328906,0.33424338327154146,3.3352486747553485,1.416450745725065,2.3111269450715284,1.3108926453236265,1.1317404293038749,2.647411924770722,0.6810237988966605,1.6669595439566365,0.7143958275316891,1.0384051466003754,0.15029405756126835,0.7881832829919517,1.1387866700887344,2.135812005784544,1.3530655349110248,1.898128618308533,0.8975110093428569,0.5164719663911796,-0.022497438844254702,1.6377907741407398,1.7104284340632034,1.5546101111345365,1.1257788312321964,0.8081952137960116,1.2627768701802893,1.3261729898554293,0.6176864446077843,2.1275458769267175,2.096891580179552,1.3847339657892306,1.3960999286048832,1.4774110309102184,1.9417100943048808,1.015545346846757,0.8633157745707649,1.773573399164718,1.714347847635004,1.5277072659199007,1.3370459224680076,1.8395646956524843,0.7185635733062057,0.7710737435826331,1.449643900903709,1.454758911363058,1.4785569384729982,1.5328857781016723,1.1989671627344478,0.44098775945877833,1.559422567613808,1.8080470185142872,1.740582218831321,1.1840797829079293,2.179347712308129,1.6518755918478405,2.500850450762016,2.0511679238497322,2.1213719248779626,2.3449742716276205,1.869730649332105,2.073087060485534,1.4667742937533035,1.4833069270743522,1.5420157979600049,1.2992158485200775,1.5886434364874162,1.6293153988037758,1.6012049870332703,1.0661975212532866,2.0833362119580556,1.5557880033538822,1.3528146020166716,1.5843773270096975,1.152955977837216,1.6479808791596042,1.6679078140716612,1.3641327695225414,2.160478170894919,2.266895304960997,1.5056208564588474,1.2352491630757072,2.6978430398662,2.5878005360262435,2.276334463926105,1.4890923441974522,1.9621165198871608,2.223983059644638,1.6363900893255732,1.6916049703950193,2.0298136018509396,1.359841468779674,2.1946463148339603,1.172891466676841,1.2901183121458644,1.8556860996949354,0.6453407438099248,1.811554123920871,1.2572005054853435,1.2817909356959376,1.1455487688863855,2.082867916025748,1.6044673993583842,0.9934869160205153,1.2584421318517762,3.056928889832534,1.178012633661183,0.920838838867553,-0.3573454827671867,1.3252011410665432,1.4414441946418037,0.4266960603508778,1.4095558721938346,0.5439256084638373,0.612620985893102,0.38767161030239095,1.8275789653375227,-0.3685797137177964,0.9120051543491172,0.43894230139892443,1.564256902515865,-0.07747128464540864,1.009703613116816,0.28845453907041474,1.129806233706237,0.5065385508815439,0.720670123074342,0.2913597298628474,0.4253728902816647,1.501447369009611,0.4826047169235075,1.4942656267475627,0.8364017530771548,0.6037557955392039,1.315396313113471,0.5942374007174749,0.3277174815678414,-0.09034881406284967,1.034613380491237,0.6537639938298412,1.2620841859301208,0.7850283790294839,-0.0914892309403399,0.7695792014766312,0.9912653223773873,0.3752982869607422,0.8899530192188649,0.9843374592028908,13.671922937582963,96.71090305292824,-0.08929857910698047,0.8339344243958067,-0.27897953738681736,-0.166516382375562,1.219048395760126,0.851178332844313,0.38107598616761607,0.979510363852512,1.7253620081796726,1.1623694185934141,1.2259745276537046,0.9797920261343034,1.033235737582686,1.1645779157041147,0.5535122578164664,0.5885908347700042,0.7757105183260382,1.565112641955464,1.8144414538065803,0.6454191857750402,0.7650092060610518,1.2415172484379582,1.464417869713941,0.4955564131902861,0.26489445451073834,-0.057147991771616446,0.3970107369060525,0.2506596559812788,-0.3371761748253448,0.9134637192044579,0.5547113103179981,0.39099111247270635,0.7455254586056981,-0.7426293120348646,0.5813663751829949,-0.7203386503074398,0.9519257450952523,0.19322867204783734,-0.21584735758620077,1.1907106754668444,1.3695480772109363,-0.24839721029434259,-0.6605359232040655,0.356433462179611,0.41699237159218683,0.6407462872277847,0.05466263383419623,-0.17990897999067101,0.6265363757282785,0.47455105873205916,0.8455833602021698,0.9425380515749584,0.6777362091938812,0.4851205192500725,0.49085142700425877,0.4137588162043926,1.0100966090378733,2.0101425052858417,2.222825531942304,0.9105237642544921,0.13152398310461422,0.8263159804343445,1.128206269346947,1.1406779770916273,1.4224095450377376,1.2057910772201694,1.325702006868255,0.9671784306896711,1.503891185258567,2.078010384820516,2.022738402900302,1.1561025394989883,0.5902153949682543,1.0398915948576928,1.5243385203314688,0.8715670069144608,0.009132262844332217,0.22702951845474217,1.0543811622851536,1.4121485875764392,0.6928678654567761,0.8642521185274745,0.9049101291677175,1.1151869290856666,0.9874593198502453,0.4920483655960197,0.4248103291057541,0.3133719393990759,1.6490515944403796,1.2223133594040991,1.218700270454292,1.2419109116895015,1.2661567076796132,1.28954136145245,1.3119499130431223,1.3333922048679483,1.3538846238684528,1.373444377321448,1.3920885371151144,1.4098340377933027,1.4266976746908995,1.4426961021594593,1.4578458318807748,1.4721632312669044,1.485664521945182,1.4983657783266722,1.5102829262559112,1.5214317417407983,1.531827849761214,1.541486723153639,1.5504236815723402,1.5586538905225211,1.566192360467312,1.5730539460041086,1.579253345110999,1.584805098460663,1.5897235888003252,1.5940230403965643,1.5977175185433907,1.6008209291323396,1.6033470182832161,1.6053093720337301,1.606721416086657,1.6075964156140685,1.6079474751156226,1.607787538331479,1.6071293882068858,1.6059856469083797,1.6043687758896112,1.6022910760055424,1.5997646876742806,1.5968015910846134,1.593413606449019,1.5896123942997633,1.585409455827687,1.5808161332623172,1.5758436102922815,1.5705029125242618,1.5648049079805446,1.558760307633122,1.5523796659732625,1.5456733816161545,1.538651697938974,1.531324703751693,1.523702333999097,1.5157943704937225,1.50761044267756,1.499160028413769,1.4904524548040285,1.4814968990339707,1.472302389244021,1.4628778054250233,1.4532318803370572,1.4433732004528679,1.4333102069216466,1.4230511965553205,1.412604322834909,1.4019775969359216,1.3911788887735952,1.380215928065013,1.3690963054095846,1.3578274733850435,1.346416747659191,1.3348713081173855,1.3231982000032758,1.3114043350732345,1.2994964927637511,1.2874813213711604,1.2753653392417164,1.2631549359737164,1.2508563736288352,1.2384757879532913,1.2260191896078254,1.2134924654054657,1.2009013795571377,1.1882515749244362,1.1755485742789347,1.1627977815668942,1.1500044831795435,1.1371738492285317,1.1243109348247913,1.111420681361892,1.0985079178025785,1.0855773619673528,1.0726336218259576,1.0596811967900521,1.0467244790079917,1.0337677546600617,1.0208152052541095,1.0078709089210633,0.9949388417102796,0.9820228788836971,0.969126796209423,0.9562542712532149,0.9434088846680311,0.930594121481704,0.9178133723808628,0.9050699349929232,0.8923670151638134,0.8797077282322903,0.8670951003003893,0.8545320694993848,0.8420214872509746,0.829566119523804,0.8171686480843618,0.80483167174242,0.7925577075907881,0.7803491922393277,0.768208483041974,0.7561378593179597,0.7441395235651953,0.7322156026675657,0.7203681490954068,0.7085991420972277,0.6969104888847824,0.6853040258100691,0.6737815195336907,0.662344668186563,0.6509951025209375,0.6397343870546024,0.6285640212061026,0.6174854404202392,0.6065000172855548,0.5956090626420405,0.5848138266795218,0.5741155000271192,0.5635152148323073,0.5530140458310484,0.5426130114076955,0.5323130746454012,0.522115144365614,0.5120200761590468,0.5020286734043111,0.49214168827842286,0.48235982275537026,0.4726837295949622,0.46311401332098967,0.45365123118892825,0.4442958941433517,0.43504846776329487,0.42590937319829436,0.4168789880932877,0.40795764750203034,0.3991456447905648,0.3904432325289804,0.38185062337271347,0.3733679909329908,0.36499547063584714,0.35673316057057036,0.3485811223267774,0.34053938182074717,0.3326079301102709,0.3247867241993845,0.31707568783127726,0.3094747122705712,0.3019836570738903,0.2946023508505391,0.2873305920115854,0.2801681495076309,0.27311476355640707,0.26617014635888836,0.2593339828043213,0.2526059311651352,0.24598562377991584,0.2394726677268295,0.2330666454852235,0.22676711558716534,0.22057361325818192,0.21448565104691397,0.20850271944482301,0.20262428749492756,0.19684980338990954,0.19117869505993212,0.18561037075028253,0.18014421958844196,0.17477961214075322,0.1695159009592544,0.16435242111799653,0.1592884907393568,0.1543234115108021,0.14945646919079536,0.14468693410532296,0.14001406163481533,0.13543709269117699,0.13095525418486886,0.12656775948255472,0.12227380885553885,0.11807258991831304,0.11396327805783812,0.10994503685355994,0.10601701848867151,0.1021783641518823,0.09842820443009259,0.09476565969225703,0.09118984046449441,0.08769984779655715,0.08429477361897852,0.08097370109254598,0.07773570494839532,0.07457985182014681,0.07150520056779897,0.06851080259349374,0.06559570214881205,0.06275893663439547,0.059999536891211847,0.05731652748414717,0.054708926977980354,0.05217574820591153,0.04971599853013231,0.04732868009523372,0.04501279007394032,0.04276732090625046,0.040591260530788986,0.03848359260922507,0.036443296744209874,0.03446934868992457,0.03256072055603454,0.03071638100510654,0.028935295443375253,0.02721642620588227,0.02555873273377074,0.023961171747032495,0.022422697409353987,0.02094226148818734,0.019518813508739186,0.018151300902161438,0.016838669147659857,0.015579861909429837,0.014373821167396272,0.013219487343917535,0.012115799423554563,0.011061695069088273,0.010056110731625267,0.009097981755814999,0.008186242480746841,0.00731982633556072,0.006497665930851326,0.005718693145126963,0.004981839207346184,0.004286034774452219,0.0036302100052694186,0.0030132946299659125,0.002434182439913002,0.0018917373949420835,0.0013847993566287187,0.000912189458517787,0.00047271512471525057,6.517474861311712e-05,-0.0003116379561447502,-0.000658929921314666,-0.0009779049932490125,-0.0012697604950062669,-0.0015356840684148665,-0.0017768507842106374,-0.001994420510357031,-0.0021895355233141345,-0.0023633183550941794,-0.0025168698610400497,-0.0026512674999707997,-0.0027675638133359826,-0.002866785095193336,-0.0029499302406179595,-0.0030179697634480362,-0.0030718449736468756,-0.003112467303083122,-0.0031407177723963287,-0.003157446589113988,-0.0031634728675271617,-0.0031595844633898196,-0.0031465379136648153,-0.0031250584757458455,-0.00309584025615095,-0.003059546423230586,-0.003016809496671158,-0.002968231706518054,-0.0029143854163748983,-0.0028558136044125604,-0.0027930303960488345,-0.002726521644319746,-0.0026567455511212756,-0.0025841333259677413,-0.0025090898762414326,-0.002431994526602921,-0.002353201761479795,-0.0022730419887579956,-0.0021918223189345554,-0.002109827359731753,-0.0020273200196925245,-0.0019445423203023893,-0.0018617162123177877,-0.0017790443960166158,-0.001696711140368734,-0.001614883102206477,-0.001533710140677158,-0.00145332612777338,-0.0013738497517010728,-0.001295385312516828,-0.0012180235090113456,-0.0011418422155315966,-0.0010669072480027353,-0.000993273118012894,-0.0009209837746766425,-0.0008500733334244615,-0.000780566792116133,-0.0007124807327727467,-0.0006458240098368151,-0.0005805984241078477,-0.0005167993827512873,-0.00045441654486921834,-0.0003934344532012801,-0.0003338376052965941,-0.00027561045908441884,-0.0002187374394679864,-0.00016320294389515766,-0.00010899134747432981,-5.608700945458622e-05,-4.4742779437001445e-06,4.5862503895932605e-05,9.493899335666356e-05,0.00014277084324021416,0.00018937369674176807,0.0002347631827888108,0.0002789549112662826,0.00032196446898069553,0.0003638074144305392,0.00040449927433883204,0.00044405553870774384,0.0004824916572943039,0.0005198230351197708,0.0005560650289453406,0.0005912329436910113,0.000625342028513387,0.0006584074734519163,0.0006904444060182868,0.0007214678877858205,0.000751492911092555,0.0007805343960285427,0.0008086071875936796,0.0008357260526850041,0.000861905677197683,0.000887160663864961,0.0009115055289043994,0.000934954699971513,0.0009575225134312859,0.0009792232119139044,0.0010000709423252374,0.0010200797537436301,0.0010392635950893236,0.0010576363133054656,0.0010752116513117471,0.0010920032461854134,0.0011080246273991179,0.0011232892153998364,0.0011378103199604084,0.001151601138303704,0.0011646747543068159,0.00117704413634101,0.0011887221364190736,0.0011997214887742302,0.0012100548086095841,0.0012197345912454693,0.0012287732109257377,0.0012371829197377338,0.0012449758471007044,0.0012521639988563038,0.001258759255847508,0.0012647733738049283,0.0012702179826078464,0.0012751045856020937,0.001279444559145304,0.0012832491522090095,0.0012865294858670495,0.0012892965528976674,0.0012915612173287627,0.001293334214267361,0.0012946261498996137,0.001295447500751834,0.0012958086137473401,0.0012957197064338288,0.001295190866756002,0.0012942320523166018,0.00129285309168381,0.0012910636835385958,0.0012888733971294641,0.0012862916724998286,0.0012833278203743248,0.0012799910228409317,0.0012762903333509712,0.0012722346774012294,0.0012678328525339566,0.0012630935293600487,0.0012580252513316736,0.00125263643604967,0.0012469353750361734,0.001240930234644111,0.0012346290565687923,0.0012280397584163438,0.0012211701342152992,0.0012140278552692507,0.0012066204705547534,0.0011989554079150366,0.001191039974457908,0.001182881357806309,0.0011744866262688447,0.0011658627300334956,0.0011570165018497391,0.0011479546578812005,0.0011386837985014608,0.0011292104094877686,0.001119540862418944,0.001109681415812247,0.0010996382159760287,0.0010894172982602868,0.0010790245879661597,0.001068465901369109,0.0010577469468557865,0.0010468733259472174,0.0010358505339809199,0.0010246839619298953,0.0010133788969142188,0.0010019405235652812,0.0009903739253900312,0.000978684085112036,0.0009668758866610005,0.0009549541157980457,0.0009429234619915405,0.0009307885188150067,0.0009185537855955772,0.000906223668948769,0.0008938024833469171,0.0008812944527107902,0.0008687037117169893,0.0008560343070485033,0.0008432901981336727,0.0008304752591357101,0.0008175932799758812,0.0008046479672429996,0.0007916429459555729,0.0007785817603007672,0.0007654678754533961,0.0007523046785991028,0.0007390954801280714,0.0007258435156245469,0.0007125519463215824,0.0006992238610337154,0.000685862277009619,0.0006724701416374046,0.0006590503336383335,0.0006456056644879027,0.0006321388798937733,0.0006186526609894827,0.0006051496255849997,0.0005916323296446535,0.0005781032684808451,0.0005645648782319768,0.0005510195371698501,0.000537469567007065,0.0005239172343181053,0.000510364752130954,0.0004968142808934317,0.0004832679304627163,0.0004697277607306205,0.0004561957833288943,0.00044267396287978045,0.0004291642183602562,0.00041566842452311903,0.00040218841320438514,0.000388725974744375,0.00037528285901089475,0.00036186077721822585,0.00034846140266608927,0.00033508637284285214,0.000321737290278179,0.0003084157241914909,0.0002951232115719904,0.00028186125842921683,0.00026863134138466194,0.00025543490903601196,0.0002422733830371726,0.00022914815934882427,0.00021606060954582063,0.000203012082351961,0.0001900039051179192,0.00017703738433283434,0.00016411380801173436,0.00015123444632081373,0.00013840055299851883,0.00012561336666294665,0.00011287411183502627,0.00010018400070066491,8.754312779046813e-05,7.49505957742258e-05,6.240464097118092e-05,4.990275726868276e-05,3.7441821120864915e-05,2.5018214728333987e-05,1.2627949899979285e-05,2.6679060738388216e-07,-1.2069624119703803e-05,-2.4385658150549716e-05,-3.6685555812709936e-05,-4.897331962183671e-05,-6.125258931888311e-05,-7.352651954306566e-05,-8.579765852800847e-05,-9.806782662735714e-05
